1000 1000
1 2 3 4 5 6 7 8 9 10 11 12 13 14 15 16 17 18 19 20 21 22 23 24 25 26 27 28 29 30 31 32 33 34 35 36 37 38 39 40 41 42 43 44 45 46 47 48 49 50 51 52 53 54 55 56 57 58 59 60 61 62 63 64 65 66 67 68 69 70 71 72 73 74 75 76 77 78 79 80 81 82 83 84 85 86 87 88 89 90 91 92 93 94 95 96 97 98 99 100 101 102 103 104 105 106 107 108 109 110 111 112 113 114 115 116 117 118 119 120 121 122 123 124 125 126 127 128 129 130 131 132 133 134 135 136 137 138 139 140 141 142 143 144 145 146 147 148 149 150 151 152 153 154 155 156 157 158 159 160 161 162 163 164 165 166 167 168 169 170 171 172 173 174 175 176 177 178 179 180 181 182 183 184 185 186 187 188 189 190 191 192 193 194 195 196 197 198 199 200 201 202 203 204 205 206 207 208 209 210 211 212 213 214 215 216 217 218 219 220 221 222 223 224 225 226 227 228 229 230 231 232 233 234 235 236 237 238 239 240 241 242 243 244 245 246 247 248 249 250 251 252 253 254 255 256 257 258 259 260 261 262 263 264 265 266 267 268 269 270 271 272 273 274 275 276 277 278 279 280 281 282 283 284 285 286 287 288 289 290 291 292 293 294 295 296 297 298 299 300 301 302 303 304 305 306 307 308 309 310 311 312 313 314 315 316 317 318 319 320 321 322 323 324 325 326 327 328 329 330 331 332 333 334 335 336 337 338 339 340 341 342 343 344 345 346 347 348 349 350 351 352 353 354 355 356 357 358 359 360 361 362 363 364 365 366 367 368 369 370 371 372 373 374 375 376 377 378 379 380 381 382 383 384 385 386 387 388 389 390 391 392 393 394 395 396 397 398 399 400 401 402 403 404 405 406 407 408 409 410 411 412 413 414 415 416 417 418 419 420 421 422 423 424 425 426 427 428 429 430 431 432 433 434 435 436 437 438 439 440 441 442 443 444 445 446 447 448 449 450 451 452 453 454 455 456 457 458 459 460 461 462 463 464 465 466 467 468 469 470 471 472 473 474 475 476 477 478 479 480 481 482 483 484 485 486 487 488 489 490 491 492 493 494 495 496 497 498 499 500 499 498 497 496 495 494 493 492 491 490 489 488 487 486 485 484 483 482 481 480 479 478 477 476 475 474 473 472 471 470 469 468 467 466 465 464 463 462 461 460 459 458 457 456 455 454 453 452 451 450 449 448 447 446 445 444 443 442 441 440 439 438 437 436 435 434 433 432 431 430 429 428 427 426 425 424 423 422 421 420 419 418 417 416 415 414 413 412 411 410 409 408 407 406 405 404 403 402 401 400 399 398 397 396 395 394 393 392 391 390 389 388 387 386 385 384 383 382 381 380 379 378 377 376 375 374 373 372 371 370 369 368 367 366 365 364 363 362 361 360 359 358 357 356 355 354 353 352 351 350 349 348 347 346 345 344 343 342 341 340 339 338 337 336 335 334 333 332 331 330 329 328 327 326 325 324 323 322 321 320 319 318 317 316 315 314 313 312 311 310 309 308 307 306 305 304 303 302 301 300 299 298 297 296 295 294 293 292 291 290 289 288 287 286 285 284 283 282 281 280 279 278 277 276 275 274 273 272 271 270 269 268 267 266 265 264 263 262 261 260 259 258 257 256 255 254 253 252 251 250 249 248 247 246 245 244 243 242 241 240 239 238 237 236 235 234 233 232 231 230 229 228 227 226 225 224 223 222 221 220 219 218 217 216 215 214 213 212 211 210 209 208 207 206 205 204 203 202 201 200 199 198 197 196 195 194 193 192 191 190 189 188 187 186 185 184 183 182 181 180 179 178 177 176 175 174 173 172 171 170 169 168 167 166 165 164 163 162 161 160 159 158 157 156 155 154 153 152 151 150 149 148 147 146 145 144 143 142 141 140 139 138 137 136 135 134 133 132 131 130 129 128 127 126 125 124 123 122 121 120 119 118 117 116 115 114 113 112 111 110 109 108 107 106 105 104 103 102 101 100 99 98 97 96 95 94 93 92 91 90 89 88 87 86 85 84 83 82 81 80 79 78 77 76 75 74 73 72 71 70 69 68 67 66 65 64 63 62 61 60 59 58 57 56 55 54 53 52 51 50 49 48 47 46 45 44 43 42 41 40 39 38 37 36 35 34 33 32 31 30 29 28 27 26 25 24 23 22 21 20 19 18 17 16 15 14 13 12 11 10 9 8 7 6 5 4 3 2 1 0
82 919
275 726
14 987
354 647
312 689
448 553
55 946
131 870
77 924
392 609
477 524
41 960
443 558
431 570
489 512
160 841
497 504
337 664
408 593
251 750
109 892
327 674
212 789
391 610
414 587
186 815
292 709
450 551
360 641
155 846
74 927
185 816
234 767
322 679
136 865
12 989
169 832
398 603
183 818
138 863
87 914
326 675
355 646
342 659
307 694
222 779
172 829
112 889
129 872
81 920
300 701
115 886
236 765
242 759
483 518
424 577
59 942
269 732
174 827
245 756
280 721
495 506
404 597
311 690
60 941
476 525
156 845
3 998
447 554
34 967
427 574
254 747
268 733
10 991
304 697
413 588
36 965
230 771
412 589
473 528
58 943
334 667
498 503
113 888
341 660
189 812
370 631
466 535
216 785
266 735
37 964
56 945
165 836
57 944
31 970
481 520
104 897
83 918
469 532
401 600
162 839
320 681
154 847
372 629
229 772
452 549
453 548
284 717
175 826
289 712
403 598
464 537
430 571
333 668
377 624
84 917
439 562
152 849
318 683
140 861
243 758
39 962
258 743
220 781
119 882
335 666
402 599
438 563
126 875
467 534
48 953
249 752
30 971
8 993
418 583
233 768
397 604
298 703
449 552
149 852
98 903
428 573
90 911
371 630
231 770
359 642
411 590
224 777
200 801
373 628
302 699
261 740
188 813
368 633
350 651
482 519
435 566
331 670
25 976
9 992
317 684
255 746
313 688
297 704
35 966
108 893
309 692
480 521
20 981
379 622
62 939
204 797
364 637
445 556
458 543
463 538
227 774
415 586
405 596
177 824
316 685
465 536
15 986
259 742
468 533
150 851
299 702
192 809
168 833
120 881
282 719
146 855
215 786
454 547
306 695
132 869
459 542
86 915
107 894
272 729
361 640
349 652
178 823
474 527
270 731
287 714
38 963
24 977
67 934
190 811
106 895
399 602
421 580
277 724
256 745
197 804
315 686
387 614
321 680
488 513
166 835
54 947
144 857
181 820
417 584
148 853
357 644
274 727
7 994
102 899
305 696
437 564
76 925
6 995
409 592
407 594
69 932
163 838
384 617
479 522
45 956
33 968
423 578
260 741
330 671
217 784
27 974
314 687
206 795
11 990
293 708
179 822
394 607
378 623
441 560
303 698
240 761
470 531
279 722
1 1000
250 751
49 952
73 928
365 636
225 776
151 850
130 871
475 526
23 978
433 568
264 737
336 665
338 663
456 545
79 922
288 713
171 830
478 523
388 613
26 975
198 803
209 792
167 834
376 625
43 958
367 634
425 576
396 605
362 639
46 955
346 655
71 930
72 929
128 873
29 972
389 612
22 979
319 682
383 618
369 632
235 766
246 755
491 510
442 559
366 635
457 544
159 842
139 862
205 796
5 996
263 738
122 879
116 885
471 530
451 550
44 957
182 819
63 938
78 923
374 627
96 905
285 716
4 997
232 769
124 877
105 896
262 739
196 805
390 611
51 950
344 657
147 854
400 601
125 876
40 961
455 546
487 514
88 913
16 985
199 802
208 793
142 859
193 808
386 615
332 669
176 825
114 887
195 806
486 515
323 678
202 799
201 800
239 762
419 582
434 567
164 837
42 959
499 502
353 648
308 693
97 904
2 999
278 723
329 672
358 643
343 658
461 540
61 940
267 734
123 878
141 860
32 969
92 909
191 810
265 736
324 677
194 807
214 787
429 572
446 555
91 910
276 725
283 718
271 730
121 880
348 653
99 902
248 753
111 890
301 700
490 511
253 748
247 754
345 656
237 764
238 763
410 591
281 720
117 884
103 898
85 916
64 937
393 608
484 517
252 749
157 844
310 691
286 715
296 705
110 891
347 654
211 790
328 673
295 706
133 868
244 757
75 926
221 780
184 817
440 561
218 783
68 933
462 539
496 505
382 619
203 798
241 760
52 949
380 621
422 579
100 901
381 620
432 569
134 867
94 907
493 508
135 866
118 883
340 661
291 710
19 982
228 773
460 541
472 529
101 900
18 983
363 638
325 676
137 864
339 662
356 645
500 501
180 821
17 984
351 650
210 791
420 581
187 814
47 954
273 728
294 707
352 649
80 921
89 912
226 775
494 507
257 744
66 935
13 988
436 565
207 794
127 874
406 595
375 626
223 778
158 843
219 782
426 575
50 951
21 980
70 931
290 711
213 788
444 557
385 616
65 936
492 509
93 908
395 606
161 840
416 585
143 858
145 856
28 973
153 848
173 828
53 948
485 516
170 831
95 906
204 797
40 961
376 625
467 534
92 909
291 710
474 527
469 532
500 501
165 836
114 887
227 774
347 654
284 717
240 761
330 671
420 581
21 980
39 962
424 577
419 582
422 579
153 848
499 502
123 878
159 842
30 971
231 770
427 574
217 784
208 793
432 569
300 701
41 960
325 676
491 510
417 584
324 677
195 806
194 807
438 563
488 513
453 548
433 568
264 737
197 804
43 958
331 670
79 922
44 957
189 812
465 536
141 860
412 589
370 631
69 932
156 845
457 544
393 608
287 714
297 704
1 1000
115 886
218 783
253 748
340 661
52 949
68 933
140 861
37 964
214 787
154 847
117 884
230 771
405 596
70 931
74 927
402 599
322 679
416 585
377 624
228 773
53 948
492 509
464 537
387 614
5 996
222 779
126 875
111 890
19 982
73 928
112 889
305 696
144 857
401 600
321 680
64 937
77 924
134 867
286 715
246 755
229 772
443 558
385 616
421 580
22 979
47 954
313 688
233 768
263 738
24 977
449 552
244 757
456 545
350 651
436 565
308 693
431 570
80 921
381 620
455 546
391 610
166 835
224 777
105 896
29 972
252 749
108 893
437 564
66 935
428 573
42 959
6 995
65 936
71 930
116 885
183 818
363 638
85 916
404 597
186 815
261 740
479 522
314 687
164 837
472 529
327 674
238 763
371 630
282 719
7 994
121 880
174 827
440 561
171 830
163 838
388 613
392 609
81 920
413 588
414 587
279 722
495 506
146 855
54 947
138 863
109 892
379 622
193 808
373 628
11 990
306 695
319 682
265 736
357 644
328 673
3 998
497 504
406 595
349 652
274 727
338 663
299 702
60 941
293 708
450 551
220 781
57 944
294 707
242 759
268 733
442 559
8 993
67 934
31 970
362 639
445 556
310 691
354 647
160 841
275 726
251 750
226 775
447 554
477 524
178 823
181 820
191 810
93 908
409 592
177 824
58 943
91 910
249 752
36 965
473 528
302 699
216 785
75 926
250 751
323 678
372 629
63 938
394 607
35 966
51 950
210 791
187 814
221 780
484 517
132 869
260 741
243 758
418 583
120 881
4 997
190 811
152 849
266 735
360 641
143 858
139 862
90 911
435 566
118 883
172 829
170 831
295 706
489 512
483 518
386 615
232 769
289 712
383 618
408 593
188 813
182 819
458 543
25 976
316 685
241 760
485 516
136 865
494 507
470 531
46 955
206 795
368 633
205 796
262 739
158 843
23 978
315 686
311 690
426 575
359 642
169 832
49 952
333 668
248 753
100 901
292 709
353 648
486 515
235 766
113 888
173 828
82 919
351 650
150 851
415 586
382 619
352 649
478 523
225 776
104 897
45 956
258 743
84 917
245 756
203 798
199 802
374 627
32 969
18 983
168 833
407 594
290 711
471 530
285 716
175 826
98 903
307 694
329 672
28 973
201 800
355 646
468 533
133 868
481 520
200 801
157 844
99 902
196 805
14 987
430 571
411 590
145 856
16 985
425 576
389 612
480 521
361 640
344 657
95 906
256 745
298 703
399 602
131 870
62 939
33 968
326 675
192 809
312 689
247 754
318 683
335 666
454 547
176 825
459 542
343 658
332 669
103 898
334 667
202 799
277 724
461 540
403 598
2 999
59 942
234 767
365 636
89 912
304 697
463 538
490 511
336 665
215 786
9 992
12 989
94 907
496 505
137 864
375 626
276 725
101 900
207 794
341 660
342 659
487 514
106 895
55 946
34 967
466 535
288 713
213 788
283 718
446 555
135 866
337 664
180 821
269 732
257 744
76 925
451 550
147 854
441 560
317 684
345 656
38 963
475 526
148 853
397 604
110 891
423 578
267 734
395 606
396 605
278 723
460 541
179 822
429 572
128 873
493 508
482 519
56 945
151 850
198 803
398 603
380 621
259 742
124 877
270 731
102 899
161 840
378 623
273 728
184 817
142 859
476 525
366 635
272 729
122 879
452 549
281 720
119 882
339 662
367 634
356 645
167 834
129 872
410 591
20 981
348 653
26 975
219 782
87 914
390 611
125 876
448 553
88 913
72 929
86 915
358 643
61 940
296 705
50 951
212 789
254 747
97 904
239 762
48 953
15 986
369 632
10 991
255 746
130 871
280 721
498 503
346 655
236 765
127 874
364 637
185 816
107 894
384 617
237 764
439 562
223 778
96 905
303 698
211 790
209 792
444 557
309 692
155 846
17 984
400 601
13 988
162 839
301 700
434 567
271 730
83 918
320 681
462 539
27 974
149 852
78 923
