1000 1000
1 0 1 0 1 0 1 0 1 0 1 0 1 0 1 0 1 0 1 0 1 0 1 0 1 0 1 0 1 0 1 0 1 0 1 0 1 0 1 0 1 0 1 0 1 0 1 0 1 0 1 0 1 0 1 0 1 0 1 0 1 0 1 0 1 0 1 0 1 0 1 0 1 0 1 0 1 0 1 0 1 0 1 0 1 0 1 0 1 0 1 0 1 0 1 0 1 0 1 0 1 0 1 0 1 0 1 0 1 0 1 0 1 0 1 0 1 0 1 0 1 0 1 0 1 0 1 0 1 0 1 0 1 0 1 0 1 0 1 0 1 0 1 0 1 0 1 0 1 0 1 0 1 0 1 0 1 0 1 0 1 0 1 0 1 0 1 0 1 0 1 0 1 0 1 0 1 0 1 0 1 0 1 0 1 0 1 0 1 0 1 0 1 0 1 0 1 0 1 0 1 0 1 0 1 0 1 0 1 0 1 0 1 0 1 0 1 0 1 0 1 0 1 0 1 0 1 0 1 0 1 0 1 0 1 0 1 0 1 0 1 0 1 0 1 0 1 0 1 0 1 0 1 0 1 0 1 0 1 0 1 0 1 0 1 0 1 0 1 0 1 0 1 0 1 0 1 0 1 0 1 0 1 0 1 0 1 0 1 0 1 0 1 0 1 0 1 0 1 0 1 0 1 0 1 0 1 0 1 0 1 0 1 0 1 0 1 0 1 0 1 0 1 0 1 0 1 0 1 0 1 0 1 0 1 0 1 0 1 0 1 0 1 0 1 0 1 0 1 0 1 0 1 0 1 0 1 0 1 0 1 0 1 0 1 0 1 0 1 0 1 0 1 0 1 0 1 0 1 0 1 0 1 0 1 0 1 0 1 0 1 0 1 0 1 0 1 0 1 0 1 0 1 0 1 0 1 0 1 0 1 0 1 0 1 0 1 0 1 0 1 0 1 0 1 0 1 0 1 0 1 0 1 0 1 0 1 0 1 0 1 0 1 0 1 0 1 0 1 0 1 0 1 0 1 0 1 0 1 0 1 0 1 0 1 0 1 0 1 0 1 0 1 0 1 0 1 0 1 0 1 0 1 0 1 0 1 0 1 0 1 0 1 0 1 0 1 0 1 0 1 0 1 0 1 0 1 0 1 0 1 0 1 0 1 0 1 0 1 0 1 0 1 0 1 0 1 0 1 0 1 0 1 0 1 0 1 0 1 0 1 0 1 0 1 0 1 0 1 0 1 0 1 0 1 0 1 0 1 0 1 0 1 0 1 0 1 0 1 0 1 0 1 0 1 0 1 0 1 0 1 0 1 0 1 0 1 0 1 0 1 0 1 0 1 0 1 0 1 0 1 0 1 0 1 0 1 0 1 0 1 0 1 0 1 0 1 0 1 0 1 0 1 0 1 0 1 0 1 0 1 0 1 0 1 0 1 0 1 0 1 0 1 0 1 0 1 0 1 0 1 0 1 0 1 0 1 0 1 0 1 0 1 0 1 0 1 0 1 0 1 0 1 0 1 0 1 0 1 0 1 0 1 0 1 0 1 0 1 0 1 0 1 0 1 0 1 0 1 0 1 0 1 0 1 0 1 0 1 0 1 0 1 0 1 0 1 0 1 0 1 0 1 0 1 0 1 0 1 0 1 0 1 0 1 0 1 0 1 0 1 0 1 0 1 0 1 0 1 0 1 0 1 0 1 0 1 0 1 0 1 0 1 0 1 0 1 0 1 0 1 0 1 0 1 0 1 0 1 0 1 0 1 0 1 0 1 0 1 0 1 0 1 0 1 0 1 0 1 0 1 0 1 0 1 0 1 0 1 0 1 0 1 0 1 0 1 0 1 0 1 0 1 0 1 0 1 0 1 0 1 0 1 0 1 0 1 0 1 0 1 0 1 0 1 0 1 0 1 0 1 0 1 0 1 0 1 0 1 0 1 0 1 0 1 0 1 0 1 0 1 0 1 0 1 0 1 0 1 0 1 0 1 0 1 0 1 0 1 0 1 0 1 0 1 0 1 0 1 0 1 0 1 0 1 0 1 0 1 0 1 0 1 0 1 0 1 0 1 0 1 0 1 0 1 0 1 0 1 0 1 0 1 0 1 0 1 0 1 0 1 0 1 0 1 0 1 0 1 0 1 0 1 0 1 0 1 0 1 0 1 0 1 0 1 0 1 0 1 0 1 0 1 0 1 0 1 0 1 0 1 0 1 0 1 0 1 0 1 0 1 0 1 0 1 0 1 0 1 0
669 670
59 60
651 652
715 716
635 636
667 668
783 784
15 16
57 58
953 954
835 836
917 918
155 156
311 312
19 20
961 962
103 104
353 354
253 254
151 152
705 706
431 432
763 764
281 282
415 416
349 350
369 370
459 460
187 188
553 554
403 404
167 168
81 82
897 898
813 814
517 518
105 106
269 270
259 260
747 748
547 548
795 796
849 850
461 462
451 452
327 328
815 816
165 166
371 372
411 412
969 970
495 496
265 266
137 138
839 840
999 1000
987 988
567 568
939 940
285 286
597 598
139 140
785 786
67 68
745 746
391 392
965 966
395 396
925 926
543 544
911 912
589 590
847 848
11 12
611 612
639 640
65 66
571 572
583 584
569 570
531 532
213 214
937 938
7 8
63 64
707 708
275 276
115 116
91 92
733 734
767 768
365 366
759 760
435 436
507 508
453 454
979 980
447 448
293 294
175 176
457 458
455 456
683 684
373 374
945 946
681 682
771 772
441 442
699 700
313 314
161 162
949 950
959 960
37 38
585 586
575 576
133 134
147 148
621 622
389 390
875 876
221 222
637 638
725 726
409 410
135 136
189 190
475 476
805 806
671 672
601 602
599 600
593 594
697 698
319 320
787 788
367 368
623 624
877 878
343 344
129 130
417 418
297 298
743 744
691 692
529 530
449 450
523 524
75 76
957 958
537 538
157 158
977 978
751 752
197 198
645 646
493 494
827 828
797 798
929 930
903 904
919 920
257 258
829 830
991 992
889 890
357 358
39 40
695 696
239 240
605 606
607 608
53 54
131 132
901 902
227 228
985 986
719 720
837 838
941 942
741 742
755 756
421 422
647 648
885 886
967 968
427 428
643 644
703 704
497 498
361 362
995 996
687 688
679 680
579 580
89 90
873 874
407 408
209 210
335 336
143 144
729 730
963 964
463 464
915 916
521 522
219 220
231 232
803 804
469 470
641 642
289 290
881 882
85 86
739 740
713 714
933 934
99 100
397 398
823 824
201 202
51 52
657 658
921 922
33 34
387 388
465 466
423 424
29 30
555 556
355 356
749 750
761 762
9 10
625 626
111 112
629 630
615 616
561 562
127 128
773 774
25 26
43 44
291 292
399 400
775 776
723 724
437 438
863 864
303 304
69 70
791 792
341 342
315 316
505 506
483 484
541 542
563 564
467 468
121 122
989 990
419 420
789 790
973 974
445 446
499 500
857 858
799 800
405 406
557 558
247 248
359 360
385 386
429 430
101 102
515 516
527 528
591 592
559 560
305 306
511 512
765 766
255 256
907 908
229 230
73 74
299 300
793 794
609 610
179 180
149 150
23 24
753 754
673 674
207 208
565 566
869 870
113 114
975 976
871 872
487 488
17 18
307 308
819 820
379 380
109 110
853 854
665 666
927 928
117 118
549 550
951 952
731 732
185 186
491 492
831 832
351 352
47 48
533 534
163 164
425 426
171 172
479 480
809 810
659 660
551 552
41 42
545 546
675 676
923 924
855 856
153 154
737 738
223 224
433 434
243 244
909 910
283 284
249 250
181 182
195 196
375 376
119 120
899 900
689 690
5 6
931 932
325 326
947 948
509 510
887 888
595 596
701 702
801 802
473 474
845 846
439 440
295 296
123 124
535 536
79 80
3 4
735 736
203 204
485 486
177 178
633 634
317 318
833 834
381 382
225 226
993 994
501 502
817 818
971 972
859 860
935 936
471 472
83 84
489 490
653 654
377 378
777 778
503 504
807 808
401 402
363 364
861 862
71 72
843 844
383 384
477 478
273 274
893 894
191 192
337 338
13 14
721 722
627 628
717 718
97 98
61 62
169 170
263 264
617 618
345 346
481 482
663 664
45 46
267 268
573 574
779 780
711 712
107 108
199 200
21 22
883 884
581 582
619 620
891 892
333 334
851 852
943 944
331 332
193 194
301 302
757 758
955 956
309 310
347 348
159 160
87 88
519 520
895 896
685 686
603 604
27 28
237 238
983 984
233 234
217 218
781 782
279 280
183 184
173 174
841 842
145 146
321 322
587 588
323 324
31 32
1 2
631 632
287 288
913 914
215 216
577 578
235 236
821 822
261 262
35 36
693 694
879 880
95 96
271 272
865 866
393 394
867 868
649 650
251 252
997 998
339 340
55 56
141 142
77 78
413 414
709 710
443 444
93 94
661 662
513 514
613 614
525 526
211 212
329 330
981 982
769 770
245 246
655 656
539 540
811 812
727 728
125 126
825 826
241 242
49 50
205 206
677 678
905 906
277 278
437 438
229 230
315 316
231 232
599 600
849 850
137 138
405 406
679 680
921 922
267 268
319 320
533 534
407 408
43 44
51 52
989 990
413 414
705 706
693 694
291 292
31 32
269 270
835 836
429 430
497 498
385 386
903 904
325 326
885 886
541 542
751 752
589 590
755 756
731 732
423 424
409 410
85 86
581 582
595 596
1 2
217 218
947 948
969 970
447 448
495 496
521 522
219 220
171 172
781 782
293 294
575 576
327 328
465 466
377 378
433 434
831 832
583 584
355 356
659 660
683 684
123 124
41 42
431 432
435 436
129 130
889 890
103 104
371 372
737 738
99 100
37 38
383 384
347 348
277 278
323 324
213 214
73 74
359 360
789 790
749 750
455 456
963 964
653 654
629 630
927 928
379 380
491 492
313 314
955 956
357 358
585 586
959 960
837 838
613 614
237 238
805 806
617 618
27 28
991 992
671 672
917 918
741 742
341 342
203 204
937 938
891 892
439 440
113 114
723 724
821 822
721 722
415 416
257 258
297 298
199 200
773 774
253 254
295 296
551 552
765 766
89 90
485 486
481 482
169 170
71 72
339 340
421 422
83 84
381 382
931 932
483 484
445 446
353 354
391 392
621 622
875 876
857 858
747 748
651 652
669 670
145 146
739 740
851 852
597 598
643 644
511 512
823 824
5 6
389 390
67 68
285 286
365 366
167 168
503 504
907 908
299 300
905 906
939 940
191 192
661 662
799 800
641 642
517 518
65 66
957 958
567 568
95 96
309 310
215 216
331 332
769 770
601 602
101 102
227 228
987 988
965 966
899 900
725 726
711 712
569 570
493 494
771 772
909 910
993 994
45 46
807 808
615 616
141 142
967 968
501 502
387 388
525 526
867 868
373 374
925 926
757 758
463 464
999 1000
337 338
317 318
555 556
543 544
81 82
923 924
127 128
975 976
329 330
933 934
869 870
143 144
775 776
667 668
117 118
179 180
847 848
675 676
35 36
713 714
609 610
561 562
363 364
663 664
197 198
843 844
611 612
745 746
549 550
235 236
335 336
155 156
841 842
735 736
153 154
133 134
175 176
951 952
949 950
995 996
529 530
681 682
777 778
727 728
15 16
403 404
539 540
953 954
449 450
287 288
187 188
17 18
833 834
697 698
545 546
487 488
121 122
649 650
871 872
149 150
151 152
687 688
603 604
877 878
945 946
57 58
47 48
289 290
873 874
895 896
787 788
633 634
13 14
623 624
369 370
935 936
883 884
209 210
201 202
531 532
265 266
311 312
971 972
929 930
185 186
839 840
559 560
827 828
135 136
703 704
283 284
941 942
91 92
393 394
845 846
985 986
461 462
211 212
225 226
817 818
553 554
425 426
53 54
69 70
207 208
23 24
375 376
205 206
977 978
469 470
419 420
467 468
729 730
59 60
3 4
33 34
75 76
241 242
343 344
61 62
281 282
301 302
519 520
411 412
321 322
961 962
605 606
791 792
473 474
537 538
913 914
77 78
981 982
535 536
707 708
915 916
49 50
853 854
125 126
109 110
859 860
87 88
177 178
645 646
395 396
579 580
811 812
879 880
631 632
183 184
715 716
63 64
349 350
593 594
107 108
7 8
479 480
427 428
471 472
677 678
195 196
709 710
855 856
911 912
587 588
351 352
763 764
451 452
147 148
819 820
897 898
665 666
625 626
161 162
783 784
547 548
893 894
21 22
691 692
673 674
193 194
943 944
115 116
523 524
767 768
809 810
401 402
785 786
271 272
979 980
305 306
557 558
997 998
189 190
619 620
505 506
243 244
55 56
647 648
655 656
249 250
279 280
417 418
457 458
507 508
239 240
527 528
93 94
251 252
753 754
247 248
367 368
459 460
973 974
25 26
475 476
563 564
509 510
829 830
801 802
515 516
245 246
453 454
39 40
345 346
743 744
717 718
221 222
685 686
983 984
477 478
173 174
105 106
627 628
793 794
163 164
815 816
887 888
443 444
865 866
803 804
813 814
779 780
489 490
263 264
275 276
695 696
571 572
399 400
273 274
861 862
131 132
97 98
795 796
825 826
9 10
397 398
159 160
919 920
233 234
797 798
657 658
701 702
607 608
361 362
499 500
565 566
759 760
303 304
157 158
139 140
689 690
573 574
29 30
733 734
577 578
181 182
637 638
863 864
307 308
333 334
591 592
261 262
881 882
259 260
19 20
11 12
111 112
699 700
719 720
639 640
223 224
79 80
635 636
441 442
761 762
119 120
165 166
901 902
255 256
513 514
