1000 1000
1 2 3 4 5 6 7 8 7 8 7 6 7 8 7 8 7 6 5 6 7 8 7 8 7 6 7 8 7 8 7 6 5 4 5 6 7 8 7 8 7 6 7 8 7 8 7 6 5 6 7 8 7 8 7 6 7 8 7 8 7 6 5 4 3 4 5 6 7 8 7 8 7 6 7 8 7 8 7 6 5 6 7 8 7 8 7 6 7 8 7 8 7 6 5 4 5 6 7 8 7 8 7 6 7 8 7 8 7 6 5 6 7 8 7 8 7 6 7 8 7 8 7 6 5 4 3 2 3 4 5 6 7 8 7 8 7 6 7 8 7 8 7 6 5 6 7 8 7 8 7 6 7 8 7 8 7 6 5 4 5 6 7 8 7 8 7 6 7 8 7 8 7 6 5 6 7 8 7 8 7 6 7 8 7 8 7 6 5 4 3 4 5 6 7 8 7 8 7 6 7 8 7 8 7 6 5 6 7 8 7 8 7 6 7 8 7 8 7 6 5 4 5 6 7 8 7 8 7 6 7 8 7 8 7 6 5 6 7 8 7 8 7 6 7 8 7 8 7 6 5 4 3 2 1 2 3 4 5 6 7 8 7 8 7 6 7 8 7 8 7 6 5 6 7 8 7 8 7 6 7 8 7 8 7 6 5 4 5 6 7 8 7 8 7 6 7 8 7 8 7 6 5 6 7 8 7 8 7 6 7 8 7 8 7 6 5 4 3 4 5 6 7 8 7 8 7 6 7 8 7 8 7 6 5 6 7 8 7 8 7 6 7 8 7 8 7 6 5 4 5 6 7 8 7 8 7 6 7 8 7 8 7 6 5 6 7 8 7 8 7 6 7 8 7 8 7 6 5 4 3 2 3 4 5 6 7 8 7 8 7 6 7 8 7 8 7 6 5 6 7 8 7 8 7 6 7 8 7 8 7 6 5 4 5 6 7 8 7 8 7 6 7 8 7 8 7 6 5 6 7 8 7 8 7 6 7 8 7 8 7 6 5 4 3 4 5 6 7 8 7 8 7 6 7 8 7 8 7 6 5 6 7 8 7 8 7 6 7 8 7 8 7 6 5 4 5 6 7 8 7 8 7 6 7 8 7 8 7 6 5 6 7 8 7 8 7 6 7 8 7 8 7 6 5 4 3 2 1 0 1 2 3 4 5 6 7 8 7 8 7 6 7 8 7 8 7 6 5 6 7 8 7 8 7 6 7 8 7 8 7 6 5 4 5 6 7 8 7 8 7 6 7 8 7 8 7 6 5 6 7 8 7 8 7 6 7 8 7 8 7 6 5 4 3 4 5 6 7 8 7 8 7 6 7 8 7 8 7 6 5 6 7 8 7 8 7 6 7 8 7 8 7 6 5 4 5 6 7 8 7 8 7 6 7 8 7 8 7 6 5 6 7 8 7 8 7 6 7 8 7 8 7 6 5 4 3 2 3 4 5 6 7 8 7 8 7 6 7 8 7 8 7 6 5 6 7 8 7 8 7 6 7 8 7 8 7 6 5 4 5 6 7 8 7 8 7 6 7 8 7 8 7 6 5 6 7 8 7 8 7 6 7 8 7 8 7 6 5 4 3 4 5 6 7 8 7 8 7 6 7 8 7 8 7 6 5 6 7 8 7 8 7 6 7 8 7 8 7 6 5 4 5 6 7 8 7 8 7 6 7 8 7 8 7 6 5 6 7 8 7 8 7 6 7 8 7 8 7 6 5 4 3 2 1 2 3 4 5 6 7 8 7 8 7 6 7 8 7 8 7 6 5 6 7 8 7 8 7 6 7 8 7 8 7 6 5 4 5 6 7 8 7 8 7 6 7 8 7 8 7 6 5 6 7 8 7 8 7 6 7 8 7 8 7 6 5 4 3 4 5 6 7 8 7 8 7 6 7 8 7 8 7 6 5 6 7 8 7 8 7 6 7 8 7 8 7 6 5 4 5 6 7 8 7 8 7 6 7 8 7 8 7 6 5 6 7 8 7 8 7 6 7 8 7 8 7 6 5 4 3 2 3 4 5 6 7 8 7 8 7 6 7 8 7 8 7 6 5 6 7 8 7 8 7 6 7 8 7 8 7 6 5 4 5 6 7 8 7 8 7 6 7 8 7 8 7 6 5 6 7 8 7 8 7 6 7 8 7 8 7 6 5 4 3 4 5 6 7 8 7 8 7 6 7 8 7 8 7 6 5 6 7 8 7 8 7 6 7 6 5 4 5 6 7 6 7 6 5 6 7 6 7 6 5 4 3 2 1 0
340 341
568 569
785 790
312 313
886 887
600 601
76 77
560 573
960 961
231 236
133 138
511 1000
83 88
131 160
898 899
537 542
784 797
679 684
794 795
534 535
650 651
376 377
831 860
660 661
741 746
223 252
184 185
102 103
311 316
201 206
407 412
884 885
50 63
238 251
903 908
69 74
456 457
768 829
469 474
20 33
300 301
934 935
305 310
294 295
163 168
847 852
840 841
54 55
646 647
482 483
218 219
928 929
486 487
351 380
268 269
708 709
524 525
755 760
330 331
959 964
44 45
990 995
420 421
694 695
816 817
663 668
437 442
550 551
129 254
532 533
130 191
538 539
52 53
40 41
682 683
493 498
594 595
447 476
462 475
958 971
291 296
384 445
396 397
766 999
777 782
530 543
78 79
561 566
848 849
198 199
854 855
424 425
973 978
426 427
431 436
400 413
652 653
161 190
28 29
337 342
649 654
722 723
394 395
502 503
580 581
43 48
210 211
479 484
82 95
480 481
788 789
232 233
834 835
368 369
274 287
846 859
553 558
512 765
596 597
974 975
626 627
66 127
215 220
258 319
256 509
488 489
688 689
622 635
343 348
36 49
193 222
839 844
136 137
749 754
800 813
100 101
30 31
60 61
936 937
985 986
517 522
993 994
933 938
758 759
367 372
448 461
920 921
416 429
657 662
516 529
122 123
733 762
150 151
455 460
261 266
415 444
113 118
767 892
520 521
642 655
514 575
690 691
2 255
308 309
850 851
147 152
140 141
494 495
304 317
579 584
883 888
714 715
84 85
719 724
842 843
90 91
166 167
718 731
262 263
51 56
485 490
526 527
1 510
178 179
750 751
404 405
966 967
438 439
3 128
320 381
979 980
116 117
6 19
676 677
67 96
98 111
360 361
332 333
119 124
726 727
267 272
276 277
801 806
639 764
725 730
284 285
216 217
808 809
99 104
894 955
623 628
306 307
771 776
821 826
896 909
876 889
866 867
734 747
478 491
496 497
893 998
156 157
170 171
545 574
856 857
408 409
432 433
870 871
281 286
711 716
735 740
390 391
703 732
680 681
930 931
556 557
386 399
70 71
387 392
270 271
602 603
275 280
195 200
877 882
423 428
466 467
68 81
499 504
712 713
965 970
418 419
450 451
183 188
92 93
912 913
146 159
75 80
106 107
880 881
756 757
89 94
941 946
780 781
772 773
818 819
245 250
644 645
176 189
609 614
770 783
900 901
470 471
353 358
664 665
546 559
686 699
177 182
97 126
564 565
531 536
615 620
607 636
257 382
114 115
987 988
910 923
322 335
472 473
687 692
658 659
810 811
37 42
108 109
225 230
22 23
46 47
830 891
38 39
35 64
259 288
289 318
588 589
362 363
926 939
814 827
242 243
212 213
246 247
297 302
180 181
228 229
234 235
352 365
359 364
554 555
13 18
612 613
383 508
804 805
449 454
500 501
853 858
154 155
918 919
282 283
608 621
562 563
791 796
833 838
458 459
863 868
477 506
385 414
925 954
10 11
402 403
911 916
983 996
696 697
957 982
895 924
976 977
224 237
410 411
208 221
209 214
324 325
7 12
298 299
618 619
944 945
752 753
240 241
417 422
822 823
704 717
14 15
162 175
656 669
624 625
799 828
354 355
239 244
599 604
807 812
547 552
24 25
720 721
577 606
202 203
452 453
164 165
786 787
112 125
523 528
370 371
5 34
972 981
132 145
373 378
742 743
16 17
172 173
610 611
592 605
643 648
674 675
567 572
630 631
940 953
984 989
948 949
120 121
962 963
774 775
947 952
616 617
323 328
640 701
778 779
869 874
956 997
744 745
815 820
824 825
142 143
861 890
192 253
72 73
169 174
57 62
991 992
629 634
897 902
105 110
968 969
693 698
864 865
585 590
401 406
434 435
329 334
802 803
872 873
927 932
738 739
314 315
139 144
463 468
862 875
148 149
196 197
278 279
513 638
336 349
548 549
515 544
134 135
632 633
264 265
942 943
540 541
705 710
518 519
492 505
792 793
672 685
153 158
570 571
326 327
226 227
356 357
344 345
4 65
586 587
673 678
290 303
292 293
27 32
446 507
58 59
917 922
832 845
769 798
346 347
86 87
728 729
388 389
393 398
706 707
430 443
836 837
248 249
204 205
440 441
906 907
914 915
576 637
260 273
702 763
8 9
878 879
321 350
593 598
671 700
21 26
186 187
904 905
578 591
736 737
194 207
748 761
374 375
666 667
464 465
366 379
950 951
641 670
582 583
338 339
437 442
76 77
568 569
193 222
147 152
926 939
513 638
941 946
532 533
643 648
370 371
972 981
657 662
585 590
194 207
112 125
548 549
492 505
848 849
818 819
215 220
735 740
816 817
546 559
360 361
169 174
209 214
99 104
154 155
46 47
180 181
966 967
663 668
452 453
38 39
771 776
156 157
282 283
294 295
336 349
944 945
927 932
666 667
632 633
897 902
802 803
82 95
75 80
861 890
116 117
256 509
113 118
925 954
814 827
656 669
556 557
102 103
184 185
401 406
210 211
602 603
480 481
418 419
815 820
356 357
340 341
582 583
306 307
479 484
840 841
394 395
615 620
990 995
8 9
822 823
105 110
854 855
623 628
831 860
940 953
896 909
431 436
463 468
373 378
274 287
780 781
704 717
393 398
664 665
821 826
385 414
646 647
92 93
108 109
588 589
738 739
766 999
311 316
238 251
642 655
708 709
791 796
514 575
808 809
612 613
847 852
346 347
725 730
639 764
853 858
832 845
139 144
673 678
608 621
16 17
561 566
462 475
862 875
784 797
650 651
918 919
596 597
477 506
880 881
323 328
991 992
10 11
196 197
240 241
974 975
652 653
314 315
884 885
616 617
517 522
500 501
842 843
119 124
956 997
770 783
248 249
86 87
904 905
353 358
580 581
322 335
36 49
466 467
671 700
402 403
198 199
368 369
374 375
305 310
258 319
672 685
178 179
792 793
224 237
518 519
706 707
768 829
400 413
748 761
338 339
153 158
644 645
911 916
440 441
132 145
354 355
934 935
720 721
289 318
686 699
877 882
43 48
752 753
278 279
20 33
594 595
660 661
150 151
516 529
24 25
496 497
438 439
50 63
290 303
261 266
756 757
744 745
60 61
486 487
973 978
166 167
456 457
208 221
722 723
320 381
470 471
172 173
749 754
22 23
607 636
703 732
917 922
547 552
312 313
66 127
14 15
332 333
78 79
464 465
3 128
264 265
960 961
70 71
736 737
726 727
329 334
592 605
600 601
57 62
276 277
930 931
231 236
291 296
30 31
426 427
976 977
772 773
983 996
383 508
948 949
799 828
711 716
898 899
906 907
531 536
987 988
284 285
54 55
750 751
515 544
234 235
298 299
343 348
520 521
164 165
947 952
833 838
767 892
912 913
28 29
801 806
388 389
142 143
985 986
599 604
367 372
226 227
292 293
51 56
834 835
216 217
864 865
718 731
114 115
869 874
755 760
69 74
526 527
562 563
914 915
122 123
13 18
564 565
362 363
579 584
538 539
90 91
44 45
957 982
352 365
98 111
778 779
499 504
485 490
420 421
895 924
163 168
267 272
719 724
863 868
629 634
560 573
195 200
788 789
387 392
712 713
268 269
537 542
577 606
225 230
417 422
576 637
786 787
228 229
52 53
68 81
734 747
696 697
936 937
846 859
979 980
472 473
337 342
883 888
366 379
502 503
242 243
450 451
800 813
676 677
212 213
742 743
870 871
415 444
622 635
777 782
694 695
959 964
37 42
679 684
758 759
593 598
239 244
649 654
262 263
100 101
933 938
35 64
97 126
192 253
270 271
958 971
396 397
984 989
850 851
680 681
968 969
446 507
570 571
260 273
733 762
384 445
950 951
741 746
416 429
794 795
630 631
878 879
609 614
161 190
447 476
177 182
376 377
674 675
586 587
201 206
204 205
83 88
830 891
641 670
4 65
245 250
626 627
610 611
148 149
714 715
120 121
134 135
494 495
640 701
232 233
281 286
493 498
300 301
886 887
900 901
183 188
872 873
27 32
6 19
876 889
5 34
534 535
804 805
202 203
688 689
223 252
856 857
330 331
545 574
567 572
430 443
455 460
993 994
893 998
257 382
106 107
218 219
407 412
130 191
618 619
866 867
40 41
523 528
624 625
176 189
146 159
511 1000
839 844
67 96
308 309
785 790
186 187
131 160
170 171
693 698
530 543
702 763
2 255
942 943
769 798
140 141
246 247
774 775
578 591
482 483
321 350
705 710
488 489
540 541
432 433
810 811
687 692
524 525
658 659
553 558
259 288
910 923
386 399
424 425
410 411
903 908
84 85
297 302
962 963
390 391
423 428
448 461
351 380
408 409
324 325
512 765
359 364
682 683
133 138
1 510
89 94
434 435
458 459
550 551
920 921
58 59
344 345
72 73
928 929
836 837
129 254
7 12
404 405
136 137
304 317
478 491
469 474
965 970
728 729
894 955
326 327
690 691
21 26
162 175
807 812
554 555
275 280
449 454
824 825
