1000 1000
1 2 3 4 5 6 7 6 5 4 3 4 5 6 5 6 5 6 5 6 5 4 5 4 5 4 3 4 5 6 7 8 9 10 9 8 7 8 9 8 7 6 7 8 9 10 9 8 7 8 9 8 7 6 7 6 7 8 9 8 9 8 9 8 7 8 9 8 7 6 7 6 5 6 7 8 7 6 7 6 5 4 5 4 5 6 5 6 7 8 7 8 9 8 7 6 5 4 5 6 7 6 5 6 7 6 5 4 5 6 7 8 7 6 7 8 9 8 7 6 5 6 5 4 5 6 5 4 5 4 5 4 5 4 3 4 5 6 5 6 5 6 5 4 5 6 5 6 7 6 5 4 5 4 3 4 5 4 3 4 5 4 5 4 3 4 3 2 3 4 5 4 5 6 7 6 5 4 3 4 5 6 5 6 5 6 7 6 5 4 5 6 7 8 7 6 5 6 5 6 5 4 5 6 7 8 9 8 7 6 7 6 5 4 3 4 5 4 3 4 5 4 3 2 3 4 5 6 7 8 7 8 7 6 5 6 5 4 5 6 7 6 5 4 3 4 5 4 5 4 5 4 3 4 5 6 5 6 7 6 7 6 5 6 7 6 5 6 5 4 3 4 5 6 7 6 5 6 5 4 3 4 5 6 7 6 7 6 5 4 5 4 5 6 5 4 5 4 3 2 3 4 5 4 3 2 3 4 3 2 3 4 5 4 3 4 5 6 5 4 5 6 5 6 5 4 3 2 3 4 5 6 5 4 3 4 3 2 3 4 3 2 3 2 1 2 3 4 5 6 7 8 7 6 5 6 5 4 3 4 3 4 3 2 3 4 5 4 5 4 3 4 3 4 3 4 3 2 3 4 3 2 1 2 3 4 3 2 3 2 1 2 3 4 5 6 7 8 7 6 5 4 5 6 7 8 9 8 7 8 7 8 7 8 7 6 7 6 5 6 5 4 3 4 5 6 7 6 5 6 7 8 7 8 7 6 7 6 7 8 7 6 7 6 5 6 5 4 5 4 5 4 3 4 5 4 3 4 5 6 5 4 3 4 5 6 5 4 3 2 1 2 3 4 5 4 3 2 3 2 1 2 1 2 3 2 1 2 3 4 5 4 5 4 3 4 3 2 1 2 1 0 1 2 3 2 3 4 5 6 7 8 9 10 9 10 9 10 9 8 7 6 5 6 5 4 5 4 3 4 3 2 3 4 3 4 3 2 1 2 1 2 1 2 1 2 1 2 1 2 1 0 1 2 3 4 5 6 5 4 5 6 7 6 5 6 5 4 3 4 5 4 5 4 5 6 5 4 5 6 5 4 5 4 3 4 5 4 3 4 5 6 5 4 5 4 3 2 3 2 3 2 3 2 1 2 3 4 5 6 5 6 7 8 9 10 9 8 7 8 9 8 9 8 9 8 7 6 7 6 7 8 7 6 7 8 7 8 9 10 9 8 7 6 7 8 7 6 5 6 5 6 5 4 5 6 7 6 5 4 5 6 7 6 7 6 5 4 5 4 5 6 5 4 3 4 5 6 7 8 7 8 7 8 9 8 9 8 7 8 7 6 7 8 9 8 7 6 5 4 5 6 5 4 3 4 3 4 5 4 5 4 3 2 3 4 5 6 7 6 5 6 5 4 5 4 3 4 5 4 5 6 5 4 5 4 3 4 5 4 5 4 3 4 5 6 7 6 5 6 5 6 7 6 5 6 5 6 5 6 5 4 5 4 5 6 5 4 5 4 5 6 5 4 3 2 3 4 5 4 3 4 5 6 7 6 5 6 7 6 5 4 5 4 5 6 5 4 5 4 3 4 5 4 5 4 3 4 5 4 3 2 3 4 5 6 5 4 3 2 1 2 3 4 5 4 3 4 3 4 3 4 3 2 3 4 5 6 5 4 5 4 3 2 3 4 5 6 7 8 7 8 9 8 7 6 7 8 7 6 5 4 5 4 3 4 3 4 3 2 3 4 5 6 5 4 3 4 5 6 5 6 5 4 5 4 5 6 5 6 5 4 3 2 3 4 5 4 3 4 3 2 3 4 3 2 3 2 1 2 3 2 3 2 3 2 1 2 3 2 3 2 3 4 3 2 1 2 3 4 3 4 3 2 3 4 3 2 1 2 3 4 5 4 5 4 5 4 5 4 3 4 3 2 3 4 5 4 3 4 5 4 3 4 3 2 3 4 5 4 3 2 3 4 3 2 1 2 1 0 1 2 3 4 5 4 3 2 1 0 1 2 1 0 1 2 3 2 1 0
109 124
941 954
837 840
192 197
161 162
110 121
930 931
205 210
603 604
366 371
14 15
608 675
631 634
929 934
943 944
516 517
273 280
601 602
50 53
67 68
187 188
507 532
291 292
264 267
246 253
182 183
949 950
591 594
878 893
563 564
170 179
308 309
427 428
350 355
887 892
406 409
687 688
942 951
613 628
536 537
90 91
662 667
138 139
460 461
656 659
254 271
184 185
63 64
160 165
814 819
31 42
425 448
518 519
287 288
960 963
307 310
678 699
265 266
356 357
849 856
116 119
126 127
945 946
957 958
546 547
301 306
346 383
661 668
919 920
796 797
171 172
885 886
669 670
32 37
142 143
717 724
871 894
175 176
3 168
112 113
616 617
996 999
719 720
283 290
716 727
709 710
332 333
25 26
86 87
166 167
412 413
725 726
799 800
722 723
556 569
747 748
690 691
157 158
13 22
220 223
928 939
33 36
261 262
508 529
766 767
55 56
873 876
968 971
247 248
621 622
404 419
750 751
449 450
599 600
28 135
303 304
640 641
985 986
533 538
396 401
530 531
809 810
512 521
615 618
729 730
101 102
997 998
795 798
708 713
614 619
657 658
890 891
384 391
566 567
897 898
808 811
850 851
216 219
874 875
853 854
362 363
785 786
5 10
921 922
904 905
57 70
832 833
318 319
451 452
293 296
575 578
59 60
609 654
349 358
623 624
672 673
900 901
924 925
137 144
140 141
490 495
527 528
284 289
940 977
982 989
369 370
571 572
493 494
38 41
79 80
583 584
882 883
991 994
374 375
645 648
896 899
741 742
29 82
6 9
443 444
473 478
888 889
225 300
961 962
606 821
848 861
45 48
99 108
663 664
230 231
7 8
491 492
772 773
510 523
330 335
590 597
587 588
239 244
367 368
739 740
760 761
745 762
484 487
646 647
735 736
322 323
89 96
783 792
505 506
868 869
426 429
918 927
439 442
398 399
321 326
169 224
822 909
274 277
576 577
956 959
228 235
458 463
272 281
513 520
395 402
255 270
485 486
509 526
424 453
805 806
967 972
75 78
410 411
71 72
153 154
115 120
995 1000
815 818
823 834
955 966
420 421
16 17
464 469
311 328
824 827
915 916
694 697
181 190
557 560
278 279
372 373
793 794
550 551
802 807
879 884
974 975
911 912
835 844
193 196
782 801
932 933
830 831
718 721
635 644
163 164
240 243
504 539
12 27
317 320
778 781
329 338
978 979
466 467
403 422
297 298
715 776
540 541
489 498
632 633
638 643
285 286
728 737
753 754
858 859
825 826
580 581
380 381
765 768
316 327
936 937
313 314
379 382
570 585
636 637
347 364
586 589
964 965
465 468
18 19
331 334
340 341
514 515
639 642
2 345
706 707
23 24
146 147
430 445
779 780
676 705
30 73
312 315
376 377
66 69
813 820
156 159
863 864
475 476
393 470
482 483
186 189
866 867
351 354
129 130
431 436
947 948
880 881
104 107
256 257
294 295
211 212
789 790
302 305
758 759
440 441
221 222
680 681
365 378
229 234
684 689
562 565
145 152
555 598
503 552
671 674
816 817
174 177
4 11
251 252
360 361
788 791
474 477
625 626
693 698
83 84
969 970
446 447
650 651
620 627
847 862
803 804
389 390
268 269
432 433
907 908
935 938
752 755
198 199
74 81
579 582
131 132
592 593
241 242
828 829
394 423
111 114
397 400
194 195
455 456
282 299
148 151
553 980
122 123
385 388
845 870
88 97
39 40
524 525
857 860
903 906
872 877
454 457
984 987
769 770
58 65
612 649
226 245
711 712
695 696
44 49
125 128
405 416
414 415
732 733
479 480
554 605
227 238
200 201
595 596
895 902
558 559
610 611
679 692
838 839
386 387
746 749
339 342
655 660
324 325
180 215
459 462
232 233
258 263
117 118
496 497
573 574
34 35
913 914
629 630
992 993
973 976
682 683
46 47
217 218
105 106
500 501
744 775
731 734
437 438
417 418
784 787
392 471
149 150
846 865
100 103
51 52
136 155
236 237
61 62
665 666
561 568
85 98
407 408
910 917
92 95
756 757
203 214
836 843
133 134
701 704
93 94
777 812
488 499
702 703
204 213
191 202
763 764
983 988
981 990
352 353
249 250
544 545
275 276
607 714
852 855
206 209
923 926
548 549
677 700
207 208
173 178
511 522
542 543
20 21
259 260
952 953
434 435
841 842
343 344
738 743
771 774
534 535
76 77
652 653
43 54
348 359
1 502
685 686
336 337
472 481
339 342
439 442
848 861
536 537
799 800
533 538
556 569
92 95
156 159
136 155
650 651
503 552
863 864
425 448
945 946
849 856
657 658
138 139
694 697
28 135
31 42
997 998
610 611
192 197
509 526
923 926
405 416
131 132
485 486
563 564
14 15
372 373
745 762
101 102
765 768
254 271
872 877
802 807
16 17
274 277
394 423
261 262
451 452
264 267
836 843
446 447
225 300
505 506
924 925
367 368
396 401
661 668
706 707
85 98
805 806
115 120
779 780
46 47
789 790
30 73
558 559
369 370
956 959
636 637
744 775
316 327
258 263
715 776
273 280
890 891
983 988
507 532
496 497
376 377
348 359
772 773
227 238
329 338
330 335
960 963
882 883
747 748
272 281
398 399
426 429
459 462
832 833
964 965
203 214
90 91
365 378
240 243
690 691
318 319
803 804
845 870
191 202
942 951
808 811
55 56
100 103
491 492
198 199
785 786
404 419
406 409
935 938
635 644
981 990
625 626
943 944
814 819
612 649
868 869
2 345
99 108
676 705
86 87
395 402
29 82
142 143
79 80
918 927
837 840
149 150
508 529
206 209
607 714
393 470
913 914
929 934
1 502
291 292
846 865
947 948
579 582
534 535
847 862
166 167
424 453
961 962
278 279
566 567
180 215
249 250
685 686
489 498
629 630
385 388
609 654
112 113
663 664
928 939
853 854
221 222
6 9
83 84
621 622
783 792
205 210
887 892
896 899
652 653
640 641
996 999
322 323
985 986
343 344
153 154
982 989
968 971
122 123
766 767
129 130
76 77
573 574
955 966
302 305
200 201
297 298
645 648
356 357
561 568
952 953
380 381
967 972
13 22
414 415
554 605
187 188
282 299
23 24
687 688
835 844
466 467
871 894
259 260
350 355
858 859
186 189
620 627
995 1000
440 441
897 898
513 520
866 867
656 659
586 589
454 457
43 54
20 21
900 901
379 382
631 634
752 755
915 916
921 922
412 413
709 710
940 977
728 737
116 119
777 812
555 598
809 810
465 468
738 743
33 36
646 647
590 597
576 577
739 740
974 975
815 818
978 979
217 218
44 49
443 444
885 886
284 289
352 353
51 52
61 62
117 118
93 94
347 364
111 114
105 106
824 827
458 463
236 237
672 673
392 471
265 266
511 522
157 158
308 309
838 839
104 107
984 987
514 515
374 375
756 757
63 64
133 134
816 817
936 937
311 328
148 151
110 121
312 315
874 875
366 371
930 931
518 519
729 730
760 761
655 660
145 152
75 78
741 742
482 483
229 234
587 588
841 842
969 970
679 692
34 35
3 168
557 560
784 787
321 326
879 884
410 411
616 617
275 276
910 917
346 383
403 422
293 296
268 269
580 581
182 183
228 235
74 81
251 252
731 734
474 477
758 759
542 543
684 689
360 361
550 551
500 501
58 65
606 821
753 754
303 304
595 596
591 594
504 539
307 310
613 628
239 244
161 162
216 219
571 572
991 994
575 578
283 290
71 72
247 248
389 390
850 851
193 196
194 195
232 233
285 286
701 704
125 128
313 314
170 179
793 794
384 391
903 906
230 231
493 494
795 798
562 565
665 666
601 602
4 11
544 545
680 681
778 781
888 889
351 354
66 69
255 270
173 178
397 400
678 699
583 584
146 147
67 68
735 736
181 190
331 334
184 185
473 478
662 667
25 26
317 320
957 958
973 976
546 547
174 177
455 456
171 172
512 521
907 908
632 633
638 643
45 48
852 855
671 674
702 703
639 642
919 920
256 257
615 618
434 435
932 933
475 476
796 797
324 325
669 670
220 223
992 993
813 820
386 387
949 950
830 831
407 408
301 306
570 585
878 893
857 860
59 60
226 245
895 902
12 27
332 333
769 770
682 683
204 213
716 727
241 242
717 724
719 720
825 826
718 721
5 10
750 751
530 531
693 698
746 749
484 487
599 600
340 341
823 834
941 954
527 528
126 127
109 124
623 624
362 363
163 164
782 801
880 881
349 358
472 481
904 905
822 909
722 723
708 713
89 96
464 469
420 421
553 980
294 295
18 19
763 764
524 525
540 541
488 499
431 436
57 70
548 549
50 53
614 619
732 733
7 8
516 517
336 337
771 774
39 40
430 445
603 604
788 791
695 696
427 428
160 165
592 593
677 700
510 523
175 176
38 41
437 438
88 97
711 712
211 212
479 480
873 876
32 37
725 726
207 208
460 461
828 829
449 450
911 912
137 144
287 288
490 495
140 141
169 224
246 253
608 675
432 433
417 418
