1000 1000
1 2 3 4 5 6 7 8 9 10 11 10 11 12 13 14 13 14 15 16 17 18 19 20 21 22 21 20 21 22 23 22 23 24 23 24 25 26 27 28 29 30 31 32 31 30 29 30 29 30 31 30 29 28 27 26 27 28 29 30 31 32 33 34 33 32 31 30 29 28 29 30 29 30 31 32 33 34 35 34 33 34 35 36 35 36 37 38 39 40 41 42 43 44 45 44 43 44 45 46 45 46 47 48 47 46 45 44 43 42 43 42 41 40 39 40 41 42 43 42 41 42 43 44 45 46 45 44 45 44 43 44 45 44 43 42 43 42 41 40 41 42 43 42 41 42 43 44 43 44 45 44 43 42 41 40 41 40 39 40 39 38 37 36 35 34 33 32 31 30 31 32 33 34 35 36 37 38 39 40 41 42 41 40 41 42 43 44 43 44 45 46 47 48 49 50 49 50 49 50 51 52 51 50 51 50 49 48 49 50 51 52 53 54 55 56 57 58 57 56 55 56 57 58 59 58 59 58 57 58 59 60 59 58 59 60 61 62 63 62 63 64 65 66 67 68 67 66 65 66 67 68 69 68 69 70 71 72 71 72 71 72 73 74 73 72 71 72 71 70 69 68 67 68 67 66 67 68 69 68 69 68 69 70 71 72 71 70 69 70 71 70 71 72 71 70 69 68 69 70 69 70 71 70 69 68 67 66 65 64 63 62 61 62 61 60 61 62 63 62 61 62 63 62 63 64 65 66 67 68 69 70 71 72 73 74 75 76 77 78 77 78 77 76 77 76 75 76 77 76 75 74 73 72 71 72 71 72 73 74 75 76 77 76 75 74 75 76 77 76 75 74 73 74 75 76 77 78 79 80 79 78 77 76 77 78 79 80 79 78 77 78 79 80 79 78 77 78 79 78 77 76 75 74 75 76 75 76 75 74 75 76 77 76 75 76 77 78 77 78 79 80 81 82 81 80 79 78 79 78 77 78 77 76 75 74 73 72 73 74 73 72 71 72 73 74 75 76 77 76 75 74 75 74 73 74 75 74 75 74 73 72 71 72 73 74 73 72 71 70 71 70 69 70 69 68 69 70 71 70 69 68 69 70 69 70 71 72 73 74 75 74 73 74 75 74 73 74 73 72 73 72 71 70 69 68 67 68 69 70 71 72 71 70 69 68 67 66 65 64 63 62 61 60 59 58 57 56 57 56 55 54 53 52 51 52 53 54 55 56 55 56 55 54 53 52 53 54 55 56 57 56 57 58 59 60 61 62 63 62 61 60 61 60 59 58 57 56 55 54 53 54 55 56 55 56 57 56 55 54 53 52 51 52 53 54 55 56 57 56 57 58 59 60 59 58 59 60 59 58 57 56 55 54 53 54 55 56 55 54 53 52 53 52 53 54 53 52 51 50 49 48 47 46 45 46 47 48 47 48 49 48 49 50 51 52 53 54 53 54 55 56 57 58 59 60 61 62 63 64 65 66 67 68 69 70 69 68 67 68 67 68 67 66 67 68 69 68 69 70 71 72 73 74 73 72 73 72 71 70 71 72 71 72 73 74 75 74 75 76 77 78 79 80 81 82 81 80 81 80 79 78 79 80 81 80 81 80 79 78 79 78 77 76 77 78 79 78 77 78 77 78 79 80 79 78 79 78 79 80 79 80 81 80 81 82 81 80 79 78 77 76 75 74 73 72 71 70 69 68 69 68 67 66 65 64 65 66 67 66 65 64 65 66 67 68 67 66 67 68 69 70 71 72 71 70 71 70 71 70 69 68 67 68 67 66 65 66 67 68 69 70 71 72 73 74 73 72 73 74 73 72 71 70 69 68 69 68 67 68 69 70 71 72 71 70 69 68 67 68 67 66 67 68 67 68 69 68 67 66 65 64 63 62 63 62 61 60 61 60 61 60 59 58 59 58 59 60 61 62 61 60 59 60 61 62 63 62 61 60 61 62 63 64 65 64 63 62 61 62 63 64 65 66 65 66 65 66 67 66 65 64 63 62 63 64 65 66 65 64 65 64 65 66 67 66 65 66 65 64 63 62 61 60 61 60 59 60 59 58 57 58 57 56 57 56 55 56 55 56 55 54 53 54 55 54 53 52 51 50 51 50 49 48 47 46 45 46 45 44 43 42 41 40 39 40 41 40 39 38 37 36 35 34 33 32 31 32 31 30 29 28 27 26 25 24 23 22 23 22 21 20 19 18 17 16 15 14 13 14 15 16 15 14 13 12 11 12 11 10 9 8 7 6 5 4 3 2 1 0
116 159
969 970
540 541
137 138
25 28
264 265
322 523
459 460
387 390
87 164
711 712
142 145
224 229
770 783
925 926
874 875
9 992
477 482
327 520
290 297
777 778
83 166
691 714
91 114
636 929
855 860
799 802
988 989
759 760
813 816
40 55
704 709
717 718
447 452
764 787
641 922
592 601
510 515
286 287
48 49
413 414
598 599
820 821
380 381
319 320
446 455
722 741
947 948
667 668
689 744
628 629
665 754
715 742
345 346
302 305
231 234
766 767
763 832
175 954
338 347
285 288
181 184
363 364
765 768
915 916
333 470
4 997
498 499
95 96
360 373
36 967
613 614
648 837
325 522
556 565
332 473
585 612
512 513
827 828
685 746
318 321
30 971
732 739
826 829
367 372
178 951
539 544
807 808
656 657
369 370
779 780
148 149
606 611
597 600
445 462
223 528
863 868
536 583
6 995
758 761
848 853
174 955
494 497
196 197
263 266
132 135
584 619
243 310
331 476
258 259
912 913
982 983
490 493
864 867
511 514
260 261
385 402
180 945
538 545
3 998
682 683
666 753
294 295
51 52
376 403
537 546
160 161
420 431
405 410
244 249
694 701
334 355
931 932
143 144
795 798
886 901
557 562
918 919
646 843
432 433
684 747
176 953
729 740
209 622
591 602
655 658
60 69
98 109
230 527
22 975
211 620
361 366
173 956
849 852
58 963
735 738
111 112
256 271
72 73
11 12
335 354
171 960
662 663
771 782
654 659
18 979
374 437
810 819
857 858
448 451
474 475
727 728
653 664
416 435
8 993
74 961
118 121
314 315
501 502
465 468
669 750
449 450
558 561
692 713
202 203
215 532
417 434
550 569
687 688
15 986
644 911
232 233
720 721
216 221
274 275
39 56
839 840
631 632
172 957
117 140
905 906
440 441
31 32
283 298
421 428
406 407
198 199
677 678
638 639
99 108
303 304
59 70
635 930
686 745
187 942
555 566
150 153
693 702
574 575
75 170
856 859
245 248
633 934
643 914
723 726
938 939
251 276
793 804
651 756
185 944
548 571
608 609
61 68
201 204
278 307
212 535
284 289
200 207
268 269
671 680
811 818
33 968
43 46
34 35
547 582
330 507
898 899
41 54
337 352
188 189
814 815
588 603
823 830
349 350
44 45
464 469
483 506
24 973
870 903
356 357
649 834
980 985
484 485
358 443
549 570
262 267
647 838
326 521
1 1000
423 426
257 270
177 952
392 397
237 316
88 163
412 415
607 610
377 384
29 972
847 910
122 139
26 27
359 438
398 401
674 675
241 312
141 156
317 524
695 698
103 106
466 467
190 941
323 324
861 904
862 869
192 625
57 964
291 292
329 518
235 526
429 430
255 272
572 581
340 341
205 206
724 725
553 568
885 902
508 517
924 927
5 996
126 127
865 866
457 458
690 743
487 504
637 928
191 940
489 500
703 710
82 167
78 81
872 883
559 560
94 97
37 966
378 383
946 949
242 311
21 976
277 308
348 351
908 909
379 382
213 534
214 533
642 917
878 881
789 822
894 897
824 825
124 131
2 999
716 719
791 806
411 436
491 492
64 65
444 463
670 749
854 907
893 900
342 343
7 994
238 313
705 706
195 208
769 786
393 396
225 226
850 851
89 162
660 661
488 503
871 884
129 130
222 531
626 937
876 877
841 842
681 748
281 282
542 543
672 679
102 107
640 923
246 247
146 155
576 579
800 801
424 425
652 755
368 371
774 775
784 785
236 525
394 395
812 817
920 921
699 700
733 734
14 987
509 516
399 400
630 935
388 389
593 596
479 480
594 595
615 618
336 353
92 113
879 880
77 168
792 805
408 409
673 676
773 776
42 47
616 617
123 136
551 552
157 158
13 990
217 220
645 844
133 134
796 797
362 365
453 454
873 882
794 803
182 183
300 301
339 344
696 697
471 472
147 154
650 833
79 80
279 280
456 461
71 962
252 273
573 580
151 152
19 978
757 762
730 731
86 165
529 530
563 564
100 101
93 110
888 889
418 419
788 831
239 240
486 505
958 959
891 892
125 128
386 391
253 254
50 53
210 621
439 442
193 624
981 984
194 623
790 809
586 605
293 296
20 977
328 519
422 427
707 708
90 115
104 105
495 496
577 578
554 567
250 309
478 481
845 846
634 933
299 306
186 943
772 781
895 896
887 890
589 590
736 737
751 752
119 120
218 219
375 404
63 66
227 228
23 974
587 604
16 17
179 950
84 85
38 965
627 936
62 67
76 169
10 991
835 836
285 288
640 923
223 528
553 568
839 840
477 482
494 497
662 663
143 144
537 546
356 357
210 621
677 678
495 496
696 697
225 226
62 67
550 569
60 69
279 280
133 134
807 808
216 221
652 755
30 971
811 818
323 324
649 834
656 657
142 145
3 998
453 454
879 880
554 567
98 109
398 401
194 623
217 220
129 130
237 316
83 166
439 442
598 599
813 816
862 869
132 135
125 128
251 276
124 131
284 289
300 301
771 782
322 523
695 698
478 481
711 712
466 467
980 985
673 676
57 964
211 620
58 963
232 233
201 204
408 409
369 370
368 371
835 836
294 295
360 373
769 786
716 719
181 184
224 229
729 740
421 428
319 320
171 960
849 852
212 535
669 750
256 271
908 909
41 54
856 859
490 493
293 296
349 350
95 96
63 66
64 65
861 904
118 121
34 35
691 714
99 108
281 282
681 748
645 844
616 617
100 101
328 519
48 49
447 452
440 441
689 744
345 346
814 815
777 778
542 543
250 309
157 158
637 928
76 169
38 965
227 228
77 168
179 950
432 433
627 936
215 532
264 265
299 306
429 430
510 515
707 708
796 797
638 639
94 97
651 756
699 700
406 407
557 562
686 745
150 153
44 45
650 833
766 767
283 298
31 32
5 996
367 372
479 480
958 959
540 541
348 351
253 254
231 234
90 115
317 524
587 604
43 46
177 952
871 884
185 944
912 913
891 892
457 458
61 68
576 579
413 414
246 247
573 580
21 976
848 853
878 881
591 602
188 189
812 817
895 896
653 664
594 595
826 829
379 382
187 942
104 105
24 973
332 473
704 709
872 883
888 889
646 843
905 906
536 583
810 819
474 475
337 352
424 425
790 809
33 968
151 152
885 902
863 868
111 112
1 1000
191 940
857 858
628 629
75 170
584 619
791 806
193 624
723 726
690 743
178 951
633 934
799 802
50 53
449 450
103 106
548 571
37 966
915 916
241 312
278 307
7 994
338 347
671 680
444 463
89 162
71 962
325 522
667 668
577 578
644 911
459 460
327 520
116 159
6 995
498 499
23 974
925 926
378 383
854 907
20 977
412 415
488 503
988 989
730 731
290 297
585 612
119 120
87 164
137 138
606 611
874 875
607 610
615 618
387 390
772 781
86 165
876 877
222 531
82 167
385 402
74 961
865 866
938 939
362 365
36 967
538 545
418 419
717 718
172 957
286 287
416 435
291 292
102 107
981 984
674 675
242 311
873 882
792 805
16 17
586 605
720 721
394 395
377 384
845 846
79 80
192 625
464 469
205 206
666 753
255 272
200 207
196 197
608 609
574 575
393 396
823 830
789 822
597 600
827 828
847 910
330 507
239 240
556 565
175 954
722 741
486 505
735 738
549 570
10 991
898 899
334 355
29 972
374 437
924 927
794 803
630 935
198 199
918 919
795 798
190 941
487 504
235 526
392 397
446 455
886 901
202 203
800 801
765 768
262 267
19 978
946 949
558 561
380 381
11 12
420 431
631 632
489 500
456 461
694 701
647 838
551 552
969 970
484 485
244 249
92 113
736 737
173 956
331 476
148 149
687 688
218 219
376 403
512 513
947 948
483 506
88 163
268 269
757 762
243 310
195 208
684 747
51 52
72 73
733 734
759 760
361 366
547 582
22 975
358 443
589 590
411 436
126 127
593 596
122 139
339 344
682 683
887 890
78 81
774 775
824 825
724 725
641 922
841 842
931 932
665 754
388 389
40 55
642 917
788 831
245 248
123 136
39 56
539 544
386 391
8 993
303 304
417 434
91 114
333 470
182 183
670 749
982 983
342 343
820 821
850 851
213 534
252 273
117 140
399 400
770 783
693 702
763 832
779 780
9 992
727 728
572 581
405 410
643 914
715 742
870 903
14 987
648 837
894 897
855 860
471 472
465 468
93 110
340 341
186 943
258 259
375 404
592 601
18 979
257 270
141 156
751 752
180 945
893 900
26 27
2 999
174 955
559 560
758 761
705 706
784 785
626 937
13 990
635 930
491 492
509 516
672 679
42 47
529 530
588 603
636 929
864 867
773 776
238 313
793 804
448 451
214 533
147 154
654 659
236 525
445 462
326 521
703 710
555 566
634 933
59 70
920 921
422 427
277 308
15 986
176 953
613 614
511 514
160 161
274 275
508 517
25 28
655 658
260 261
692 713
329 518
501 502
563 564
336 353
732 739
314 315
359 438
146 155
209 622
660 661
764 787
230 527
263 266
318 321
685 746
335 354
84 85
423 426
363 364
4 997
302 305
