1000 1000
1 2 3 2 3 2 3 2 1 2 3 2 3 2 1 2 3 2 3 2 3 2 3 2 3 2 3 2 3 2 1 2 3 2 1 2 3 2 3 2 3 2 1 2 3 2 3 2 1 2 3 2 1 2 1 2 3 2 1 2 1 2 3 2 1 2 1 2 1 2 1 2 1 2 1 2 1 2 1 2 1 2 1 2 1 2 1 2 1 2 1 2 1 2 1 2 1 2 1 2 1 2 1 2 1 2 1 2 1 2 1 2 1 2 1 2 1 2 1 2 1 2 1 2 1 2 1 2 1 2 1 2 1 2 1 2 1 2 1 2 1 2 1 2 1 0 1 2 3 2 1 2 3 2 3 2 3 2 3 2 1 2 3 2 1 2 3 2 3 2 1 2 3 2 1 2 3 2 1 2 1 2 1 2 1 2 1 2 1 2 1 2 1 2 1 2 1 2 1 2 1 2 1 2 1 2 1 2 1 2 1 2 1 2 1 2 1 2 1 2 1 2 1 2 1 2 1 2 1 2 1 2 1 2 1 2 1 2 1 2 1 2 1 2 1 2 1 2 1 2 1 2 1 0 1 2 3 2 3 2 3 2 3 2 3 2 1 2 3 2 1 2 1 2 3 2 1 2 1 2 1 2 1 2 1 2 1 2 1 2 1 2 1 2 1 2 1 2 1 2 1 2 1 2 1 2 1 2 1 2 1 2 1 2 1 0 1 2 3 2 3 2 3 2 1 2 3 2 1 2 1 2 1 2 1 2 1 2 1 2 1 2 1 2 1 2 1 2 1 2 1 2 1 2 1 2 1 2 1 2 1 2 1 2 1 2 1 2 1 2 1 2 1 2 1 2 1 2 1 2 1 2 1 2 1 2 1 0 1 2 3 2 1 2 3 2 3 2 3 2 1 2 1 2 3 2 1 2 1 2 1 2 1 2 1 2 1 2 1 2 1 2 1 2 1 2 1 2 1 2 1 2 1 2 1 2 1 2 1 2 1 2 1 2 1 2 1 2 1 2 1 2 1 0 1 2 3 2 1 2 1 2 1 2 1 2 1 2 1 2 1 2 1 2 1 2 1 2 1 2 1 2 1 2 1 2 1 2 1 2 1 2 1 2 1 2 1 2 1 0 1 2 3 2 1 2 1 2 1 2 1 2 1 2 1 2 1 2 1 0 1 2 1 2 1 2 1 2 1 2 1 2 1 2 1 2 1 2 1 2 1 2 1 2 1 2 1 2 1 2 1 2 1 2 1 0 1 2 1 2 1 2 1 2 1 2 1 2 1 2 1 2 1 2 1 2 1 2 1 2 1 2 1 2 1 0 1 2 1 2 1 2 1 2 1 2 1 2 1 2 1 2 1 2 1 2 1 2 1 2 1 2 1 2 1 0 1 2 3 2 1 2 1 2 1 2 1 2 1 2 1 2 1 2 1 2 1 2 1 2 1 0 1 2 1 2 1 2 1 2 1 2 1 2 1 2 1 2 1 2 1 2 1 2 1 2 1 2 1 0 1 2 1 2 1 2 1 2 1 2 1 2 1 2 1 2 1 2 1 2 1 2 1 0 1 2 1 2 1 2 1 2 1 2 1 2 1 2 1 0 1 2 1 2 1 2 1 2 1 2 1 2 1 2 1 2 1 2 1 0 1 2 1 2 1 2 1 2 1 2 1 0 1 2 1 2 1 2 1 2 1 2 1 2 1 2 1 2 1 2 1 2 1 2 1 2 1 0 1 2 1 2 1 2 1 2 1 0 1 2 1 2 1 2 1 2 1 0 1 2 1 2 1 2 1 2 1 0 1 2 1 2 1 2 1 2 1 2 1 2 1 2 1 0 1 2 1 2 1 2 1 2 1 2 1 0 1 2 1 2 1 2 1 0 1 2 1 2 1 2 1 0 1 2 1 2 1 2 1 2 1 2 1 2 1 0 1 2 1 2 1 2 1 0 1 0 1 2 1 2 1 0 1 2 1 0 1 0 1 2 1 0 1 0 1 2 1 0 1 0 1 0 1 0 1 0 1 0 1 2 1 2 1 0 1 0 1 0 1 0 1 0 1 0 1 0 1 0 1 0 1 0 1 0 1 0 1 0 1 0 1 0 1 0 1 0 1 0 1 0 1 0 1 0 1 0 1 0 1 0 1 0 1 0 1 0 1 0 1 0 1 0 1 0 1 0 1 0 1 0 1 0 1 0 1 0 1 0 1 0 1 0 1 0 1 0 1 0 1 0 1 0 1 0 1 0 1 0 1 0
792 793
176 179
975 976
228 229
854 855
748 749
576 577
991 992
660 661
558 559
492 493
212 213
514 515
498 499
638 639
840 841
494 495
574 575
852 853
865 866
740 741
779 788
440 441
985 986
296 297
140 141
640 641
372 373
915 916
929 930
744 745
356 357
45 46
177 178
358 359
844 845
572 573
772 773
587 616
997 998
909 910
7 8
610 611
528 529
354 355
196 197
770 771
857 864
900 901
29 30
442 443
370 371
889 890
716 717
47 48
17 18
521 556
827 834
634 635
321 322
323 324
246 247
134 135
676 677
850 851
202 203
503 504
456 459
664 665
608 609
446 447
808 809
925 926
632 633
300 301
194 195
298 299
149 150
796 797
280 281
674 675
344 345
268 271
490 491
969 970
336 337
848 849
843 856
290 291
941 942
568 569
462 463
877 878
352 353
879 882
82 83
96 97
582 583
536 537
774 775
617 642
110 111
37 38
464 465
3 4
907 908
552 553
114 115
764 765
159 160
448 449
147 254
501 520
294 295
480 481
157 158
155 156
743 768
244 245
348 349
789 798
306 307
200 201
590 591
106 107
412 413
538 539
619 620
702 703
931 932
402 403
112 113
690 691
902 903
74 75
943 944
478 479
208 209
973 974
682 683
512 513
124 125
766 767
19 20
870 871
838 839
220 221
484 485
636 637
122 123
820 821
874 875
27 28
939 940
532 533
750 751
230 231
36 43
955 956
580 581
304 305
312 313
222 223
510 511
148 151
317 388
662 663
90 91
389 454
80 81
57 58
604 605
790 791
256 267
858 859
128 129
488 489
210 211
688 689
594 595
405 406
516 517
374 375
104 105
346 347
257 258
380 381
486 487
905 906
292 293
600 601
226 227
482 483
867 872
726 727
408 409
108 109
100 101
434 435
983 984
180 181
799 814
684 685
240 241
534 535
269 270
963 964
578 579
476 477
21 22
130 131
720 721
860 861
818 819
172 175
919 920
614 615
51 52
810 811
470 471
967 968
263 264
666 667
822 823
242 243
318 325
44 49
911 912
250 251
828 829
430 431
830 831
204 205
732 733
724 725
173 174
951 952
949 950
981 982
588 589
695 710
891 892
424 425
192 193
624 625
472 473
76 77
654 655
404 407
592 593
979 980
362 363
937 938
738 739
334 335
993 994
626 627
198 199
118 119
460 461
895 896
862 863
564 565
762 763
544 545
947 948
68 69
668 669
618 621
987 988
288 289
731 742
116 117
550 551
136 137
917 918
712 713
630 631
261 262
780 781
885 888
754 755
126 127
957 958
508 509
94 95
25 26
275 276
584 585
16 31
138 139
84 85
326 329
468 469
414 415
88 89
163 164
56 59
873 876
2 9
13 14
518 519
391 392
360 361
880 881
760 761
132 133
736 737
961 962
248 249
78 79
33 34
190 191
769 778
596 597
410 411
182 183
426 427
886 887
824 825
816 817
386 387
60 61
704 705
933 934
706 707
70 71
652 653
284 285
897 898
959 960
120 121
474 475
671 694
259 260
153 154
376 377
214 215
39 40
658 659
166 171
332 333
650 651
786 787
893 894
86 87
686 687
554 555
776 777
162 165
734 735
700 701
756 757
913 914
836 837
278 279
832 833
815 826
746 747
438 439
319 320
366 367
422 423
622 623
428 429
935 936
272 273
234 235
530 531
72 73
41 42
330 331
466 467
382 383
921 922
692 693
350 351
806 807
711 730
364 365
502 505
598 599
216 217
557 586
399 400
522 523
506 507
252 253
728 729
397 398
656 657
416 417
436 437
542 543
546 547
945 946
232 233
718 719
327 328
218 219
50 53
308 309
794 795
62 65
678 679
643 670
708 709
450 451
782 783
846 847
540 541
971 972
752 753
995 996
188 189
602 603
184 185
455 500
54 55
302 303
570 571
342 343
1 146
395 396
784 785
286 287
444 445
5 6
965 966
835 842
560 561
714 715
496 497
92 93
526 527
274 277
98 99
868 869
310 311
66 67
628 629
314 315
169 170
63 64
224 225
646 647
186 187
282 283
977 978
648 649
206 207
999 1000
452 453
812 813
432 433
265 266
524 525
722 723
644 645
927 928
144 145
390 393
255 316
236 237
804 805
238 239
612 613
566 567
672 673
899 904
11 12
32 35
378 379
338 339
548 549
152 161
698 699
758 759
923 924
696 697
457 458
23 24
883 884
10 15
418 419
368 369
102 103
384 385
802 803
142 143
562 563
340 341
680 681
800 801
420 421
167 168
606 607
953 954
989 990
394 401
897 898
638 639
490 491
981 982
953 954
462 463
167 168
166 171
153 154
754 755
668 669
843 856
68 69
39 40
444 445
460 461
366 367
470 471
250 251
796 797
496 497
63 64
886 887
949 950
464 465
828 829
336 337
438 439
880 881
19 20
840 841
140 141
696 697
112 113
348 349
362 363
390 393
835 842
364 365
446 447
726 727
147 254
468 469
25 26
508 509
554 555
242 243
698 699
498 499
572 573
955 956
612 613
838 839
808 809
560 561
269 270
526 527
94 95
680 681
218 219
180 181
686 687
98 99
674 675
172 175
704 705
915 916
212 213
302 303
414 415
494 495
268 271
434 435
600 601
848 849
810 811
919 920
770 771
604 605
310 311
931 932
732 733
933 934
550 551
10 15
546 547
130 131
286 287
758 759
794 795
512 513
306 307
718 719
370 371
118 119
424 425
951 952
566 567
678 679
148 151
911 912
852 853
738 739
923 924
879 882
332 333
528 529
644 645
584 585
815 826
128 129
198 199
157 158
192 193
582 583
104 105
654 655
867 872
450 451
714 715
280 281
7 8
395 396
874 875
576 577
144 145
456 459
163 164
752 753
606 607
352 353
391 392
630 631
323 324
252 253
917 918
536 537
929 930
5 6
792 793
524 525
905 906
780 781
769 778
889 890
802 803
782 783
521 556
789 798
155 156
658 659
399 400
740 741
711 730
246 247
177 178
422 423
564 565
909 910
66 67
947 948
862 863
114 115
610 611
314 315
756 757
190 191
676 677
408 409
870 871
692 693
656 657
188 189
618 621
608 609
248 249
380 381
672 673
979 980
216 217
488 489
943 944
169 170
830 831
748 749
106 107
913 914
619 620
760 761
684 685
492 493
858 859
478 479
397 398
184 185
506 507
194 195
57 58
971 972
204 205
965 966
416 417
340 341
510 511
893 894
935 936
989 990
82 83
126 127
945 946
152 161
598 599
486 487
134 135
895 896
275 276
472 473
317 388
983 984
800 801
428 429
376 377
646 647
772 773
617 642
298 299
706 707
76 77
402 403
74 75
836 837
11 12
700 701
868 869
961 962
776 777
626 627
13 14
232 233
474 475
259 260
432 433
587 616
959 960
482 483
530 531
92 93
228 229
244 245
899 904
290 291
96 97
643 670
900 901
300 301
766 767
632 633
124 125
342 343
23 24
196 197
108 109
430 431
255 316
360 361
257 258
762 763
628 629
712 713
548 549
240 241
860 861
937 938
210 211
29 30
410 411
27 28
650 651
652 653
318 325
2 9
622 623
883 884
384 385
724 725
220 221
17 18
503 504
312 313
457 458
846 847
426 427
236 237
265 266
552 553
885 888
532 533
877 878
284 285
32 35
927 928
404 407
818 819
764 765
744 745
973 974
45 46
580 581
200 201
149 150
330 331
374 375
799 814
44 49
386 387
368 369
812 813
321 322
873 876
230 231
736 737
991 992
72 73
750 751
820 821
695 710
746 747
544 545
182 183
827 834
296 297
963 964
436 437
997 998
294 295
372 373
162 165
557 586
985 986
452 453
238 239
702 703
389 454
648 649
54 55
282 283
344 345
534 535
412 413
995 996
358 359
516 517
722 723
921 922
666 667
804 805
84 85
3 4
594 595
664 665
624 625
854 855
326 329
588 589
466 467
502 505
122 123
850 851
716 717
993 994
578 579
662 663
708 709
90 91
728 729
540 541
100 101
562 563
138 139
86 87
568 569
1 146
640 641
110 111
682 683
234 235
514 515
832 833
865 866
418 419
278 279
102 103
779 788
159 160
518 519
786 787
987 988
634 635
70 71
484 485
62 65
173 174
142 143
60 61
356 357
590 591
720 721
36 43
394 401
975 976
731 742
334 335
574 575
420 421
999 1000
261 262
857 864
41 42
816 817
806 807
774 775
319 320
37 38
614 615
21 22
907 908
480 481
256 267
272 273
941 942
824 825
743 768
957 958
969 970
688 689
844 845
784 785
308 309
33 34
939 940
440 441
350 351
977 978
602 603
442 443
263 264
16 31
222 223
378 379
51 52
660 661
967 968
80 81
132 133
448 449
558 559
925 926
78 79
208 209
354 355
136 137
88 89
538 539
542 543
56 59
50 53
224 225
501 520
304 305
902 903
292 293
690 691
346 347
522 523
338 339
206 207
596 597
116 117
592 593
186 187
734 735
274 277
226 227
636 637
176 179
476 477
790 791
570 571
455 500
327 328
822 823
382 383
891 892
47 48
288 289
671 694
202 203
405 406
214 215
120 121
