270 95
1 2 3 4 5 6 7 8 7 6 7 8 7 6 7 8 7 8 7 6 5 6 5 6 5 4 5 6 7 8 7 8 7 6 7 8 7 6 5 4 5 6 7 6 5 6 7 8 7 8 7 6 5 4 5 6 7 6 5 4 5 6 5 4 5 4 3 4 5 6 7 8 9 10 9 10 9 8 7 8 7 6 7 8 9 8 7 8 9 8 7 6 5 6 7 8 9 10 9 8 7 6 5 4 5 6 7 6 5 4 5 6 7 6 7 6 5 4 3 4 5 6 5 4 5 4 3 4 5 4 3 4 3 4 3 2 3 4 5 4 3 4 3 2 3 4 5 4 5 6 5 4 5 4 3 4 3 4 5 6 5 6 5 4 5 6 5 6 5 4 5 4 3 4 3 2 3 4 5 6 5 4 3 2 3 2 1 2 3 4 3 2 3 4 5 6 7 6 5 4 3 4 3 2 3 4 5 6 5 4 3 2 3 2 1 2 3 4 3 2 3 2 3 2 1 2 1 2 1 2 1 0 1 2 1 2 3 2 1 2 3 2 3 4 3 2 3 2 3 2 1 2 1 0 1 0 1 2 1 0 1 2 3 4 3 2 1 2 1 0
43 44
96 101
36 37
35 38
6 21
262 267
241 242
46 53
207 210
7 10
193 204
128 131
263 266
252 253
47 52
223 224
189 192
244 245
216 225
106 109
98 99
70 93
228 229
234 235
247 248
30 31
125 126
240 251
145 176
83 92
150 151
74 75
249 250
261 270
1 232
221 222
197 198
268 269
85 86
137 144
243 246
196 199
95 102
146 155
213 214
264 265
18 19
188 215
48 49
27 40
28 39
258 259
160 161
15 20
159 164
41 54
12 13
65 66
206 211
2 187
24 25
142 143
236 239
115 116
69 104
61 64
94 103
112 117
105 110
208 209
16 17
190 191
179 182
165 170
132 133
185 186
50 51
62 63
257 260
158 173
134 135
111 118
42 45
218 219
178 183
180 181
255 256
174 175
237 238
73 78
97 100
68 119
122 123
194 201
71 82
