980
490
46392
713388
122722
454338
898304
398855
306897
943815
7060
36832
1393
542390
232444
844556
531138
540751
240901
715855
526920
731955
149637
90815
83427
604342
194266
513373
890221
309138
868966
880264
812921
816923
890594
715164
119222
478814
702251
518846
410681
446777
888971
881862
902368
789695
891160
613222
883642
434942
147871
758843
86799
64297
898179
87230
148524
469898
809422
908326
611777
781368
24707
302145
606964
107315
933254
143671
618540
768349
342698
999356
155882
929266
527178
325476
821299
919338
353738
112232
294092
465188
657616
141286
198073
899093
233323
553760
381657
362289
25971
464507
744349
379178
677897
863561
402290
687067
612775
96291
486803
261739
890366
74518
694406
560886
853417
54242
948381
635591
701089
254132
489824
154524
62722
645055
207900
450487
577735
957929
781730
919885
41938
250543
49078
729727
976948
918807
305483
824
149370
323934
748020
301963
27211
982843
780907
820650
667752
289457
319419
529095
340406
982821
141071
709480
392630
621235
863986
194044
561510
680549
66131
893491
762942
757266
226644
996805
884619
835015
995099
271824
737029
836108
840133
148246
357878
160920
942838
161355
354782
741207
269969
125514
545604
387572
661676
362405
746375
846489
707524
181037
767598
368242
981660
26953
763636
217891
914916
616986
600029
33521
96792
64422
226803
167650
972982
906671
318174
545371
769553
448399
151227
911549
629083
648967
323178
177480
488981
253825
656167
258231
977523
696432
614919
218889
366896
382100
748545
931668
644332
342714
177779
127523
574442
656970
608499
309466
959945
104869
813207
718731
445309
542861
205049
923241
528619
791232
121949
286812
233142
278565
668171
266985
637430
82816
217364
710547
357401
778249
212038
68519
6388
547252
496722
759024
721902
100447
115411
978360
966863
127453
577291
86464
212322
531302
98118
337391
194435
29706
494195
183539
729270
730399
703494
577090
525077
809934
413658
151901
231540
348410
487485
439231
763230
521741
12818
731211
849257
986527
886282
437934
767936
529386
878753
948387
496180
254444
88159
675344
485795
700316
47090
339981
540736
88471
992319
336420
430658
78366
326016
529735
26188
541857
278877
557930
79547
26363
961749
430695
707988
135012
865258
2043
374538
218603
682098
691016
390536
75778
488220
719760
86682
275573
793943
700716
311549
751849
427717
912955
148160
895764
912147
959067
584826
626503
550512
319092
672991
964567
657629
807248
541801
212443
839818
372392
609733
928085
624913
833653
864880
731260
783892
247514
141391
280585
469315
10497
961440
540907
156124
50858
475458
735786
519022
791947
608176
236942
582456
319957
852031
243649
386570
610663
577461
795003
105919
940898
902
567417
217455
349809
334995
677637
49300
46877
85408
686149
831792
72102
410210
629922
824883
658230
911632
242736
276335
904818
296038
664562
950701
467005
42618
845010
676885
945191
944347
405353
270734
496726
953818
488038
11575
382145
659146
785946
296294
208066
229193
893346
809845
161832
135567
67896
345191
299261
654294
277121
837848
942758
552678
613443
467536
267472
556391
292496
921182
510433
683106
180668
283460
200564
485229
80764
856859
184812
906288
661325
715125
932281
26064
742508
211571
724625
261551
910058
987739
779728
369688
907960
301915
920698
456946
371105
917305
926627
281999
846005
236481
977116
453701
317283
943044
412389
655498
922677
69052
985013
346468
44595
385716
624395
889940
298431
930787
3540
719051
359414
986749
824760
853087
917832
10496
254880
893302
960807
86924
333828
250272
530663
288447
179405
790107
986642
335113
583567
446641
385631
242302
772024
272353
35932
312583
53937
357779
243247
150279
706035
661365
720466
785745
618310
189061
854098
753600
391823
578656
329241
325532
47733
991856
434335
199100
588782
943318
142940
890438
385109
118482
187985
207772
636351
609440
598776
700977
569503
947454
394085
814564
589414
374873
3937
486148
497843
805846
510366
493627
683521
824934
584637
646554
328847
606881
88249
45062
628830
582232
942692
654417
848715
960760
378179
478132
964337
315909
404867
944312
743821
818354
645781
398629
660543
267348
806897
795945
163948
37844
40739
683515
923839
858391
505366
977319
589418
571694
786887
381034
745043
514419
170912
497829
758209
294315
426770
215414
14168
299999
374769
220380
875989
127528
496309
531466
43042
901573
880504
682427
634039
528108
708662
279294
403895
245586
43387
315361
157351
131574
764753
58665
821274
592402
275237
593331
177633
360020
894678
749104
37771
531093
39297
776236
956954
273499
11973
418107
21468
255827
378363
596902
659945
804750
369916
745403
921514
374416
847634
834318
14270
912959
310667
423994
734174
333711
285453
698781
944353
704014
550614
168121
823286
844080
862916
251122
158966
294761
804396
922121
146067
584375
126175
697282
342335
821024
553218
927565
750737
695101
562520
900662
497981
548073
678222
536666
374687
880049
453385
424580
804241
181255
251431
603548
896041
886585
388208
330038
26683
221311
419915
646935
875368
172704
11552
32126
72168
294471
84797
942355
679704
416098
116786
767195
444634
257115
836716
61747
108537
614638
935702
398116
793596
174145
166329
2669
262582
270624
964663
967417
43710
631095
371955
460467
809298
98588
596289
327620
820687
115789
542067
142742
550597
973077
633054
816477
109443
392042
656094
30590
309924
215854
901010
405638
236681
871420
443510
848505
938058
596649
340787
206115
112121
222012
718734
515447
402731
420035
494937
876811
60121
803111
870022
554865
740395
464798
776012
522506
957641
622708
360535
593895
837152
558537
587830
542180
416252
621717
116643
476196
47642
494952
395412
626897
63962
395721
533682
759258
511623
430429
651895
601785
119520
876724
982362
866737
551995
590091
846683
997849
480335
823184
674081
155301
309646
942320
810971
129953
174688
66932
853830
365667
923828
566892
366047
155031
369640
581452
886211
928883
104285
185041
185994
608320
285071
276422
39263
332727
140845
687900
844376
51274
522569
629228
746304
852368
360053
551973
855610
187959
547999
70010
532773
87391
488083
17468
221179
854711
105694
454920
453801
496150
458047
270048
154350
542528
768910
499371
210952
878566
903314
225250
204349
288946
776394
873001
143372
821178
457338
624022
571099
436534
887140
685679
55304
715002
959677
180074
492187
469136
18517
453696
362328
274715
186491
210816
436954
305604
846026
485362
638436
95388
236422
39714
985550
227808
652848
161229
435467
78640
189117
433079
142379
460720
173944
948549
542397
56532
252902
475323
337481
66845
233995
238608
691461
775355
862410
88731
986719
68889
213644
746369
65875
143308
848485
535335
145900
328807
534933
516255
753814
735990
18771
522443
300475
106747
235946
325267
84902
269737
804052
217107
548620
20007
723261
909823
726669
537102
522032
152178
982594
444694
414441
784889
714029
335475
64738
961387
453851
380752
630693
874997
632713
257460
278475
938046
578595
818159
534608
92645
899965
562108
33232
878124
163595
870549
941060
517875
439967
471676
156053
175113
897963
2513
45000
172811
224114
810410
545084
762751
161414
894783
331398
553825
440530
142723
118915
84648
177221
434269
92791
108402
875550
514411
112141
232703
756246
927473
124782
443395
264788
253938
882348
983547
735163
93865
873117
666204
429702
485177
593879
685989
184129
717081
762889
347014
604096
538620
894572
233328
969863
25260
247958
731379
37682
294677
213953
252298
755309
689184
695227
278420
415815
798562
354041
319867
673237
167681
924795
764427
968319
977257
963146
137877
240305
807699
388346
761207
332140
587465
72778
999608
862516
486218
463606
21411
967193
345103
755577
644743
225092
367245
869526
637370
322291
753025
737237
814034
298361
36551
535782
833549
667046
650715
751982
563668
253457
384534
708539
822105
950338
755408
463988
371513
979265
217426
57771
888078
119761
849243
229019
596658
360104
14284
665710
304432
305850
915147
751069
648042
587688
110630
78555
89141
798688
870859
551259
125792
259733
107397
291341
880304
744275
388287
497195
92283
279795
316751
850903
247590
873088
650442
628080
981606
862442
687359
407799
249822
803573
235932
882413
369108
782523
910177
196252
12590
4957
807651
39910
707375
803855
620342
315529
870624
537868
864430
928692
765579
428938
227967
205841
413728
878634
930085
13882
418419
968688
794313
942044
318457
738665
752922
399892
682959
659845
743499
110704
85318
427502
799884
575588
959002
263078
563439
730219
501168
766169
725198
587103
218130
378530
499136
526909
829396
7672
220814
12038
328304
699857
234704
907653
273175
402991
521032
458797
364899
996859
406036
129869
486634
128574
62886
93433
490684
218281
499493
964770
228059
392167
483753
336257
40278
670226
23743
440594
283922
989224
316944
46119
850656
820136
618149
844342
623529
661245
523500
444259
59029
387647
410467
481791
893953
784797
855435
602902
960081
381489
538381
897138
163265
354975
163175
162138
126158
683657
808376
984732
470160
57099
841745
774274
516997
965791
382925
675838
268334
254344
188228
785379
418715
748402
836846
581555
341163
209387
79875
48235
994285
690367
968819
978135
211856
984879
825347
733182
393556
715857
36014
150509
384692
874094
341651
128433
67293
597268
739965
600723
699344
639931
782594
90318
864621
125944
57818
272262
109736
102227
1578
199898
840053
689058
772766
464220
177503
31515
162351
919071
927834
297400
600009
369587
721661
637766
168749
798822
11250
351393
586679
153418
556071
261776
800222
731294
119017
406600
320104
379937
520019
223947
503660
52440
501144
642609
735347
830284
338514
199919
817385
917882
59727
905894
423915
312172
984618
850855
21797
386393
292741
266948
27886
23432
659684
841431
919941
545912
442219
369698
751830
950556
459317
662911
84477
260349
296481
423218
765939
277355
154285
297435
750281
482938
252860
665181
215613
189285
976062
242386
792912
42594
947171
531372
486742
66618
907290
883996
483173
93518
292371
15987
355879
496047
397417
748747
686909
279704
864213
113047
917488
294639
113919
890465
768010
897886
538495
303240
27215
416522
785551
942648
443508
754119
355774
912686
888163
686295
302498
795589
798010
662485
994957
582490
595201
90869
699687
348220
587244
994626
952823
804831
766545
485929
596538
593354
654025
826581
401103
191176
281921
482916
664864
669064
361661
623553
114549
15884
270797
823808
992210
421936
318373
200071
944027
396066
15856
116796
755353
200884
993080
487331
896492
617439
753937
121750
720778
655671
944848
144086
248197
986468
535109
765722
498449
291866
350438
919490
938366
942594
523002
165577
757380
985332
772126
723680
40791
760925
220469
680007
13660
744879
732981
640312
997651
777720
6850
106714
386013
996909
998390
634
799328
530375
488518
779704
436764
493822
945129
182413
882516
381438
982592
623905
543277
364272
705103
827823
450838
332005
339958
501215
175349
850550
47440
122213
108825
603979
261577
334051
396573
876881
593723
96815
405791
837579
790011
528779
960028
6470
373821
96712
962547
621317
256523
744079
245113
821320
665563
534903
989290
927415
431630
821963
828000
816396
943283
587046
11993
633073
259577
343084
161936
772180
721330
409350
466692
976572
317176
966315
294956
528444
259093
968112
751956
614276
608547
413305
435595
569938
245534
954648
993601
202334
51653
433906
136446
662314
916861
6227
597283
444917
987137
582217
711713
52032
886792
266638
470248
81843
693747
213159
434068
372009
126350
899232
815217
170047
21585
414022
736403
76152
111104
453321
133263
419429
645824
120266
479835
48847
631660
701983
891307
679032
560111
836023
709951
185750
410889
600685
370735
619696
736079
524297
991080
107057
211568
983653
605369
157690
115891
227425
141054
273213
489906
452845
6567
158047
189226
67473
18091
66383
204262
548819
874042
866849
271269
666993
86476
784871
848997
2042
604651
456795
37711
378949
568009
938634
167114
760674
275280
76708
163952
739792
212080
28157
766810
767231
883494
567530
218284
195833
218016
802615
50869
46183
57358
66236
298946
322478
989831
591895
125857
781685
36551
415438
238879
176240
783838
84373
197982
382654
847213
796516
68119
86801
118119
796823
612690
224192
990572
584505
918251
633604
654581
238233
236269
203786
624717
503666
681070
240505
187204
420067
148732
860465
412591
190505
186882
753152
20852
968187
857418
939645
238571
546458
883492
632410
293392
541560
12642
208048
376436
230226
328146
279139
554024
790820
893870
977062
573308
133649
577248
475050
850635
394999
388128
881094
484947
608261
321112
50808
218130
318431
970173
76316
176201
521129
164030
861553
583853
64935
372356
558268
724114
881534
227140
298510
575901
859749
718736
982921
448797
950921
3092
73660
309885
804585
284768
849796
87530
277564
902119
911939
934783
634052
933478
66356
179918
20146
728235
730852
45864
923674
859608
271007
728450
698889
159408
432351
646935
238856
780648
895326
630965
898641
924670
533313
347251
272462
602288
97564
409455
96132
250534
479432
455285
216705
489699
207871
438487
519019
315382
768848
404347
491752
982033
721400
130620
417757
392513
577568
464617
63024
565517
755340
362777
658539
72267
558534
252674
651690
411357
246920
482560
303132
577865
237341
451809
283831
297808
1728
70679
696703
2308
658807
960249
408339
254841
280307
817
327637
934722
380441
287518
772519
885985
404698
773272
368540
673751
937969
119765
767088
565557
71030
49755
844432
201182
241569
326963
242931
554379
758809
231208
829759
80363
483470
834555
963969
24640
751686
460565
372328
294624
650727
496811
43370
459452
686381
770334
227332
68338
442671
266452
117117
682007
233585
364359
555789
204877
410976
490361
181385
438630
864823
937402
787772
