723
276
818439
976395
542424
891109
756920
65015
533836
236428
847727
952694
485182
828941
619105
667425
943134
108420
797725
878537
909101
606164
643161
826725
577649
997679
924224
20332
222381
804116
241684
156664
660136
130256
518937
819951
976117
691249
536035
706350
739722
753520
823027
151862
454812
252029
744463
870919
599892
236143
421251
102624
351216
886733
508136
579989
974856
899960
178827
672854
735393
187026
764479
449238
74861
139137
609966
618798
873895
451848
883585
383989
735829
309436
124791
878893
502262
61740
189408
583011
750805
599865
219094
91951
103869
452904
915066
152316
578628
14578
754067
143079
979177
487953
181066
11421
867875
174852
761312
683409
720396
850260
766785
187938
998436
844055
423349
768576
5148
573324
484576
14357
191193
192219
758440
784406
174895
797835
261453
397225
560093
320317
520744
187038
53066
798933
50328
433788
827205
954895
95475
619566
177073
276692
796368
346094
200256
447551
38609
434462
417431
562666
163123
241190
802784
991932
984522
992849
424993
165717
783018
135166
595659
593004
551689
54262
923378
387627
718651
45696
859967
439350
136255
770093
741159
67182
794266
209602
795276
817257
517540
675599
121586
227915
708420
88663
538660
533353
158188
24916
519940
303756
563612
727028
821383
799666
273358
453014
333379
902300
168575
287719
734442
665192
451961
852426
815676
790095
805210
844328
969338
45167
468184
292642
429586
470705
532756
688481
921519
140674
611804
957730
80719
144275
681366
724702
150633
573130
936296
308797
403849
440545
429281
80616
755644
633143
756227
368516
861211
104534
583608
927892
699073
942516
702806
195985
478162
467919
618348
625337
548825
203338
413834
750178
725313
450535
446239
173174
805659
921651
993785
696
669631
181954
170127
833391
433557
220730
481149
987658
220611
182338
351668
896869
222308
938941
870695
860308
164549
689976
235363
462521
593688
400009
140553
154551
44673
322118
361589
892219
183242
542154
441046
950569
685576
165756
567233
606903
580163
795290
828924
878803
768249
131725
193748
493907
44030
687529
780402
472081
806725
491559
363167
51856
313964
767193
977157
796279
767319
768869
222557
599665
442049
64287
753308
802546
426651
287924
166259
642729
870910
530872
580291
260744
281339
615275
468259
825006
217727
645397
312941
307359
843017
998617
557815
317046
732513
618821
759880
834487
502596
380906
781577
419899
256870
694178
245720
879722
878167
311333
8602
182711
908659
484184
108934
49035
532783
86505
857299
155216
995134
563532
462224
462789
601427
814891
361221
3894
675312
382841
989506
364938
526153
739748
129592
819631
280585
662948
900343
534942
912956
245803
511192
819404
875197
431223
197106
373078
291315
875880
955867
755849
902261
676392
549918
916341
205965
642067
402644
502564
517137
656161
265589
748802
863413
312331
539889
733545
198497
26979
491329
227478
491205
457246
703059
166615
242919
986905
642131
753221
536894
899942
221874
976417
245800
530180
208796
565580
105192
789716
222063
627016
821998
339088
973423
561256
812344
422869
161099
483721
60928
448133
251214
419892
272456
927578
998038
337214
933310
658084
736711
451271
261755
551764
733815
176102
369711
667334
944504
215723
834691
400512
681005
85796
362169
425063
769265
83974
290370
347368
473536
183625
478272
614051
599301
857317
82504
426892
254246
629510
79947
687334
237800
241746
936984
353803
354793
826919
202694
429408
873714
70550
301747
991366
76880
607142
634601
738306
919389
893443
634648
554199
735453
736833
647034
202226
254444
757818
494090
976548
6419
18924
337779
984298
296313
703783
997844
956466
209487
522170
904263
204706
830767
644014
876197
584685
506509
519550
549848
256334
748953
171128
850096
891592
698651
913678
861217
606928
259837
2704
490497
790516
964663
938798
395678
146206
402040
60887
236384
873190
614091
208948
1732
151454
939135
630572
107504
817130
779618
557765
307684
520051
41780
92543
430907
625182
807549
871970
430204
236622
888285
596026
174879
533680
649148
689952
934236
988910
720926
721259
874463
772028
173386
685227
920621
935032
760659
740305
238275
329584
411598
101604
815954
258957
17723
931535
145680
186319
455190
230049
334838
874552
859582
408904
961294
214591
745600
767472
214810
503180
714889
833116
959122
895784
187870
420230
785787
505403
158096
630117
911338
454298
563425
367150
908557
664226
284548
391244
622484
436836
645475
643926
437125
661644
407385
801067
203796
423011
905192
486216
575827
736456
89320
391279
199698
325615
67217
528674
327626
934923
67154
405604
144658
911894
285504
28539
281336
854682
757593
38341
776942
346853
511006
220715
568255
578507
8518
267769
722274
64421
472996
370732
735317
694279
504106
35700
453068
482779
269655
773149
711993
10069
959299
340946
954096
304040
984936
638943
989941
598576
608281
513100
695790
832332
490974
99181
510922
391535
813320
430506
429528
934914
56885
682426
354661
41779
874231
629621
261173
517682
707354
576936
337464
42998
698385
180625
584190
109252
365969
706005
636100
702757
205011
319812
59283
667720
684065
938699
218560
288842
462776
989468
838607
680825
687542
454138
781957
316422
117716
129064
813296
464332
343235
726889
907902
219084
960523
767013
371671
836964
230382
344915
364669
421144
31979
480197
751962
50269
843727
556752
687062
823383
222147
387133
957484
624267
687794
193589
444646
469409
213543
871633
104624
412962
660649
686304
177440
266786
291284
514379
949250
718176
468164
956592
487016
115243
340386
463110
63286
606226
519642
271880
931484
75689
712836
48435
232139
438654
77439
231022
547484
783816
777105
683845
477318
322214
262341
674858
140881
250507
745089
186467
404413
545320
755245
458495
941978
756881
280343
347285
427100
645718
930720
551473
10900
626336
918989
147223
771825
669265
791784
867917
993201
634335
456336
445021
490312
247182
691523
297351
474472
934265
424344
917685
768268
171747
840658
463742
350873
71882
661703
773452
385301
472867
353683
760335
776871
676927
447731
322154
758950
602330
138783
555714
504803
393714
953282
674771
163470
627053
382830
760640
365040
502338
916073
818377
783284
719239
199189
421213
157538
527149
75829
109277
253390
3190
447656
193143
719847
111880
754755
10679
278105
852631
322847
25738
162757
464734
246130
147496
81797
478239
649161
609862
493153
568915
109722
957067
727694
421784
584518
508348
825975
969185
231683
400809
84474
170483
267092
669193
210901
975983
347000
787351
542015
449252
332846
46978
316307
324794
917313
100215
7743
781100
998276
734745
692499
857788
328097
512304
661623
763970
31990
214721
706023
185054
109280
711460
258454
208084
156209
171256
495563
455238
651024
306141
464065
134600
870423
615610
229061
201646
965559
591546
849546
664345
68538
530203
471156
26863
445045
327238
868127
841322
907751
888853
583488
933003
45849
880985
583593
764936
838863
389119
801708
740030
555467
338201
756829
623552
122052
536114
264662
201843
720737
856340
446035
946957
895348
572075
803244
888112
429936
314717
921263
96120
294254
357408
665798
44827
158163
474634
198651
366395
3602
183388
427079
879050
163126
18767
639235
681210
299606
660365
296021
361594
260321
97088
611442
354387
636340
725342
632658
24577
589124
581829
1616
125135
909836
702157
852852
990935
84597
817373
436360
46111
846277
793543
323636
77584
914048
541840
185258
507476
198346
835132
936320
975635
49558
109401
590640
574720
267022
939742
524840
74094
656102
948200
323472
396968
476895
142029
568465
556535
468291
715902
599179
504272
438808
793916
872802
874052
870625
201667
229659
515537
974671
119060
441739
655920
654497
56173
531753
588091
972442
68533
304050
329020
481662
624429
40961
394849
28078
39807
25573
335814
637462
781120
587147
150805
796951
642517
29654
354996
38478
679342
286794
348518
330960
807005
855986
554047
547483
973349
979808
377307
74219
239711
23391
951937
132196
845341
538717
577505
776024
88696
508792
791364
482210
629885
877615
44871
939477
371356
645579
971710
631892
846361
31697
315723
124238
377858
685675
571401
784223
279555
919308
148511
257091
295026
243209
3114
574320
749563
702826
604368
253735
726470
793798
672788
839830
172607
829643
887154
252773
22108
299070
427311
812231
998973
946890
519275
274897
377226
664595
266005
830303
811710
888793
200747
237884
193898
813038
401360
588573
320216
739846
52196
84819
226652
884683
242707
213809
372123
175249
336031
170866
86218
991531
605836
231605
174753
992508
988455
12952
218864
372233
713576
801982
281093
391488
438562
149914
712015
372830
150486
522268
418641
720658
194602
368030
78473
906208
990982
119533
273361
192147
582076
995056
999912
610003
796084
304941
848027
820976
326346
98357
72689
483116
210018
281812
453128
3249
811961
554132
546076
37054
492178
299299
382656
624335
289111
160318
95429
16267
158811
705362
387134
140495
47093
357419
304928
574325
598184
893550
62266
229998
