799
82
579435
372276
451957
156157
107642
696952
652013
450845
469884
879455
508070
104881
917102
760658
119117
645151
771762
293233
670083
283962
802004
314431
603848
898768
625824
608415
626872
973232
271575
821055
254683
792887
445403
657713
439258
338435
987671
340849
151217
857477
115460
163839
338458
533735
436119
88032
216635
438875
798024
559492
304241
519904
662493
418003
657132
681372
388990
548654
945687
215443
352474
377874
52685
274825
302443
178919
956643
357564
908121
233525
33137
87355
870260
532367
882371
964617
454807
606606
320505
132347
390056
758096
879263
270151
26558
290819
12853
388272
955722
515923
606346
749734
885938
655573
413660
886765
170981
886290
366529
116653
58740
421976
245550
626608
144467
391930
297061
852136
966313
256507
838738
892489
703587
281481
588770
758109
916587
812256
757028
118985
980821
937342
404894
501183
994784
55801
752014
101111
864946
595683
694009
652854
655776
264519
980550
629406
910763
630733
153727
79867
479569
360330
692468
689988
993249
115302
355413
708575
336073
754701
13988
104267
181737
377739
651196
786734
467794
828157
882736
642226
861692
968325
627251
939118
853087
338365
307078
320172
355549
821944
235883
256790
961869
559937
270646
73895
989344
880015
322112
747209
284014
117623
998671
98802
931835
642269
397038
331259
519005
850459
59313
540585
485066
169782
14637
106919
233688
910822
669267
413668
388950
921589
381810
290993
176641
418938
777147
392497
130561
308879
62147
573632
476924
577673
458870
555733
582062
806743
686792
435481
669505
353929
737524
975760
619184
206042
572819
682368
647190
731405
109312
403761
425729
79867
453267
563229
653717
225350
514610
771183
121697
551604
983078
439642
939205
916827
132150
635919
336972
559121
885163
182728
820593
705780
720070
253863
841082
130575
827527
869056
501031
506338
73926
457539
49705
639141
883927
657831
244757
168500
578540
610587
881425
954069
557721
925855
143634
637861
600223
156501
629227
603883
88803
46951
613647
846829
826023
314572
933669
689229
461099
802174
252580
519590
273308
649081
488133
624089
354772
430661
64630
925125
961488
141513
868922
165820
121198
495527
991791
886309
483518
17057
456859
862270
164913
602830
744209
943651
491653
925553
87117
909097
720961
117946
620310
711232
803472
282012
433389
295055
227323
953982
279853
660785
224341
610339
258913
255690
319100
268105
468141
953928
783596
906596
371211
434421
58869
517981
740671
830246
527062
784676
572894
313704
594996
283445
5676
126888
204835
398172
979914
166485
76047
588091
560058
934649
457725
227629
459546
88068
787052
820717
844269
665573
904478
526745
702667
722332
969672
428187
290417
682241
645736
137791
530412
826246
967076
335886
17074
262788
341426
228997
502574
234780
460029
843449
403296
662692
297179
792758
187416
120561
202963
931882
467296
216921
321167
942072
247585
385964
492100
576169
962697
960765
502479
235633
528270
271830
209283
750610
125712
8548
741575
999283
205208
974025
419195
200132
657466
256164
240011
260142
502708
639938
203139
337374
128049
53378
129823
20835
469152
443603
579349
822830
75089
579641
806268
508964
226579
917143
184322
442161
514919
803641
607093
455651
628645
2526
599444
224803
93601
249328
137642
351514
699956
718897
509822
910482
563124
379343
92590
491326
807923
371068
788027
46703
176810
646810
949297
890301
747838
268191
197447
802469
57367
299021
697599
175299
871394
851071
130567
133778
319377
934120
530466
392877
751164
871826
742432
49405
222277
634891
508305
856088
540937
933059
673030
453636
369386
8506
512330
280154
977611
805673
802199
193064
286318
830126
352325
568659
168455
718832
768719
945540
527327
735123
450609
34997
92250
435158
399749
630807
69058
282101
639837
199897
415863
466124
298111
395097
398964
109151
495379
799178
268801
82036
591092
224661
284145
221207
46413
152869
974956
659168
634481
395869
241099
125724
858795
992984
819047
421119
204308
739563
925558
909719
991486
463919
674355
398
146662
726611
996876
758529
678347
980338
805137
80153
986161
199039
71677
520503
63188
83667
174144
966299
887062
632967
719156
103991
574706
967554
779212
208027
391451
32690
424739
618642
445677
588782
961028
807323
850911
636840
509747
626261
257202
225794
279505
138715
715943
428854
549060
232665
156001
579068
530877
566109
487162
693975
212668
513535
299910
654816
310316
820935
550096
852537
588512
165423
72294
475102
981951
953033
191640
571725
45472
375557
747668
496370
521023
53393
869170
692713
774319
649384
725885
860001
462596
129931
447480
332797
47383
983119
505531
716353
285248
759340
83494
767537
67709
711190
172855
526045
828661
96098
161302
441551
99077
389748
734213
842345
515054
634077
882759
36602
300015
69166
556879
744249
875777
939888
230625
640565
7845
895261
14346
804849
368102
968951
123628
328936
87889
841336
430050
283903
835915
299733
314217
870508
160387
246735
990271
355747
545243
495611
512076
446242
448898
44667
963991
799520
474459
350179
86453
710445
906723
146992
937291
66464
245292
879420
136663
263684
466376
185603
514299
763714
902467
744210
679493
821732
983424
465622
871242
479230
70227
221957
473079
755173
319582
753558
185920
461108
411236
375658
259572
172493
354962
372937
736844
751054
308732
974868
713793
993906
434693
448808
3632
880573
141624
725148
480447
967549
803921
74358
948567
576380
122732
181371
660818
541599
720306
243063
280260
593625
683687
7466
737609
781795
978344
399634
944251
118803
291901
126512
889034
770322
545595
772490
809334
206247
651193
862132
103092
765168
582749
517723
762075
620599
407524
497759
90691
16470
762062
812065
113575
989240
876237
326450
713319
569503
760205
917281
950555
656153
856970
359264
254775
820522
553296
162725
95293
933890
733718
907046
502771
703589
452599
997023
997353
921502
694599
280260
517108
851520
299199
293006
785308
279950
659524
319232
66065
212908
149743
355201
155530
427752
138768
639609
113868
393662
716168
420797
186836
421320
256945
945198
744883
126425
200639
82748
600699
601329
336712
474569
601901
471534
650880
390932
965424
958848
916536
526248
814908
489323
998205
976892
480550
924628
541562
642659
875981
48732
329361
980626
716775
883714
398536
123178
710889
446010
298762
216343
544322
142933
488146
759779
547452
164472
694714
863688
191228
68206
100073
534916
140305
967336
904720
490366
446323
346448
219966
994258
451146
779971
903729
412506
892115
512339
889895
779889
205180
925091
434363
784846
36814
883493
478706
813964
739660
691348
197391
86746
463980
870689
722342
359341
714373
734993
816204
982019
99201
730783
429729
814152
225570
90917
320725
340526
705327
453798
718600
109444
958654
40382
97162
714377
752887
245970
131080
622481
715697
