20
0 703688346 813620662 583660788 575500941
1 570513262 567888924 858197140 848698334
0 773542557 641259281 719033775 731233607
0 613594490 772178295 760496126 627488524
1 846498696 514039027 516749685 910817652
1 893885020 848547008 673632970 929594654
0 974046618 500064558 741677380 974264100
1 764426975 955069256 785095121 896268590
1 812056783 567605619 912452948 931185613
1 567801346 678659693 822580078 516893989
0 692023155 540926517 849723851 559304532
0 696681044 852051731 610995806 893844874
1 669929589 518095752 547599562 738747057
0 787698298 627405117 769995525 501944842
0 555342215 631530638 641161719 625028924
1 650857709 864699426 539207890 817637131
0 844872724 905952499 537187739 960351340
0 703640211 948914853 672009143 705174239
1 766592579 826940289 901107104 526889653
1 587527273 950977106 725062516 667563006
