20
0 659088056 763027797 678023575 724668575
0 826614336 608683069 728983821 945871775
0 806372469 524364724 516595489 670879716
0 582603724 803123498 595434597 519999024
0 904009571 913478542 690336459 784615976
0 770218337 569421393 544246472 723260941
0 609478285 658988654 998903634 510582731
0 936920527 821794185 985793037 874633650
0 877800011 522579100 789767885 934997637
0 982166845 748345783 761153703 642349529
0 523524013 519265401 966364847 507065115
0 958222183 703967380 795773941 628093787
0 863694252 654308322 826665783 700647445
0 902596607 952682538 921166228 917085023
0 540136865 832001429 996916860 668876356
0 670906390 898012755 747243397 779391454
0 973279261 845641857 631716558 889865172
0 834358033 983364432 516514171 663831194
0 537579425 913216785 689887151 603187137
0 673752834 890648483 765780229 865383842
