20
1 972916012 934382366 698077607 865140482
1 968598204 885951534 201144112 981083616
1 960081889 738491666 343901399 983564064
1 969831495 936461452 115049831 987636816
0 973614595 817801608 162122109 985585562
0 986639907 766185571 499615579 949972907
0 969987057 853180194 401378640 899052091
0 923353591 892733385 880807630 979037312
0 981675646 892194841 556869188 840744513
1 964537527 711645436 511080381 898887308
1 999374517 691040268 461765463 803464731
0 924987942 868859873 419099941 755102759
0 957777011 793067409 66566395 900898217
0 979253283 913310513 396251336 864668053
1 966401148 906501445 310941096 878555085
0 926216998 928148864 145640452 941635223
0 936378686 868378923 157228220 777962192
1 919961421 560202834 774758475 669020622
1 935130865 729062756 963719057 892220808
1 941140538 610103822 568913938 884763248
