16
1 69366295 374858752 661754006 856424224
0 687902310 472938976 89138828 392739060
0 299562652 888701172 801209514 856375684
0 541316191 833374951 18130747 720944226
0 758011640 447674582 410668755 336455477
0 702503860 947462406 780998477 601912848
1 897902640 777301757 518700985 26409260
0 781282610 661246124 592409044 307376305
0 79290114 900596633 651063808 950116223
0 545554525 315824927 476553432 400127504
0 477902705 304933183 724713422 940229350
0 594363538 862574495 351745147 740335663
0 455104640 647553188 272096906 717755003
1 251084911 768150730 466198622 74990259
0 937310269 712122536 304006375 290080192
1 969953138 240190018 858832195 781298302
