12
1 918384268 359230825 398384716 196913046
1 774023198 283578795 274492760 790246510
0 655537333 817126119 835444921 420521009
1 409132740 791541518 816124692 665204533
0 436014764 413107327 288145813 587860473
0 846792493 933442495 713050459 311537364
1 537387071 212162532 469875208 725275931
1 168790784 195277703 258877991 470620552
1 275624344 384303614 969322055 2890155
1 246990908 451157279 950451194 878271659
1 571076289 259576301 703144985 321559459
1 882999896 644968655 361036798 829556314
