16
1 78784004 130814422 796452570 188378903
0 344619507 206190171 702018487 392776527
0 519303860 557233283 467376908 783299288
0 706822804 612564795 528820744 465713857
1 367266274 962753912 318689 205271846
1 752191142 493721780 109567016 39800651
1 979548235 503893492 492279065 891817795
0 274812352 96179118 171101523 474655608
1 94614176 935289673 189769897 175528133
0 401979477 66274574 320170463 800017424
1 4927589 132268480 289462169 573560953
0 775670071 988545336 289018562 964813725
1 352912667 603391417 201066543 382631813
1 414286173 796949461 306202455 951480876
1 78393761 523050262 430871629 330527436
0 210154469 83226582 689873249 685609296
