980
1
501344
46392
713388
122722
454338
898304
398855
306897
943815
7060
36832
1393
542390
232444
844556
531138
540751
240901
715855
526920
731955
149637
90815
83427
604342
194266
513373
890221
309138
868966
880264
812921
816923
890594
715164
119222
478814
702251
518846
410681
446777
888971
881862
902368
789695
891160
613222
883642
434942
147871
758843
86799
64297
898179
87230
148524
469898
809422
908326
611777
781368
24707
302145
606964
107315
933254
143671
618540
768349
342698
999356
155882
929266
527178
325476
821299
919338
353738
112232
294092
465188
657616
141286
198073
899093
233323
553760
381657
362289
25971
464507
744349
379178
677897
863561
402290
687067
612775
96291
486803
261739
890366
74518
694406
560886
853417
54242
948381
635591
701089
254132
489824
154524
62722
645055
207900
450487
577735
957929
781730
919885
41938
250543
49078
729727
976948
918807
305483
824
149370
323934
748020
301963
27211
982843
780907
820650
667752
289457
319419
529095
340406
982821
141071
709480
392630
621235
863986
194044
561510
680549
66131
893491
762942
757266
226644
996805
884619
835015
995099
271824
737029
836108
840133
148246
357878
160920
942838
161355
354782
741207
269969
125514
545604
387572
661676
362405
746375
846489
707524
181037
767598
368242
981660
26953
763636
217891
914916
616986
600029
33521
96792
64422
226803
167650
972982
906671
318174
545371
769553
448399
151227
911549
629083
648967
323178
177480
488981
253825
656167
258231
977523
696432
614919
218889
366896
382100
748545
931668
644332
342714
177779
127523
574442
656970
608499
309466
959945
104869
813207
718731
445309
542861
205049
923241
528619
791232
121949
286812
233142
278565
668171
266985
637430
82816
217364
710547
357401
778249
212038
68519
6388
547252
496722
759024
721902
100447
115411
978360
966863
127453
577291
86464
212322
531302
98118
337391
194435
29706
494195
183539
729270
730399
703494
577090
525077
809934
413658
151901
231540
348410
487485
439231
763230
521741
12818
731211
849257
986527
886282
437934
767936
529386
878753
948387
496180
254444
88159
675344
485795
700316
47090
339981
540736
88471
992319
336420
430658
78366
326016
529735
26188
541857
278877
557930
79547
26363
961749
430695
707988
135012
865258
2043
374538
218603
682098
691016
390536
75778
488220
719760
86682
275573
793943
700716
311549
751849
427717
912955
148160
895764
912147
959067
584826
626503
550512
319092
672991
964567
657629
807248
541801
212443
839818
372392
609733
928085
624913
833653
864880
731260
783892
247514
141391
280585
469315
10497
961440
540907
156124
50858
475458
735786
519022
791947
608176
236942
582456
319957
852031
243649
386570
610663
577461
795003
105919
940898
902
567417
217455
349809
334995
677637
49300
46877
85408
686149
831792
72102
410210
629922
824883
658230
911632
242736
276335
904818
296038
664562
950701
467005
42618
845010
676885
945191
944347
405353
270734
496726
953818
488038
11575
382145
659146
785946
296294
208066
229193
893346
809845
161832
135567
67896
345191
299261
654294
277121
837848
942758
552678
613443
467536
267472
556391
292496
921182
510433
683106
180668
283460
200564
485229
80764
856859
184812
906288
661325
715125
932281
26064
742508
211571
724625
261551
910058
987739
779728
369688
907960
301915
920698
456946
371105
917305
926627
281999
846005
236481
977116
453701
317283
943044
412389
655498
922677
69052
985013
346468
44595
385716
624395
889940
298431
930787
3540
719051
359414
986749
824760
853087
917832
10496
254880
893302
960807
86924
333828
250272
530663
288447
179405
790107
986642
335113
583567
446641
385631
242302
772024
272353
35932
312583
53937
357779
243247
150279
706035
661365
720466
785745
618310
189061
854098
753600
391823
578656
329241
325532
47733
991856
434335
199100
588782
943318
142940
890438
385109
118482
187985
207772
636351
609440
598776
700977
569503
947454
394085
814564
589414
374873
3937
486148
497843
805846
510366
493627
683521
824934
584637
646554
328847
606881
88249
45062
628830
582232
942692
654417
848715
960760
378179
478132
964337
315909
404867
944312
743821
818354
645781
398629
660543
267348
806897
795945
163948
37844
40739
683515
923839
858391
505366
977319
589418
571694
786887
381034
745043
514419
170912
497829
758209
294315
426770
215414
14168
299999
374769
220380
875989
127528
496309
531466
43042
901573
880504
682427
634039
528108
708662
279294
403895
245586
43387
315361
157351
131574
764753
58665
821274
592402
275237
593331
177633
360020
894678
749104
37771
531093
39297
776236
956954
273499
11973
418107
21468
255827
378363
596902
659945
804750
369916
745403
921514
374416
847634
834318
14270
912959
310667
423994
734174
333711
285453
698781
944353
704014
550614
168121
823286
844080
862916
251122
158966
294761
804396
922121
146067
584375
126175
697282
342335
821024
553218
927565
750737
695101
562520
900662
497981
548073
678222
536666
374687
880049
453385
424580
804241
181255
251431
603548
896041
886585
388208
330038
26683
221311
419915
646935
875368
172704
11552
32126
72168
294471
84797
942355
679704
416098
116786
767195
444634
257115
836716
61747
108537
614638
935702
398116
793596
174145
166329
2669
262582
270624
964663
967417
43710
631095
371955
460467
809298
98588
596289
327620
820687
115789
542067
142742
550597
973077
633054
816477
109443
392042
656094
30590
309924
215854
901010
405638
236681
871420
443510
848505
938058
596649
340787
206115
112121
222012
718734
515447
402731
420035
494937
876811
60121
803111
870022
554865
740395
464798
776012
522506
957641
622708
360535
593895
837152
558537
587830
542180
416252
621717
116643
476196
47642
494952
395412
626897
63962
395721
533682
759258
511623
430429
651895
601785
119520
876724
982362
866737
551995
590091
846683
997849
480335
823184
674081
155301
309646
942320
810971
129953
174688
66932
853830
365667
923828
566892
366047
155031
369640
581452
886211
928883
104285
185041
185994
608320
285071
276422
39263
332727
140845
687900
844376
51274
522569
629228
746304
852368
360053
551973
855610
187959
547999
70010
532773
87391
488083
17468
221179
854711
105694
454920
453801
496150
458047
270048
154350
542528
768910
499371
210952
878566
903314
225250
204349
288946
776394
873001
143372
821178
457338
624022
571099
436534
887140
685679
55304
715002
959677
180074
492187
469136
18517
453696
362328
274715
186491
210816
436954
305604
846026
485362
638436
95388
236422
39714
985550
227808
652848
161229
435467
78640
189117
433079
142379
460720
173944
948549
542397
56532
252902
475323
337481
66845
233995
238608
691461
775355
862410
88731
986719
68889
213644
746369
65875
143308
848485
535335
145900
328807
534933
516255
753814
735990
18771
522443
300475
106747
235946
325267
84902
269737
804052
217107
548620
20007
723261
909823
726669
537102
522032
152178
982594
444694
414441
784889
714029
335475
