1139
1
975248
667998
994966
341751
811120
696766
238507
63668
843726
806614
985513
339520
383389
802275
683403
209069
338564
833192
688718
595170
604032
139866
109053
505774
13427
188162
916566
562113
677642
56178
302509
828851
661668
489800
879399
767688
410837
370648
508642
47421
387467
447408
426130
657571
159348
760841
405741
361297
502114
402017
864653
259859
795195
676463
961650
892401
369522
237654
680121
73359
514234
593452
382471
717161
98213
15135
376939
534906
980583
718515
682940
519117
7325
142016
987173
253274
235367
440463
731549
335726
654778
867389
240178
475646
612387
794107
65626
131641
707890
659781
752845
161000
756639
554204
935440
793813
880112
688307
138557
536260
266240
694585
10098
928051
754812
306299
775780
202791
824106
488867
296646
263889
770874
665455
138415
354146
16799
713208
330983
253229
9689
372733
836333
514385
160625
209451
407112
684060
967950
765187
511376
64447
656405
233123
245602
151399
889766
766656
152028
115645
178299
972957
738408
797354
907499
425956
533189
23488
244864
629881
777044
657277
575389
982851
448494
676501
936687
192428
730467
991412
722260
150017
495229
879038
40843
636139
294584
140637
94722
37586
294250
692349
597710
558574
762413
887330
751437
774735
894108
599053
673747
592913
538207
239485
553657
95865
323458
52316
594190
622213
236999
844677
533327
377614
128085
958926
548195
150711
73806
869791
430039
25952
590951
41747
464741
268550
153410
372218
862705
663406
580234
99110
369902
197918
727932
335127
354100
762590
583390
143386
557390
328998
818957
522034
414400
578888
193262
830455
925966
234057
721406
67364
865537
912501
903386
448103
176837
270086
391090
546369
354249
293980
218988
548513
353720
551332
607391
478926
76215
790698
137596
401775
420563
106756
202958
689324
614078
469289
639249
875864
941923
260706
88476
409012
600626
663615
975417
155964
692999
800423
982674
875508
75644
838092
312247
37357
305468
12449
697709
477441
210759
108895
779722
890180
986047
894007
980129
200237
817691
618016
46519
699734
162534
660045
788444
508465
678539
942292
446700
98627
735839
529913
399831
241182
241128
671029
619390
782096
62160
386182
182646
655988
320367
841594
83257
276722
767682
540242
777982
836560
162373
625669
245991
152959
219100
323708
429588
855756
886816
210112
972797
800875
129740
573284
6113
783801
431786
268963
986761
746575
754480
917796
237914
857277
964470
268462
22169
781862
274898
210046
545185
173523
738119
570452
170415
922209
67603
115981
418495
860423
693320
832924
508563
237882
143740
773468
910014
35102
844244
678488
683314
791003
736283
253603
693713
749189
508910
10081
160069
922194
702990
233775
722586
233202
739525
582532
598695
896313
778013
52208
359732
657452
184736
103039
677874
772951
140972
80338
131591
498791
840834
698748
365525
296940
550729
199698
853605
127185
90431
268876
608747
383131
610936
806351
613990
707120
516299
418446
589621
784023
76477
598769
870081
412458
155768
984124
695852
720090
364158
727063
617087
584975
653620
933194
412305
77840
167971
286985
851977
364988
441188
215572
391451
182700
170314
723427
18339
126833
496707
680567
380378
982146
208789
326388
485410
762778
805779
554446
177954
906272
254845
143784
740894
756151
358800
435959
709359
627675
76781
685246
837763
249249
192515
479486
726132
753045
444618
77957
979273
934489
623050
451532
974163
13192
313189
623149
575279
734368
219077
160492
33361
642640
16527
636780
413556
397187
862640
640714
513756
759380
325396
232104
304003
395936
567526
546629
917634
793411
563680
714410
872654
385556
830979
799314
688124
917303
486835
410704
626631
658867
799998
396860
786487
863887
29207
930778
582481
387312
480500
785470
593151
84267
871033
846705
680373
233961
86918
919138
549497
747839
360360
922622
136982
915977
356910
844833
796911
727470
391111
594792
917577
792212
614600
66828
285985
669323
809454
149226
91505
971963
128838
215913
759894
204841
839712
252392
387681
270217
879536
130289
142536
472966
794496
500785
308841
657328
280884
834938
56054
374492
723322
221373
843042
312851
144766
132248
404737
982890
995977
20629
169240
299891
430485
320970
732842
332552
734876
640028
810234
92302
351472
174987
609581
546695
310082
619798
412029
806127
847769
269591
571418
618261
554986
415868
904831
931997
888844
193370
476773
544651
664830
228887
198233
54058
686414
833131
714773
37651
955984
330070
498306
648844
736040
278976
111762
578562
662957
429876
36184
787768
368038
684537
310819
757760
162394
263433
666060
892814
826533
563418
595083
90126
543132
997390
218389
989932
492063
461018
829280
56228
418621
386151
278208
640100
177292
156285
922853
812124
140405
614141
507926
660847
266349
802186
425450
588453
547650
952291
491943
208498
395364
296395
695264
260231
546989
695919
469292
789985
825202
736166
62667
797325
934045
120263
611517
597143
787722
874563
109214
189063
7153
484797
544754
762275
946171
649002
900353
47252
347725
682546
700674
552601
545041
86096
970965
41499
475261
488386
791501
21644
243684
9712
379237
234983
134699
575563
389061
278814
217871
705948
956947
838518
977374
441203
409924
994920
727443
557551
588109
936259
962855
266364
63401
391067
294774
290747
963107
68731
179978
986386
680720
565869
167008
813846
992826
994125
954980
124424
968309
123248
914440
641607
684285
75817
692601
490079
99387
745035
263692
482103
111688
777536
645599
105551
486444
929798
986663
259032
654117
550226
766315
598132
18337
283559
813017
442244
292086
964379
44170
749650
619061
275929
792317
293514
690420
579450
433160
173159
925834
429128
153045
370068
788637
809032
312513
712943
257654
72114
883823
482393
763219
171892
827841
562880
571965
154648
340898
183715
318446
13017
793188
737734
177542
930669
781997
747343
708247
237505
166940
656240
139687
5300
601893
942187
549206
28847
168890
24584
180027
984224
505946
109567
221683
691111
681862
288885
891698
173988
560440
231752
607966
219282
734294
407968
130889
390766
481348
640644
658428
228450
856698
575636
185341
652775
44499
142485
471541
949001
599835
890571
573550
904823
874970
99444
532621
446963
196844
465402
993276
481135
663020
614042
674056
43918
357728
689545
56512
767260
698450
430469
254889
423500
967035
694523
339380
744447
883352
974232
332397
227875
531640
689341
18219
174786
632008
899501
915190
990034
51471
401335
82912
124614
298802
427217
638378
536316
517350
880346
405822
733255
357257
29425
492871
13909
620788
926588
152551
749203
427422
538195
939558
541859
542554
166282
731002
488635
639679
29902
500521
683416
69557
861930
984090
954948
970559
655455
405464
10544
268123
882464
204131
245602
679062
1663
859667
490829
984260
223338
957159
118184
515597
743076
734584
590133
701024
611182
842505
152621
151877
33899
619245
729317
176556
877849
255992
655103
307302
322690
64478
425681
905708
358198
698459
352836
154029
956487
813520
155008
585188
494352
987044
349132
174309
648770
289573
974478
642147
859529
347486
895157
721062
251123
569089
441777
427888
413391
200819
500369
19141
782941
922398
738141
51746
668582
890204
446679
154286
541694
782009
671630
898820
83902
260451
525078
487254
690659
95330
534422
553719
229008
249726
741138
552028
206984
66420
676757
843510
191083
467325
823134
938654
139182
298122
955527
346085
261005
605361
684424
953317
256560
363307
701301
225612
514065
811557
101146
427595
743601
748441
35202
364531
611382
97434
481698
914831
161823
279595
605686
778455
69138
960630
73178
801734
961281
590984
831421
663513
840367
778476
513837
909018
122043
331917
737977
998264
617392
301590
817792
38565
970237
792760
849176
551914
205631
193491
508749
546628
171447
59482
845886
982375
709486
604685
685060
50516
367931
193780
460371
562864
770976
652274
233004
802564
210615
927881
145778
592513
327343
503813
897815
719734
267374
61744
740728
745187
491941
634127
142156
494609
606368
222519
905131
311898
412980
952904
983046
167245
656353
740966
726899
868614
