949
1
611857
284463
723425
259939
36845
767247
294787
182767
481974
984714
526651
701466
597010
58380
845517
50020
283295
878594
615632
294243
385060
609007
88263
380856
42565
944254
262310
17317
762707
908400
617216
163667
734749
670017
653675
351013
22440
839476
704146
777651
169685
700308
348569
617709
192281
23564
879159
845114
590194
85839
149325
358299
765557
45073
969489
640842
431696
556354
303521
393383
28307
135609
97784
910808
675531
225108
808233
341201
772455
414215
151126
935816
527511
388702
139824
789705
325967
804619
503361
66707
222425
955839
220249
921795
589134
487515
545613
730140
298019
478153
435958
834722
341861
995260
753016
818719
839250
253062
320627
994404
611027
41719
980615
661561
580196
348300
499146
912189
477054
427677
523331
573612
880979
290903
158657
184669
419439
940967
824867
523088
551656
773518
558709
799459
679656
650190
56276
321036
762405
991461
44968
963071
412599
949339
65566
525790
127643
880719
557682
492669
220379
33002
590756
32813
568488
212873
676130
797636
592480
139050
873653
433814
615897
453823
414067
668390
467630
722654
274021
361207
516714
950413
809607
289295
34452
229053
821246
922361
524945
590671
267440
385627
426729
702326
753519
270022
754193
205262
645958
240421
411917
94064
696587
464267
347762
457958
876861
231058
233484
863021
558553
481397
610583
506148
805656
266432
294050
186070
849958
761433
79319
297674
565395
338126
798643
928876
461502
472545
457863
110334
703718
387588
900138
787655
211401
635814
329360
261906
439799
853126
347247
390022
910522
43065
472329
378320
831710
613873
17212
173853
700034
427260
976814
168212
346299
657839
112216
699843
623584
646217
162967
134214
951084
127020
854133
778750
532849
966588
103107
213283
957243
474000
913119
771215
407429
139706
936754
375404
127890
491892
605526
536522
143860
580123
207828
569542
548027
318683
206111
863078
719610
292335
572324
536144
530475
898530
391249
708143
475420
18654
121493
341837
388262
319749
948563
244487
57749
793363
182900
892541
801729
105531
951836
763655
29233
869447
186248
652347
224516
115333
567821
298385
179536
493540
515969
36667
800926
790206
114395
952198
886380
158687
422758
726662
769163
721914
6056
89193
981405
753817
81738
816319
588365
808723
844757
258035
219488
915258
339878
907707
81225
142236
637136
840591
667876
260454
595407
899306
653787
266101
76431
103500
448183
912362
428516
722846
207212
720403
69574
630341
799779
341964
148380
627351
371244
217124
73739
625761
829486
566218
710297
938071
393389
474871
694304
114542
404140
876957
978287
111110
81118
385936
566850
661109
274906
783313
216562
98483
73159
68188
906993
129927
468562
555065
28859
987636
235739
273867
902695
718444
477809
482741
717968
43984
776929
30289
735550
599143
681634
683539
876648
483891
450219
652523
819349
782190
980376
28721
151021
732255
980163
179058
16148
406295
12946
898285
859119
870739
794178
657377
159687
426740
418059
751188
373180
972498
529969
653798
102605
868564
281588
655130
689370
588382
684384
523995
624835
850520
757691
172992
111581
560938
94115
75563
20046
473778
916980
424725
280782
426365
436827
838452
71854
193482
553391
273859
972378
6053
1232
38587
63987
273647
589400
978419
238134
567967
890943
663103
519686
180085
295536
506425
25363
530420
388732
483102
282877
410013
398344
879570
305781
943417
245773
919320
741723
835162
240027
441818
216852
446869
735572
138545
691437
98627
94003
234064
71394
596456
881800
912478
428490
62790
773340
119359
846853
467226
937272
102408
21727
187639
362704
162911
484204
208700
138961
622598
80075
964632
597309
283867
283139
91592
20865
545356
412751
833851
125152
923704
760902
49603
969373
378779
409027
937809
563714
891285
303422
156293
905422
819379
882298
847409
607814
482242
197557
322400
757450
629885
686227
613443
546431
855888
593194
212378
968146
993798
299416
169616
44668
793562
309215
576138
750529
466635
965658
143762
487339
825831
786548
376440
81063
316523
185786
289576
683300
374342
168954
912020
983719
992552
298214
436561
737784
570779
146317
13434
382214
897616
468040
744638
597165
735744
436780
614359
370685
617611
812634
625589
421037
908306
226857
966055
525886
277758
207797
195142
973949
665824
49700
866311
699301
933949
717416
126896
391859
238867
231851
974392
605553
497346
214134
619704
57798
234897
569126
23236
911261
819083
701713
732319
660790
248842
184876
365095
637979
312523
527598
512391
618699
46112
983016
855042
277476
726774
343354
538117
283495
496600
257175
370914
908284
800747
645194
81833
357412
843207
156182
644163
900530
817340
778480
50097
542410
484273
192572
448913
670641
865792
371353
229920
39706
366211
656342
282344
841715
995820
933763
743518
141977
326015
185733
831585
264844
762833
268174
482908
298259
671467
46869
745945
236976
631222
929756
966759
320186
219668
393651
181071
63691
468368
60106
192928
1857
759769
627493
223953
80253
208864
931210
322109
900615
872751
15286
554111
471223
548754
535637
323700
595010
412451
735379
374153
359004
758014
534459
396613
752821
734723
139876
731275
735716
222031
510471
192641
28131
37319
580508
449657
312393
603751
472541
560339
159956
61743
146523
399050
451954
344807
249825
123074
722201
795858
139676
985658
558336
551567
223492
876409
538054
968990
802292
649505
506691
975887
919390
94928
157555
581365
423041
149283
944030
975818
351630
420958
33380
302157
113567
867263
5701
753801
507958
726777
309273
52473
674594
437318
728557
774195
19597
348819
701833
547521
232327
566609
584747
275831
345131
608694
385584
831492
852968
506277
345442
958272
680545
180973
899017
113884
115227
956489
37563
644057
541023
671956
374508
231653
650568
519015
834438
214384
328993
937583
486621
10766
68312
133485
106710
309693
474294
245901
843252
48218
830269
492290
674188
286393
537943
887718
888903
227993
534787
779783
652651
307157
222640
140853
74374
839485
512241
360446
182659
266250
65402
113638
288649
253678
793783
780290
674838
171230
209588
63773
128833
80564
909395
352019
942547
8545
222108
148123
661923
710964
106531
984483
680570
276453
708307
634909
101260
82444
935403
243723
188919
53156
415282
879529
293298
943924
643377
405985
479975
685456
215475
537674
584969
79693
801222
640435
429134
639332
874991
270998
907002
384618
838453
654940
557635
515165
191063
3936
983053
926300
906037
793332
759251
565218
379478
413555
732378
398045
302974
545475
279597
984807
15342
894435
344294
247933
626421
919076
522411
650137
357794
867324
339799
477985
539821
256515
855983
356391
39435
40690
855508
872291
644093
287641
651395
36427
481070
157947
352982
