328
1
641630
316480
122647
643530
894208
934780
606362
661609
406402
580376
191166
377871
334079
39093
654092
264506
75621
822616
229048
215675
528792
21892
688138
977301
378713
366752
377211
204813
411849
62053
431871
366386
673782
307981
148524
467109
837219
635228
788302
728691
733466
431119
150484
689792
981708
305233
492888
628191
782618
186388
956817
472228
839016
242340
117024
707105
682653
388615
171086
217938
106497
59730
339902
197205
934474
531184
22278
461145
349344
828509
342914
568988
955720
126148
694132
347415
777560
28791
381484
22599
781537
494549
49851
609237
448940
306677
676300
634678
330351
871834
947907
242376
76824
297374
290910
300670
143398
665926
490337
518489
914879
151859
5122
363879
659482
557802
727755
866241
119995
533983
171794
634293
10890
31674
439997
333931
192893
133787
969928
635798
410579
430139
248949
515555
15786
899734
4203
224337
220672
558875
999938
280139
50623
173623
979112
634352
877787
920164
521170
578906
834123
12838
999094
205365
983641
385298
276580
278345
953052
204873
124086
887114
110083
773061
418914
595132
366650
911354
844390
254284
254912
576839
48224
310856
969348
883281
443630
328553
284604
505731
920679
851000
182419
760211
239836
859689
722326
609066
855530
661528
966957
794304
565273
66941
369232
707713
189902
339190
545476
205862
2746
41072
457420
612148
205061
663184
745059
381208
497377
397471
258607
901887
729938
711583
69409
680220
327767
331014
241558
101752
618459
148291
826624
297923
962031
380819
33293
345178
564211
501156
198235
667203
718799
126352
27267
303308
505885
963809
873107
301813
442154
117953
687695
312417
604093
114122
985275
538422
508783
5711
454988
293548
13484
149896
394792
966086
410728
348237
24722
594734
940330
663133
379900
516803
127543
306908
566969
528473
521118
261348
198805
973981
343739
757844
152281
132586
606144
147895
40955
623491
738467
423809
187930
918200
569576
198201
673422
630447
930080
754124
902371
806618
127850
886247
796823
769532
677187
35538
654508
942536
855956
845111
554005
544633
126328
492829
851831
981034
871936
557788
651157
580820
801788
371579
515924
534111
935039
648868
158350
7501
518907
665972
125620
240401
999799
512924
791203
883372
421305
252660
908322
37084
683485
773130
216064
193263
859810
260362
354957
640707
