100 100 39710091
6494 4920 2810 2374 8608 8261 3740 8807 2412 4120 4257 338 1721 7135 3714 6663 6211 2628 8496 -1 2938 6558 9556 -1 7652 5604 9965 3072 437 6767 5223 7802 3103 -1 6467 4308 4067 5511 6763 7287 760 -1 870 2824 6808 3997 1449 6373 9277 4344 8953 -1 4798 1022 3540 3643 3997 -1 7302 722 7789 339 3370 8449 2367 860 9377 3907 6605 -1 773 9898 946 1828 9449 6091 1420 260 424 131 4610 -1 8044 3208 6853 5088 3513 -1 2215 3953 5227 7915 7510 9172 821 9873 3249 -1 8877 -1
1236 -1 -1 -1 -1 -1 1196 -1 -1 -1 -1 -1 -1 -1 -1 -1 -1 -1 7596 -1 2677 -1 7493 -1 6650 -1 -1 -1 -1 -1 2730 -1 -1 -1 7773 -1 2713 -1 -1 -1 2559 -1 843 -1 -1 -1 -1 -1 2076 -1 8017 -1 -1 -1 -1 -1 289 -1 8686 -1 1321 -1 -1 -1 -1 -1 3958 -1 -1 -1 478 -1 4565 -1 -1 -1 -1 -1 -1 -1 1332 -1 -1 -1 4260 -1 3970 -1 -1 -1 -1 -1 6275 -1 -1 -1 6075 -1 2070 -1
7367 1923 3218 -1 7904 -1 4746 7397 8855 2110 5264 -1 3561 9870 9358 4913 8341 -1 4478 -1 787 -1 5535 -1 389 4578 9423 3830 8956 -1 6967 8642 2328 8411 5523 -1 8645 -1 2162 6456 4911 -1 8329 -1 1266 6576 6259 -1 375 -1 8166 3677 8509 7711 2709 951 5638 -1 4481 -1 4489 5372 4862 -1 8800 632 1479 -1 5946 5623 9299 -1 9162 1593 7087 2860 434 6745 6766 -1 6195 3626 9879 9305 6372 -1 1898 2466 4385 7030 9890 3712 9804 -1 5458 7448 1890 -1 5498 -1
-1 -1 8402 -1 3233 -1 -1 -1 -1 -1 8412 -1 6611 -1 -1 -1 -1 -1 2085 -1 8851 -1 8519 -1 -1 -1 -1 -1 -1 -1 -1 -1 3352 -1 -1 -1 2646 -1 -1 -1 2744 -1 -1 -1 6988 -1 7675 -1 4413 -1 -1 -1 -1 -1 -1 -1 2544 -1 5340 -1 -1 -1 4984 -1 7767 -1 -1 -1 9383 -1 -1 -1 -1 -1 -1 -1 -1 -1 9261 -1 -1 -1 -1 -1 4882 -1 -1 -1 -1 -1 -1 -1 -1 -1 7599 -1 -1 -1 776 -1
6134 -1 9147 -1 91 6645 9350 7488 528 -1 3559 -1 5485 6665 8256 8807 6820 -1 4322 -1 4764 -1 3384 -1 6978 5385 4898 7068 8757 5246 1144 -1 5555 9238 3027 -1 3267 5965 7162 -1 1357 -1 9942 7334 6662 -1 3009 6547 3369 -1 4328 3212 3597 4194 9652 4742 968 -1 2811 -1 1804 -1 1872 -1 2249 -1 9312 3104 7129 -1 1271 7131 1884 1571 1784 4504 6277 -1 6398 6833 3012 -1 3742 419 6550 -1 9808 9255 2227 -1 2755 7832 9607 101 3682 1438 2616 5642 8600 -1
4123 -1 4249 -1 -1 -1 3660 -1 5695 -1 4057 -1 -1 -1 -1 -1 2760 -1 6356 -1 4488 -1 5462 -1 8938 -1 -1 -1 -1 -1 5507 -1 -1 -1 -1 -1 8076 -1 4531 -1 244 -1 2862 -1 -1 -1 -1 -1 -1 -1 9592 -1 -1 -1 -1 -1 -1 -1 8990 -1 7493 -1 9387 -1 -1 -1 5810 -1 -1 -1 -1 -1 3923 -1 -1 -1 -1 -1 -1 -1 3289 -1 -1 -1 -1 -1 254 -1 4367 -1 -1 -1 -1 -1 -1 -1 -1 -1 979 -1
3146 2796 6524 -1 3729 3350 9098 -1 7097 -1 4431 909 3078 9543 7168 -1 5905 -1 4767 3540 406 -1 976 -1 5525 7432 7405 -1 4527 -1 947 -1 2655 3268 9088 -1 3336 -1 5504 -1 691 2640 7488 -1 3414 2470 8712 9853 6414 2647 6537 -1 6858 9717 850 5258 368 -1 4934 591 5653 -1 1549 3110 3759 -1 9490 -1 5106 9133 4522 -1 5308 3147 7129 1180 4370 4744 1278 -1 580 -1 9287 2725 1333 3329 9807 -1 4996 6760 9245 8543 7221 251 1334 8300 6042 -1 7391 -1
2672 -1 -1 -1 30 -1 -1 -1 7821 -1 -1 -1 -1 -1 3103 -1 6059 -1 -1 -1 -1 -1 7741 -1 -1 -1 72 -1 1351 -1 4420 -1 8444 -1 8185 -1 -1 -1 497 -1 -1 -1 -1 -1 -1 -1 9775 -1 -1 -1 -1 -1 9233 -1 -1 -1 -1 -1 -1 -1 8270 -1 -1 -1 5642 -1 2578 -1 9425 -1 9256 -1 -1 -1 -1 -1 8054 -1 3130 -1 4562 -1 4660 -1 -1 -1 -1 -1 -1 -1 -1 -1 -1 -1 -1 -1 2618 -1 334 -1
1392 3131 1171 -1 1065 4636 5749 -1 8563 -1 9224 1283 955 -1 1277 -1 9037 3769 8728 3 6763 7405 8479 1331 8840 3909 9074 -1 8234 9932 9374 7450 6387 -1 6598 6472 8384 -1 3110 937 803 2902 1995 4647 4718 -1 2998 4034 168 3849 3771 -1 8130 5390 1277 645 1516 162 7241 -1 2345 -1 1957 -1 6816 7904 8299 -1 5487 -1 5563 8535 8642 1869 3528 -1 6435 -1 5115 -1 5142 -1 4431 -1 3909 1978 9460 -1 8293 5019 8420 7414 9041 2178 7391 -1 8248 -1 2636 -1
-1 -1 5667 -1 2378 -1 2416 -1 -1 -1 4791 -1 5062 -1 9097 -1 8653 -1 -1 -1 -1 -1 -1 -1 -1 -1 -1 -1 -1 -1 -1 -1 -1 -1 -1 -1 837 -1 -1 -1 -1 -1 5699 -1 368 -1 -1 -1 -1 -1 3243 -1 -1 -1 -1 -1 4561 -1 4352 -1 4650 -1 2871 -1 -1 -1 -1 -1 8827 -1 -1 -1 -1 -1 7560 -1 2295 -1 -1 -1 1281 -1 3301 -1 9189 -1 2903 -1 1512 -1 -1 -1 -1 -1 4473 -1 689 -1 4285 -1
7816 -1 4176 -1 9745 -1 7234 -1 740 837 4916 -1 7121 4123 2856 -1 9262 -1 1984 3776 1943 3616 7553 1884 4410 5525 3005 8004 4714 1989 8881 -1 7645 565 2069 -1 3505 3673 9758 9832 6889 -1 672 -1 5101 7979 6018 -1 1479 6795 7781 2089 5895 7309 5205 9290 2881 -1 8388 -1 6452 -1 7780 1767 2056 -1 2016 9792 2522 -1 953 5087 7600 6219 5716 -1 8765 -1 1661 9362 4777 -1 3866 -1 2295 -1 619 -1 5707 -1 6544 1782 3594 -1 5425 -1 8962 -1 2825 -1
5092 -1 9689 -1 2752 -1 3099 -1 5274 -1 -1 -1 -1 -1 -1 -1 -1 -1 2373 -1 -1 -1 -1 -1 -1 -1 -1 -1 -1 -1 1517 -1 1387 -1 -1 -1 -1 -1 -1 -1 5369 -1 -1 -1 -1 -1 6264 -1 7944 -1 -1 -1 -1 -1 -1 -1 -1 -1 5580 -1 1745 -1 700 -1 3794 -1 5851 -1 1136 -1 -1 -1 -1 -1 51 -1 3624 -1 9373 -1 2663 -1 6842 -1 -1 -1 4820 -1 1599 -1 4744 -1 -1 -1 4048 -1 2246 -1 1088 -1
9698 5343 3834 -1 1998 -1 7505 -1 4639 6258 7880 -1 9688 4283 9878 7702 2034 -1 4628 7734 2645 -1 4224 5713 9779 3484 8723 1160 6177 -1 4105 -1 3375 2709 463 -1 9350 858 3500 3945 9433 25 5222 -1 5246 5961 4236 -1 5643 -1 2077 964 948 6203 2411 -1 4436 266 1257 -1 1103 -1 2975 -1 9535 -1 7107 -1 3659 -1 973 6347 8093 -1 6682 2590 3466 -1 4175 -1 7211 -1 2292 -1 7015 9884 123 -1 6723 -1 8060 3964 7283 3587 3123 -1 1189 -1 8873 -1
5018 -1 -1 -1 -1 -1 3566 -1 -1 -1 3351 -1 9483 -1 -1 -1 7619 -1 -1 -1 4584 -1 5680 -1 -1 -1 -1 -1 -1 -1 5361 -1 3060 -1 7782 -1 1255 -1 -1 -1 -1 -1 3890 -1 7490 -1 -1 -1 6150 -1 7912 -1 -1 -1 8328 -1 -1 -1 -1 -1 7557 -1 620 -1 1026 -1 -1 -1 2873 -1 6628 -1 4151 -1 -1 -1 4984 -1 3765 -1 -1 -1 5126 -1 1278 -1 2042 -1 4453 -1 -1 -1 -1 -1 9017 -1 5190 -1 4808 -1
7810 1805 7650 979 9881 5421 3017 4238 7304 -1 2283 -1 1351 -1 4467 -1 2573 4243 9030 -1 9483 -1 9070 7746 5501 5509 9473 5795 1131 -1 922 -1 1609 -1 571 1789 1386 -1 7018 2421 4427 -1 7710 -1 14 -1 2129 8644 483 -1 7274 7080 5008 -1 2146 6599 5141 8583 7692 7128 4813 -1 1221 -1 2681 1168 1604 1454 3900 -1 3866 -1 3240 -1 9460 2278 8597 -1 6641 9846 9645 7349 47 -1 5643 -1 8476 -1 3040 668 1570 543 6492 -1 3917 1484 5184 -1 7799 -1
-1 -1 -1 -1 -1 -1 -1 -1 2065 -1 909 -1 652 -1 7982 -1 -1 -1 4053 -1 6519 -1 6873 -1 -1 -1 -1 -1 8463 -1 994 -1 -1 -1 -1 -1 -1 -1 9130 -1 2071 -1 168 -1 1518 -1 2088 -1 -1 -1 -1 -1 810 -1 -1 -1 -1 -1 -1 -1 -1 -1 5706 -1 -1 -1 -1 -1 -1 -1 221 -1 4464 -1 8226 -1 -1 -1 -1 -1 -1 -1 -1 -1 5538 -1 -1 -1 -1 -1 -1 -1 4066 -1 -1 -1 -1 -1 5054 -1
3158 4878 5227 3227 505 9986 1347 -1 3461 -1 1245 5224 1951 -1 797 -1 5623 1028 7250 -1 1383 -1 7605 5533 3326 -1 6637 6499 2492 -1 6740 -1 869 4368 9190 4778 9544 1504 7545 -1 4444 -1 367 7039 7825 -1 2797 -1 1209 1186 6097 -1 1435 -1 7818 7241 5179 1272 6570 5144 7028 -1 9924 5486 830 3668 5291 -1 3873 5259 9530 -1 1254 -1 366 8918 7210 5089 6978 4827 3432 6820 756 -1 1615 2955 2559 8143 3405 3208 7856 -1 3965 6537 4627 5395 1015 -1 1437 -1
-1 -1 -1 -1 3982 -1 8876 -1 8051 -1 -1 -1 -1 -1 1749 -1 4672 -1 4956 -1 3155 -1 -1 -1 -1 -1 9477 -1 2251 -1 8191 -1 1460 -1 -1 -1 -1 -1 -1 -1 4828 -1 -1 -1 9156 -1 -1 -1 6385 -1 2732 -1 1187 -1 2253 -1 7310 -1 -1 -1 326 -1 9440 -1 -1 -1 8633 -1 5348 -1 -1 -1 9553 -1 -1 -1 -1 -1 -1 -1 -1 -1 9765 -1 -1 -1 -1 -1 -1 -1 6938 -1 -1 -1 -1 -1 9533 -1 2468 -1
5832 7778 2806 2933 307 -1 595 -1 1361 3113 3892 -1 9968 9255 9099 -1 4893 -1 4607 -1 4170 4509 5421 4043 9934 -1 8659 -1 5208 -1 799 -1 2050 -1 5477 8623 2507 9931 5913 -1 1888 -1 4324 1045 3377 -1 1678 6738 4336 -1 8047 6428 1478 -1 3243 -1 8864 -1 4105 6862 4210 -1 467 -1 9923 -1 815 9328 2884 -1 4723 5712 2379 -1 9713 5360 5389 5918 1414 4351 1815 -1 4060 -1 8162 2282 807 7629 1969 2910 8853 2669 5837 -1 8295 5306 9331 -1 8680 -1
469 -1 -1 -1 -1 -1 -1 -1 -1 -1 6593 -1 8910 -1 1774 -1 2677 -1 -1 -1 -1 -1 -1 -1 2752 -1 4910 -1 -1 -1 5990 -1 2507 -1 4826 -1 -1 -1 1310 -1 43 -1 -1 -1 -1 -1 9578 -1 -1 -1 -1 -1 -1 -1 -1 -1 4392 -1 -1 -1 -1 -1 4606 -1 4688 -1 -1 -1 -1 -1 4928 -1 -1 -1 4903 -1 -1 -1 -1 -1 3788 -1 6905 -1 5264 -1 -1 -1 -1 -1 -1 -1 7182 -1 2004 -1 -1 -1 -1 -1
6671 -1 6430 9241 1067 -1 3436 8935 7264 9131 3434 -1 4201 -1 5574 -1 5424 850 5396 4751 2844 -1 7127 8363 4009 -1 284 3172 5014 -1 1674 8819 3416 -1 3145 -1 5163 1539 7539 -1 165 -1 6006 7301 2328 6220 1325 -1 5141 3855 6494 4717 6140 2148 9065 8576 2512 -1 2397 9197 3921 -1 1201 3165 1437 9658 5952 1938 6913 -1 4709 -1 1791 3295 1422 5315 9666 -1 8189 5169 898 -1 7016 5121 2729 -1 7662 59 2545 1195 4003 1607 6121 -1 7812 6878 2329 2617 1965 -1
2197 -1 9288 -1 5513 -1 9957 -1 -1 -1 -1 -1 -1 -1 9975 -1 -1 -1 8898 -1 4101 -1 4492 -1 -1 -1 -1 -1 4885 -1 -1 -1 -1 -1 3645 -1 3865 -1 1873 -1 3352 -1 1784 -1 -1 -1 -1 -1 4109 -1 4952 -1 -1 -1 -1 -1 1566 -1 9825 -1 4297 -1 -1 -1 -1 -1 -1 -1 7955 -1 5312 -1 -1 -1 -1 -1 -1 -1 4092 -1 -1 -1 -1 -1 -1 -1 8717 -1 -1 -1 -1 -1 -1 -1 -1 -1 -1 -1 933 -1
2337 7385 3243 -1 745 2637 5337 -1 5671 9555 6959 4482 6920 1263 5237 -1 5401 -1 5920 -1 9791 -1 539 9827 6929 904 1311 -1 1913 4424 6979 3607 918 8884 7698 -1 6744 -1 8254 -1 3891 1044 13 -1 1649 2564 8490 3952 2384 -1 256 3957 8527 -1 1779 7372 4273 -1 9459 -1 7398 4101 3078 2023 8448 1559 7757 4366 2604 -1 8805 4640 5247 -1 735 1718 8415 1121 2512 -1 5038 2483 8549 2858 7913 -1 7778 -1 1791 8119 458 3160 7792 7550 4555 9149 6663 -1 3413 -1
202 -1 -1 -1 -1 -1 -1 -1 9420 -1 -1 -1 -1 -1 6798 -1 2938 -1 5512 -1 6663 -1 -1 -1 -1 -1 4901 -1 -1 -1 -1 -1 -1 -1 -1 -1 7223 -1 -1 -1 -1 -1 -1 -1 -1 -1 -1 -1 -1 -1 -1 -1 3037 -1 8360 -1 -1 -1 3998 -1 -1 -1 -1 -1 -1 -1 -1 -1 -1 -1 -1 -1 1353 -1 7453 -1 -1 -1 7789 -1 368 -1 -1 -1 2066 -1 1584 -1 470 -1 -1 -1 -1 -1 -1 -1 1341 -1 4561 -1
1638 5103 8176 -1 583 7365 831 540 7438 -1 132 6804 4882 -1 4669 329 2589 -1 5754 -1 4222 534 2298 4232 3221 -1 3291 4248 5219 9647 618 5345 2518 6691 2441 -1 8274 8464 4089 433 8033 9336 9307 53 9192 1852 8837 2102 787 -1 2652 3611 8479 -1 8106 6308 7334 -1 4020 -1 4831 7839 8946 -1 5253 1046 2105 -1 9160 4894 3082 1639 8517 -1 7205 2188 8692 -1 3678 -1 3094 -1 8235 -1 6822 3712 7821 -1 2906 -1 1190 1265 6919 -1 1440 6986 7842 -1 5345 -1
-1 -1 7234 -1 -1 -1 9048 -1 -1 -1 8299 -1 -1 -1 3235 -1 -1 -1 8927 -1 -1 -1 -1 -1 -1 -1 -1 -1 -1 -1 -1 -1 -1 -1 2909 -1 -1 -1 8305 -1 2512 -1 -1 -1 -1 -1 -1 -1 819 -1 5685 -1 -1 -1 -1 -1 -1 -1 1612 -1 -1 -1 1857 -1 1747 -1 164 -1 7810 -1 -1 -1 -1 -1 -1 -1 4324 -1 7555 -1 3561 -1 8672 -1 -1 -1 -1 -1 2029 -1 -1 -1 25 -1 3092 -1 6779 -1 6412 -1
6038 -1 6683 -1 9265 7026 1006 -1 4508 7652 6122 1729 3132 5855 9174 -1 4679 866 4387 -1 5486 8465 492 3576 360 7823 4157 3603 4036 660 3628 9189 7490 -1 584 7401 6321 -1 9619 -1 3348 6805 6012 4927 9098 3213 8785 -1 1513 2553 7803 -1 8585 9941 8464 5042 2351 1894 7912 -1 7418 6744 113 -1 8647 -1 4225 3764 4687 -1 4041 2051 8176 2825 6678 4478 3617 -1 4864 -1 7159 1559 4904 8762 2837 -1 8211 9322 7522 4932 6682 8607 9078 -1 6684 -1 5205 -1 7707 -1
8824 -1 794 -1 3773 -1 9240 -1 -1 -1 -1 -1 -1 -1 -1 -1 7263 -1 -1 -1 9146 -1 -1 -1 -1 -1 3119 -1 -1 -1 -1 -1 -1 -1 -1 -1 9424 -1 8675 -1 -1 -1 -1 -1 -1 -1 9638 -1 -1 -1 8225 -1 6954 -1 -1 -1 -1 -1 -1 -1 8236 -1 -1 -1 1496 -1 -1 -1 -1 -1 -1 -1 -1 -1 7472 -1 -1 -1 -1 -1 -1 -1 -1 -1 7457 -1 637 -1 -1 -1 -1 -1 -1 -1 1850 -1 6754 -1 2580 -1
1536 -1 4820 8690 5501 -1 1279 -1 4680 9521 7872 3130 6423 8362 6748 -1 4261 1326 5769 -1 2720 3725 3287 4218 3155 -1 719 4844 9773 1919 1634 -1 4004 5238 3348 1270 2900 -1 3038 8808 7494 5082 2021 -1 8981 -1 717 -1 8004 -1 5164 -1 3307 -1 6750 9474 7202 -1 5530 7728 8096 2444 3244 -1 7717 5846 2543 -1 3468 91 3756 184 7180 -1 1166 9602 5678 3355 1613 1799 4817 48 7385 -1 3148 -1 8046 -1 7783 1566 5311 4248 1232 5586 297 -1 4277 -1 565 -1
2097 -1 -1 -1 -1 -1 9691 -1 1931 -1 -1 -1 -1 -1 6396 -1 -1 -1 8056 -1 -1 -1 -1 -1 267 -1 -1 -1 -1 -1 1852 -1 5729 -1 -1 -1 -1 -1 -1 -1 -1 -1 9699 -1 1795 -1 5400 -1 8224 -1 7353 -1 2462 -1 232 -1 3766 -1 5747 -1 -1 -1 9693 -1 -1 -1 2174 -1 2548 -1 -1 -1 2965 -1 5226 -1 -1 -1 1977 -1 -1 -1 -1 -1 7579 -1 2423 -1 2813 -1 7961 -1 -1 -1 -1 -1 -1 -1 193 -1
7458 5935 912 8545 865 -1 587 -1 3719 -1 217 2889 2750 -1 2143 4792 6356 8308 4329 -1 4058 9399 6770 372 8938 -1 3632 2324 4381 -1 7061 -1 7081 -1 2441 -1 2658 3059 6246 6327 967 -1 7477 -1 9113 -1 6616 -1 8367 4919 2192 -1 5305 -1 5291 -1 4868 9804 9681 -1 1922 5147 1766 -1 2109 4517 5041 -1 467 -1 1556 -1 1362 -1 1606 454 2262 -1 2225 355 9823 -1 7069 7545 2063 -1 3603 -1 9183 -1 6298 -1 4892 6741 3112 9214 3533 -1 5224 -1
7645 -1 4583 -1 -1 -1 1124 -1 7231 -1 1209 -1 7296 -1 -1 -1 -1 -1 5400 -1 5186 -1 -1 -1 -1 -1 5298 -1 6715 -1 4932 -1 5815 -1 4932 -1 7522 -1 -1 -1 6557 -1 7199 -1 3267 -1 2541 -1 -1 -1 -1 -1 2972 -1 -1 -1 -1 -1 -1 -1 2880 -1 2299 -1 1203 -1 -1 -1 1911 -1 3591 -1 9336 -1 2629 -1 -1 -1 -1 -1 7415 -1 2683 -1 -1 -1 3815 -1 6826 -1 -1 -1 8256 -1 -1 -1 8614 -1 4883 -1
9172 -1 7805 -1 3466 2809 9755 -1 3493 -1 786 -1 8651 4786 4833 7396 3001 5920 5226 -1 1515 -1 5672 4605 3473 -1 2716 -1 31 8752 9750 -1 432 -1 5951 9104 7700 5577 7493 -1 4048 5037 6823 -1 7175 -1 5273 1680 3004 6557 9368 6461 1613 -1 6936 6713 4531 -1 3099 5242 6006 -1 1554 -1 3954 309 6772 3085 5379 -1 7023 -1 4421 -1 9014 -1 4865 6807 1415 2390 2375 -1 2078 -1 2091 5976 7097 -1 7575 -1 8761 4271 5867 -1 8521 7450 5812 -1 4058 -1
225 -1 3780 -1 7503 -1 -1 -1 5912 -1 -1 -1 -1 -1 3901 -1 -1 -1 -1 -1 4118 -1 -1 -1 8509 -1 231 -1 -1 -1 6032 -1 4366 -1 4815 -1 -1 -1 -1 -1 1385 -1 -1 -1 2411 -1 -1 -1 -1 -1 -1 -1 -1 -1 7961 -1 1935 -1 9583 -1 -1 -1 2925 -1 -1 -1 -1 -1 2654 -1 4241 -1 1567 -1 1247 -1 8365 -1 -1 -1 6419 -1 628 -1 -1 -1 6102 -1 4139 -1 481 -1 -1 -1 5245 -1 -1 -1 2941 -1
7090 -1 931 -1 7189 4037 7910 -1 5947 -1 2645 7034 3293 -1 9488 150 8514 7754 9407 -1 353 757 7876 -1 7982 -1 7863 7816 5991 -1 8315 -1 6650 -1 1635 -1 5040 1677 7581 -1 896 -1 6572 4315 8256 2583 5614 -1 3155 5319 7570 8354 5475 4479 273 -1 6902 8109 100 -1 7384 7811 9573 -1 804 9161 7444 -1 7032 369 7880 -1 4232 -1 8240 -1 9178 -1 5376 5794 3902 -1 7758 3988 4373 -1 4081 -1 8564 -1 8167 -1 9018 3148 8876 5422 6876 198 127 -1
-1 -1 4028 -1 -1 -1 9986 -1 7949 -1 7934 -1 5086 -1 -1 -1 -1 -1 -1 -1 -1 -1 9008 -1 5652 -1 -1 -1 760 -1 4857 -1 8267 -1 -1 -1 3138 -1 4591 -1 1219 -1 -1 -1 -1 -1 2693 -1 9455 -1 -1 -1 -1 -1 6728 -1 -1 -1 -1 -1 1365 -1 -1 -1 8140 -1 9590 -1 -1 -1 -1 -1 794 -1 4010 -1 5882 -1 7389 -1 -1 -1 -1 -1 4708 -1 -1 -1 453 -1 384 -1 -1 -1 -1 -1 -1 -1 6568 -1
1784 5804 6419 -1 4800 2233 2430 -1 133 788 7624 -1 4879 5729 3245 -1 8265 2511 4309 5149 1843 -1 3494 5462 1213 -1 196 1515 7481 -1 5534 -1 8600 1304 2145 3924 9264 -1 68 -1 9984 3968 1251 807 7519 -1 1790 4697 9815 2287 9489 -1 4533 6163 9314 -1 3287 6496 9951 -1 929 -1 1220 4922 8149 -1 8571 165 6743 4507 2887 1582 2295 -1 1030 -1 3418 -1 5972 2606 5735 5845 5716 -1 7854 2362 1269 -1 6761 -1 5437 7877 2493 1226 2152 -1 6452 7330 9157 -1
4198 -1 6367 -1 7843 -1 -1 -1 -1 -1 -1 -1 -1 -1 8840 -1 5246 -1 3080 -1 8968 -1 -1 -1 7857 -1 2483 -1 -1 -1 -1 -1 -1 -1 -1 -1 -1 -1 2511 -1 -1 -1 -1 -1 5445 -1 -1 -1 -1 -1 -1 -1 1165 -1 -1 -1 854 -1 -1 -1 3942 -1 4058 -1 -1 -1 -1 -1 -1 -1 -1 -1 -1 -1 -1 -1 4719 -1 -1 -1 -1 -1 4085 -1 -1 -1 4127 -1 7262 -1 -1 -1 -1 -1 3805 -1 8034 -1 -1 -1
4981 -1 7172 -1 22 -1 1546 7316 6354 3161 5381 6672 7363 -1 616 7883 7613 -1 2306 -1 7239 5214 9897 -1 3629 -1 3385 5547 7815 -1 2088 3077 9340 9670 121 -1 22 3570 4966 -1 9623 6143 9177 4008 7833 9202 1480 3605 9949 4538 9284 4045 644 -1 2160 -1 9164 1824 6630 3003 7095 -1 8039 191 9362 -1 8355 1675 9955 8073 4469 -1 3691 4751 243 7344 2822 -1 7253 5739 2969 7374 9358 -1 4865 -1 419 1345 3417 -1 5628 -1 8765 4608 9960 -1 7002 2403 7008 -1
7051 -1 -1 -1 139 -1 -1 -1 2546 -1 -1 -1 3885 -1 -1 -1 -1 -1 5857 -1 -1 -1 7261 -1 7647 -1 -1 -1 3914 -1 5596 -1 -1 -1 7871 -1 5489 -1 -1 -1 6068 -1 -1 -1 -1 -1 -1 -1 -1 -1 -1 -1 -1 -1 5656 -1 6206 -1 -1 -1 -1 -1 -1 -1 1051 -1 2341 -1 7649 -1 -1 -1 8690 -1 5690 -1 -1 -1 -1 -1 9029 -1 -1 -1 6861 -1 -1 -1 6270 -1 6553 -1 6227 -1 -1 -1 -1 -1 467 -1
156 1413 8725 -1 8522 7216 2439 -1 5054 -1 9814 -1 5311 -1 5740 3954 7249 -1 7230 2430 8089 -1 9629 -1 4782 9839 4719 -1 9033 4094 2565 -1 900 -1 4700 2407 5249 -1 2738 4625 5100 -1 4809 272 8836 9494 6625 9265 8204 9304 5114 5200 3172 -1 2278 4982 6120 -1 453 9220 8975 372 2597 9781 9036 -1 5661 -1 4753 -1 1907 2773 9161 -1 7317 641 1861 2068 5006 -1 6503 9146 9769 8025 2752 2153 7751 -1 4019 8221 3142 -1 897 -1 308 1329 4379 -1 1306 -1
-1 -1 6946 -1 -1 -1 6512 -1 2702 -1 6225 -1 387 -1 2794 -1 7475 -1 -1 -1 5895 -1 1291 -1 -1 -1 7156 -1 -1 -1 -1 -1 5080 -1 -1 -1 -1 -1 626 -1 -1 -1 4285 -1 -1 -1 -1 -1 -1 -1 -1 -1 9061 -1 3915 -1 -1 -1 2974 -1 -1 -1 -1 -1 -1 -1 861 -1 4974 -1 730 -1 -1 -1 -1 -1 -1 -1 8730 -1 -1 -1 -1 -1 -1 -1 8242 -1 3524 -1 -1 -1 6316 -1 4602 -1 1510 -1 2478 -1
4694 3782 1079 5006 157 -1 9949 3954 1560 -1 1484 -1 1133 7892 9769 -1 9029 -1 131 -1 4878 -1 7577 4920 5825 -1 4320 -1 6532 8344 5811 -1 4924 8939 4824 -1 4224 3024 3006 4342 2293 -1 9676 -1 496 3583 3637 -1 4866 8754 30 2642 3774 -1 3001 -1 5859 5159 9754 -1 9556 8638 2663 5796 8451 -1 8581 -1 6094 -1 7778 -1 9999 5285 4454 9920 2279 -1 3991 -1 6725 5824 2434 -1 5391 8369 209 -1 3931 -1 7307 1244 3301 -1 1378 -1 8457 1042 7669 -1
5791 -1 4990 -1 -1 -1 -1 -1 -1 -1 7451 -1 -1 -1 -1 -1 964 -1 2709 -1 2078 -1 -1 -1 -1 -1 9796 -1 1037 -1 -1 -1 8346 -1 2574 -1 840 -1 -1 -1 -1 -1 9449 -1 5168 -1 -1 -1 9573 -1 -1 -1 -1 -1 -1 -1 8628 -1 2724 -1 8436 -1 -1 -1 6676 -1 6364 -1 8096 -1 356 -1 7664 -1 -1 -1 5500 -1 4914 -1 7833 -1 6813 -1 6240 -1 -1 -1 6486 -1 7568 -1 -1 -1 -1 -1 5897 -1 -1 -1
264 -1 4499 -1 2317 9445 1660 6244 3537 2148 2919 4057 3368 7842 2132 -1 5483 -1 6235 -1 3252 7284 9516 6704 9428 2258 3924 -1 697 5118 3714 9678 8043 -1 8512 2506 8334 -1 3562 7747 4256 -1 9963 -1 3506 1923 7344 -1 8794 489 5801 -1 5121 2858 893 8101 1100 -1 2595 -1 1105 2879 9828 -1 5179 -1 3266 -1 5939 -1 2632 -1 9793 -1 2245 -1 1150 -1 2003 -1 1577 -1 7426 6434 9429 -1 2480 9087 8244 -1 6271 2683 8797 1574 1832 -1 2187 2575 1584 -1
6217 -1 -1 -1 6412 -1 -1 -1 6092 -1 -1 -1 -1 -1 -1 -1 9695 -1 8101 -1 -1 -1 -1 -1 -1 -1 -1 -1 -1 -1 -1 -1 8687 -1 -1 -1 -1 -1 8167 -1 6930 -1 8701 -1 4991 -1 5307 -1 -1 -1 3475 -1 369 -1 109 -1 -1 -1 -1 -1 -1 -1 7940 -1 8885 -1 -1 -1 1259 -1 5441 -1 8931 -1 3266 -1 5600 -1 2956 -1 -1 -1 -1 -1 -1 -1 852 -1 -1 -1 -1 -1 -1 -1 5324 -1 -1 -1 7769 -1
1264 7718 2761 3116 4933 -1 3355 8681 3331 -1 865 5121 2294 4241 3387 -1 1596 7492 6775 887 9331 -1 4879 9621 5522 7416 5723 9463 96 4518 689 -1 4951 3544 3990 -1 5218 3528 1013 -1 948 -1 8879 -1 4551 -1 9478 8473 9577 5490 3779 -1 5680 -1 3527 -1 7856 5503 7680 4020 5161 1324 9137 -1 6711 4093 2431 -1 4786 3748 9988 -1 2759 -1 3913 3292 6616 -1 9196 8865 4020 5537 8296 -1 8659 9409 7075 6969 7364 3583 8629 -1 4784 8050 6244 -1 1913 -1 8394 -1
-1 -1 -1 -1 -1 -1 423 -1 -1 -1 7864 -1 -1 -1 7306 -1 -1 -1 -1 -1 9544 -1 -1 -1 -1 -1 -1 -1 9199 -1 5582 -1 4443 -1 -1 -1 5751 -1 -1 -1 1268 -1 6227 -1 3299 -1 -1 -1 -1 -1 -1 -1 5077 -1 -1 -1 8079 -1 -1 -1 -1 -1 -1 -1 -1 -1 2562 -1 2525 -1 -1 -1 3847 -1 -1 -1 -1 -1 -1 -1 -1 -1 9495 -1 5524 -1 -1 -1 -1 -1 1752 -1 1343 -1 -1 -1 3298 -1 4723 -1
8611 941 2043 2198 2733 -1 2557 5943 7671 7334 6343 -1 2280 7815 70 -1 242 3793 5677 6380 1186 -1 5819 9012 5567 -1 8728 1582 5935 -1 1180 -1 7786 -1 3558 7774 6582 -1 8761 -1 7373 -1 2226 -1 7291 -1 1855 8149 4651 1921 2568 -1 28 5858 4030 6797 4056 8287 515 9008 9430 7865 61 -1 1053 5985 2748 -1 1116 -1 1270 2771 2394 -1 4633 3523 4974 1165 376 3448 469 -1 5685 4804 5592 -1 4888 8230 3503 -1 5271 -1 7932 -1 2647 5959 9662 -1 1842 -1
9538 -1 -1 -1 3112 -1 9524 -1 -1 -1 -1 -1 6874 -1 6368 -1 8895 -1 -1 -1 -1 -1 4850 -1 4560 -1 1056 -1 -1 -1 6482 -1 -1 -1 8829 -1 -1 -1 4015 -1 4753 -1 2149 -1 2501 -1 -1 -1 2178 -1 1420 -1 6230 -1 -1 -1 -1 -1 -1 -1 -1 -1 -1 -1 1685 -1 -1 -1 4396 -1 4815 -1 7727 -1 7312 -1 -1 -1 -1 -1 7562 -1 -1 -1 6427 -1 8613 -1 3049 -1 -1 -1 2963 -1 2894 -1 -1 -1 7299 -1
3771 -1 3200 6081 3125 -1 3339 6701 6777 -1 4601 9331 6073 -1 7489 -1 2012 -1 816 -1 3620 2090 5795 -1 2973 -1 5265 361 2766 -1 8128 7690 3074 8342 6911 -1 20 9103 6691 -1 3102 3037 4681 -1 9798 4156 9643 8479 7565 -1 8832 -1 7086 -1 9737 8199 6764 3981 634 9340 6386 8027 6353 6425 5065 -1 8564 -1 6618 9046 414 -1 4990 -1 8253 -1 1748 9444 192 7614 7665 2742 76 -1 2649 -1 5725 -1 8640 6312 9898 5578 8409 -1 3890 6780 7873 4867 6696 -1
2561 -1 3601 -1 -1 -1 -1 -1 6170 -1 1490 -1 9401 -1 -1 -1 4686 -1 8834 -1 8232 -1 3163 -1 8988 -1 -1 -1 7102 -1 -1 -1 -1 -1 -1 -1 1398 -1 1211 -1 -1 -1 -1 -1 -1 -1 -1 -1 -1 -1 1307 -1 7160 -1 1343 -1 -1 -1 -1 -1 -1 -1 -1 -1 -1 -1 640 -1 -1 -1 -1 -1 1537 -1 5505 -1 -1 -1 -1 -1 -1 -1 7333 -1 7155 -1 9498 -1 9298 -1 -1 -1 -1 -1 -1 -1 -1 -1 -1 -1
7197 -1 7344 4231 1623 -1 8714 -1 454 -1 3723 -1 1613 -1 6972 1318 9742 -1 3129 1797 1304 -1 6993 -1 7478 898 4279 5123 4882 -1 2946 127 8354 1406 6997 6887 1150 -1 5822 -1 7885 8687 1942 6746 4316 9886 9363 3548 1626 -1 8870 -1 1822 -1 9709 -1 3686 7342 9705 2772 1498 -1 9316 2659 6860 7468 7653 -1 3448 8935 7535 3466 1926 -1 3444 2350 9807 1619 8849 8955 5930 -1 4861 -1 6011 -1 8662 -1 4873 -1 3287 6123 991 1901 3694 1328 6475 4435 1167 -1
1549 -1 -1 -1 8354 -1 2365 -1 3767 -1 1504 -1 -1 -1 1945 -1 -1 -1 -1 -1 -1 -1 8985 -1 -1 -1 -1 -1 -1 -1 6205 -1 -1 -1 -1 -1 -1 -1 2141 -1 9788 -1 5020 -1 -1 -1 -1 -1 -1 -1 9678 -1 9764 -1 7220 -1 -1 -1 7056 -1 3456 -1 232 -1 7405 -1 1939 -1 6206 -1 -1 -1 -1 -1 -1 -1 -1 -1 -1 -1 4755 -1 972 -1 1995 -1 7256 -1 -1 -1 931 -1 -1 -1 -1 -1 -1 -1 6928 -1
6660 9226 5513 -1 396 -1 9199 7993 2326 -1 7049 8521 5579 -1 5343 8 5944 3444 1272 -1 6679 2857 5610 -1 6519 7331 6905 3870 2285 -1 4933 4434 9551 -1 9456 2809 9156 -1 8578 -1 7327 -1 7487 3303 9469 9709 1902 6784 7598 -1 595 -1 3678 -1 6882 698 422 -1 6243 -1 7450 5309 9826 -1 7354 -1 5448 -1 65 2219 3246 -1 2649 6150 1903 6894 6417 9914 6820 -1 1187 -1 5779 -1 3620 -1 4883 2917 6905 8953 8250 1637 7007 9395 899 -1 3790 5052 3589 -1
6113 -1 5542 -1 7224 -1 -1 -1 -1 -1 -1 -1 4558 -1 -1 -1 -1 -1 8494 -1 8138 -1 -1 -1 6401 -1 -1 -1 7297 -1 1046 -1 1525 -1 6422 -1 -1 -1 9048 -1 -1 -1 -1 -1 -1 -1 -1 -1 7858 -1 2407 -1 5588 -1 -1 -1 5293 -1 469 -1 -1 -1 -1 -1 8030 -1 -1 -1 -1 -1 8201 -1 -1 -1 7419 -1 4409 -1 -1 -1 7358 -1 1450 -1 -1 -1 5445 -1 -1 -1 -1 -1 -1 -1 -1 -1 5047 -1 3889 -1
5316 -1 3221 -1 5600 6783 6474 3911 8694 -1 7506 8979 1587 8315 7707 5086 4340 -1 5891 -1 8934 1460 9601 -1 5023 -1 6697 -1 1808 1217 1738 -1 4181 -1 6646 5545 2892 -1 1175 -1 8749 9616 3225 3131 432 8833 3870 3259 9700 -1 5780 -1 1785 7163 2341 -1 8088 -1 4148 1988 3453 2303 2583 -1 8361 7599 5400 3628 8808 -1 4784 4894 8855 -1 7925 -1 274 -1 3263 6297 6672 -1 3847 9373 568 -1 9986 -1 9866 513 7822 8888 4923 9698 8358 4817 3997 -1 6272 -1
-1 -1 696 -1 -1 -1 -1 -1 1946 -1 787 -1 7007 -1 -1 -1 -1 -1 4516 -1 -1 -1 1506 -1 5454 -1 4788 -1 -1 -1 -1 -1 1273 -1 8558 -1 7488 -1 9610 -1 2429 -1 -1 -1 -1 -1 -1 -1 6528 -1 7334 -1 -1 -1 -1 -1 1045 -1 -1 -1 -1 -1 272 -1 -1 -1 -1 -1 7306 -1 -1 -1 8793 -1 4745 -1 8836 -1 6477 -1 -1 -1 -1 -1 290 -1 3074 -1 8982 -1 -1 -1 7594 -1 -1 -1 -1 -1 -1 -1
3123 1020 4673 -1 5776 -1 289 5246 8397 8431 770 -1 7003 -1 2804 6559 6120 -1 1384 -1 3605 2414 4613 -1 9127 3514 1165 -1 7515 9671 1420 3124 4077 -1 3371 -1 7347 -1 5127 -1 9529 -1 8452 5610 6690 -1 7570 -1 7693 -1 6890 2181 9910 4472 3607 -1 4855 -1 5772 6293 7993 756 1810 9057 9090 5364 6666 -1 9470 1016 8680 -1 5543 -1 2778 -1 8292 -1 7638 -1 4877 -1 4038 3534 6934 -1 2078 -1 8932 -1 565 3013 4932 -1 5143 6433 5888 2167 5247 -1
4528 -1 -1 -1 1495 -1 5847 -1 -1 -1 -1 -1 -1 -1 3422 -1 7748 -1 1795 -1 6990 -1 -1 -1 -1 -1 2213 -1 435 -1 -1 -1 -1 -1 2901 -1 7711 -1 2844 -1 8760 -1 3832 -1 4784 -1 7711 -1 2459 -1 -1 -1 -1 -1 4971 -1 1138 -1 -1 -1 -1 -1 -1 -1 -1 -1 2167 -1 9261 -1 -1 -1 7467 -1 8429 -1 373 -1 3575 -1 6915 -1 9127 -1 -1 -1 1753 -1 8788 -1 3873 -1 -1 -1 7037 -1 -1 -1 133 -1
1758 -1 9047 4340 1180 1329 7628 -1 9570 7483 9031 8999 577 5322 3931 -1 8077 -1 5523 7037 3651 -1 792 4239 7261 -1 9524 -1 2340 3113 7092 5966 960 -1 7240 -1 7776 7548 8010 4829 625 -1 3672 -1 3713 -1 9158 665 352 5172 282 -1 4459 427 1367 -1 8013 4357 7146 -1 984 8466 4259 1278 2603 -1 4987 -1 5706 5560 225 9977 4750 7156 9071 -1 3535 -1 1505 -1 1491 -1 9509 2751 7290 -1 9338 -1 6500 -1 7172 -1 6563 2086 3341 -1 3117 -1 7409 -1
1151 -1 -1 -1 1901 -1 -1 -1 3098 -1 -1 -1 -1 -1 -1 -1 79 -1 -1 -1 -1 -1 4483 -1 -1 -1 573 -1 -1 -1 -1 -1 5479 -1 -1 -1 9073 -1 -1 -1 -1 -1 9710 -1 2710 -1 643 -1 -1 -1 -1 -1 9100 -1 -1 -1 -1 -1 3989 -1 4422 -1 -1 -1 5047 -1 -1 -1 -1 -1 -1 -1 -1 -1 -1 -1 -1 -1 6897 -1 5884 -1 -1 -1 6840 -1 -1 -1 4143 -1 -1 -1 9832 -1 -1 -1 7188 -1 7881 -1
1567 613 5952 -1 8764 -1 9983 1135 9194 -1 7812 -1 2063 5644 1721 -1 9573 1396 2340 7730 3722 -1 4089 9196 7607 243 16 -1 7669 5951 2353 -1 6746 3698 4233 -1 6645 -1 3790 706 7189 8189 5874 -1 6046 -1 197 1410 9999 -1 285 6431 4157 -1 9546 2226 6048 2850 8531 -1 8684 -1 8392 6620 7997 9601 7263 -1 7105 1763 4724 4274 3297 9025 3763 3918 1515 1319 7069 -1 4989 7563 8902 8697 529 7466 8694 -1 2068 2254 6511 -1 9591 7332 5446 2002 6430 -1 9443 -1
-1 -1 7192 -1 1332 -1 8008 -1 -1 -1 3226 -1 6373 -1 1251 -1 4885 -1 -1 -1 -1 -1 9562 -1 -1 -1 -1 -1 -1 -1 6554 -1 -1 -1 4781 -1 -1 -1 4536 -1 -1 -1 -1 -1 5395 -1 -1 -1 -1 -1 8784 -1 -1 -1 -1 -1 1508 -1 2095 -1 3800 -1 -1 -1 -1 -1 4515 -1 5273 -1 -1 -1 -1 -1 1658 -1 -1 -1 -1 -1 -1 -1 -1 -1 -1 -1 8695 -1 1991 -1 2331 -1 -1 -1 -1 -1 3990 -1 6658 -1
9506 654 3962 -1 2404 -1 2705 5490 5101 -1 3196 340 9694 -1 7694 -1 4478 4601 494 937 867 5180 188 -1 9458 2945 2153 2899 7821 8580 6920 4475 6404 -1 5746 4831 7670 9506 3232 -1 8010 3002 7183 -1 4300 1085 753 8349 6633 -1 2452 5067 2295 -1 883 7539 6428 -1 3199 -1 7477 5554 6072 -1 8777 -1 6543 -1 281 -1 3665 8964 4843 -1 4299 -1 4894 6812 9719 -1 4342 7315 3682 -1 6183 -1 6714 -1 3830 -1 8420 -1 4392 4217 5662 2492 5571 -1 7243 -1
7867 -1 -1 -1 -1 -1 -1 -1 864 -1 1025 -1 -1 -1 4898 -1 -1 -1 -1 -1 -1 -1 -1 -1 4267 -1 -1 -1 -1 -1 -1 -1 141 -1 -1 -1 -1 -1 -1 -1 7582 -1 -1 -1 -1 -1 9129 -1 535 -1 -1 -1 9845 -1 6297 -1 -1 -1 5829 -1 -1 -1 5062 -1 7780 -1 1994 -1 7743 -1 8175 -1 783 -1 -1 -1 2863 -1 6881 -1 9764 -1 9061 -1 3079 -1 4456 -1 -1 -1 4399 -1 1891 -1 -1 -1 -1 -1 3993 -1
7832 6048 8965 2477 8911 1457 3403 -1 636 -1 4011 5432 1761 -1 6226 3387 1245 9866 7800 6011 1932 2740 7527 1403 8265 -1 1412 5616 8090 1472 3379 9281 8581 24 6185 4141 9657 -1 9892 9787 8142 -1 8034 7929 5852 -1 6417 -1 5789 -1 7782 1222 8745 -1 525 -1 1846 -1 5078 -1 4101 4129 3639 -1 6005 1191 8275 -1 6333 -1 596 -1 8454 8998 5739 7287 4081 -1 8408 2527 4330 -1 5528 -1 7948 -1 5248 2111 289 -1 8654 801 6289 -1 617 1914 7351 9723 6440 -1
-1 -1 -1 -1 5562 -1 5210 -1 3338 -1 -1 -1 863 -1 7363 -1 -1 -1 7349 -1 -1 -1 -1 -1 -1 -1 748 -1 -1 -1 -1 -1 -1 -1 -1 -1 4004 -1 5322 -1 9897 -1 4539 -1 9858 -1 -1 -1 6118 -1 8283 -1 -1 -1 5199 -1 1681 -1 7014 -1 2979 -1 -1 -1 8380 -1 -1 -1 5221 -1 8185 -1 -1 -1 -1 -1 -1 -1 -1 -1 -1 -1 5747 -1 1134 -1 -1 -1 8417 -1 2971 -1 -1 -1 8349 -1 -1 -1 492 -1
718 3374 1469 4394 3554 -1 8756 -1 6320 2263 2599 -1 6350 -1 4209 -1 483 1188 884 -1 3876 5248 5291 -1 8195 -1 4047 6950 2860 -1 5497 9553 2872 -1 1494 3777 4570 2957 8817 -1 1951 -1 3282 -1 3270 2976 9273 -1 8643 -1 5835 9400 883 7163 7380 -1 1159 5082 1282 -1 6168 -1 8377 686 5669 -1 2729 6563 4446 1361 9122 4862 7705 -1 2386 6603 9316 157 5758 4288 819 8771 3818 -1 7316 9917 1997 -1 6052 -1 5538 3664 1025 -1 7626 1808 654 -1 156 -1
9713 -1 -1 -1 -1 -1 -1 -1 -1 -1 6459 -1 2374 -1 3280 -1 -1 -1 -1 -1 274 -1 4369 -1 4626 -1 -1 -1 8964 -1 7886 -1 5780 -1 -1 -1 -1 -1 -1 -1 -1 -1 9558 -1 -1 -1 8307 -1 6724 -1 -1 -1 -1 -1 -1 -1 4103 -1 -1 -1 4247 -1 8833 -1 -1 -1 -1 -1 -1 -1 -1 -1 -1 -1 4965 -1 -1 -1 -1 -1 -1 -1 -1 -1 6703 -1 -1 -1 5287 -1 -1 -1 279 -1 -1 -1 3048 -1 5391 -1
7245 385 6676 7625 8105 -1 1787 5116 1394 -1 2288 -1 5880 -1 3416 4445 8291 9721 6732 -1 8484 -1 8493 -1 2978 -1 6918 1205 1600 -1 6113 -1 1799 -1 3081 9423 583 -1 6236 9158 6286 3844 6960 -1 9513 789 5872 -1 5965 9414 1748 9934 5265 9833 4621 7827 1230 7334 621 -1 8763 -1 9432 -1 7740 6807 3920 297 1138 1207 929 1119 3511 -1 4645 2527 6863 4042 5718 -1 2853 6700 5756 -1 7894 6035 1410 -1 350 -1 97 9251 5743 -1 6096 5139 7409 -1 642 -1
-1 -1 -1 -1 4261 -1 1257 -1 1443 -1 7983 -1 -1 -1 1892 -1 -1 -1 7170 -1 403 -1 9375 -1 5529 -1 523 -1 -1 -1 851 -1 1496 -1 6737 -1 8504 -1 5124 -1 -1 -1 -1 -1 3135 -1 -1 -1 -1 -1 -1 -1 -1 -1 1677 -1 -1 -1 -1 -1 2916 -1 5322 -1 -1 -1 5901 -1 -1 -1 -1 -1 753 -1 -1 -1 -1 -1 5183 -1 7109 -1 7398 -1 9473 -1 6522 -1 4239 -1 -1 -1 -1 -1 7522 -1 -1 -1 3187 -1
5391 8696 95 7371 519 -1 9056 -1 9572 -1 7953 4489 3273 -1 1846 7940 4660 -1 8761 1813 1368 -1 6337 -1 2430 -1 6857 -1 4145 -1 7245 -1 7405 4162 973 -1 3167 -1 5304 -1 7976 8512 5774 7710 2192 8496 857 4108 7380 2157 9888 4049 9900 -1 6699 -1 2506 1875 3563 -1 2754 -1 255 6856 9734 -1 8667 -1 9734 574 696 -1 4659 8494 7562 4717 9865 -1 3478 -1 3355 -1 1434 8272 7889 -1 7025 467 8419 7231 3470 8001 1332 7484 7939 -1 2344 -1 8157 -1
5948 -1 -1 -1 2545 -1 8958 -1 7816 -1 -1 -1 9920 -1 -1 -1 4501 -1 -1 -1 -1 -1 4217 -1 1490 -1 9849 -1 1992 -1 2998 -1 -1 -1 -1 -1 2266 -1 2736 -1 -1 -1 -1 -1 -1 -1 -1 -1 -1 -1 -1 -1 5082 -1 -1 -1 6610 -1 5877 -1 2203 -1 -1 -1 2087 -1 3947 -1 -1 -1 7866 -1 -1 -1 -1 -1 7157 -1 2220 -1 -1 -1 -1 -1 -1 -1 -1 -1 -1 -1 -1 -1 -1 -1 -1 -1 1923 -1 2975 -1
5327 -1 4062 6531 3779 -1 6507 -1 346 4154 5424 5154 7403 -1 4742 8723 120 -1 7920 7784 9318 9480 6874 -1 5150 557 1033 4152 9689 -1 9696 -1 4753 1703 4856 -1 6276 -1 5268 5309 8175 4780 3724 5065 9449 1435 1877 -1 975 2537 5415 5061 7812 5571 4998 5771 9047 -1 696 -1 638 6613 5950 -1 3840 -1 299 7494 3042 -1 3312 4451 2938 5044 6557 -1 9929 -1 9264 1386 4139 1058 4314 -1 5733 2931 6843 3821 4525 -1 3731 706 7271 147 6690 3737 5042 -1 6155 -1
90 -1 -1 -1 -1 -1 4771 -1 -1 -1 -1 -1 -1 -1 6873 -1 -1 -1 1333 -1 9279 -1 -1 -1 -1 -1 -1 -1 -1 -1 8351 -1 1584 -1 3087 -1 959 -1 -1 -1 6277 -1 -1 -1 -1 -1 6522 -1 -1 -1 -1 -1 -1 -1 -1 -1 -1 -1 4665 -1 -1 -1 5163 -1 7714 -1 9927 -1 8848 -1 -1 -1 -1 -1 6564 -1 665 -1 -1 -1 -1 -1 9551 -1 2674 -1 -1 -1 4236 -1 -1 -1 -1 -1 7539 -1 -1 -1 1219 -1
4204 8047 2353 9192 5517 -1 8472 3717 3366 9619 7673 -1 7336 4605 3762 -1 9525 4983 7784 -1 1639 -1 383 1547 8286 8835 8569 1048 6265 1954 5407 -1 9777 -1 6240 -1 5328 9029 8402 -1 6035 4584 2873 -1 2040 -1 9704 -1 140 8406 42 -1 3749 2508 1546 -1 5757 5590 8996 197 1584 9892 3311 -1 8949 -1 8852 -1 372 2936 6096 -1 5793 7487 3841 -1 6696 9790 9005 2728 5376 -1 9512 9300 7906 -1 752 5133 9609 -1 3658 982 8026 6349 1265 -1 3939 7011 2196 -1
7826 -1 -1 -1 4224 -1 -1 -1 -1 -1 6002 -1 4352 -1 -1 -1 9307 -1 -1 -1 1593 -1 8174 -1 -1 -1 -1 -1 -1 -1 -1 -1 -1 -1 6280 -1 -1 -1 6068 -1 -1 -1 9221 -1 2176 -1 7297 -1 7807 -1 8283 -1 5714 -1 917 -1 -1 -1 -1 -1 -1 -1 -1 -1 9630 -1 877 -1 -1 -1 669 -1 9987 -1 -1 -1 -1 -1 -1 -1 7540 -1 -1 -1 -1 -1 2772 -1 -1 -1 1084 -1 -1 -1 9939 -1 7303 -1 -1 -1
9272 8870 2218 -1 1975 -1 5202 4653 7306 4732 2043 -1 9588 -1 3652 -1 8646 5907 6586 -1 5962 -1 9467 5877 9363 2979 3924 -1 6778 3643 2606 2807 6644 9340 311 9359 7648 -1 7419 -1 6338 1363 7092 -1 2707 -1 1226 5995 6222 -1 9187 -1 5553 -1 2982 7762 3900 6758 7438 4831 5106 1927 4673 -1 5091 -1 5591 5225 4414 -1 3894 -1 9457 2250 5552 6747 6339 6259 5465 -1 6720 -1 8507 7227 9951 862 4642 -1 1591 2553 6888 1964 6137 -1 6405 -1 1869 7598 7354 -1
-1 -1 5022 -1 1156 -1 9924 -1 -1 -1 -1 -1 9538 -1 7299 -1 -1 -1 3192 -1 5613 -1 -1 -1 -1 -1 7738 -1 7112 -1 -1 -1 3405 -1 -1 -1 -1 -1 2360 -1 5024 -1 -1 -1 5558 -1 -1 -1 -1 -1 631 -1 3174 -1 -1 -1 -1 -1 -1 -1 -1 -1 9241 -1 1601 -1 -1 -1 4526 -1 8507 -1 -1 -1 8395 -1 4661 -1 -1 -1 2587 -1 8575 -1 -1 -1 -1 -1 1088 -1 -1 -1 4064 -1 4499 -1 -1 -1 2720 -1
152 -1 4125 -1 6340 -1 5789 7353 2306 -1 927 7957 709 4105 9177 2403 3827 -1 3660 -1 4179 6115 9015 784 9107 -1 1642 -1 595 -1 1338 5135 9818 -1 5612 2824 279 5386 6978 -1 3397 8404 1791 9424 962 -1 7007 2750 9761 -1 827 8523 1399 -1 8426 8347 871 1205 9868 -1 8664 3043 1386 -1 5464 -1 9338 7777 9963 -1 6992 2810 4777 -1 8672 -1 7289 -1 8928 8801 678 -1 9934 -1 7414 7389 3926 -1 4479 8336 6069 -1 4968 -1 4445 -1 3175 5886 6692 -1
8362 -1 1254 -1 956 -1 -1 -1 7590 -1 8520 -1 -1 -1 -1 -1 1197 -1 7665 -1 -1 -1 9372 -1 -1 -1 3502 -1 246 -1 2087 -1 5787 -1 1358 -1 -1 -1 -1 -1 -1 -1 -1 -1 7994 -1 8215 -1 915 -1 -1 -1 -1 -1 31 -1 -1 -1 -1 -1 9160 -1 -1 -1 2263 -1 9396 -1 -1 -1 -1 -1 9636 -1 2062 -1 3324 -1 4036 -1 -1 -1 8115 -1 9762 -1 2665 -1 -1 -1 6233 -1 4461 -1 -1 -1 3245 -1 -1 -1
6708 -1 7627 -1 4419 -1 153 7966 3986 -1 23 -1 1137 6705 3408 -1 6678 -1 3124 -1 1756 8876 89 -1 4059 9832 9013 -1 3808 -1 7452 -1 1592 -1 4253 6132 949 166 467 1265 2042 -1 8618 7794 4271 -1 8548 -1 2693 -1 168 6458 319 6236 7085 -1 6617 402 6798 4728 8633 -1 4356 -1 8341 -1 3640 -1 2700 4683 2552 1071 8175 -1 2517 -1 6245 -1 4171 -1 8975 1067 8540 -1 9664 -1 4237 9987 9182 -1 2619 -1 897 694 1295 -1 390 1292 9133 -1
5311 -1 202 -1 4450 -1 5610 -1 -1 -1 942 -1 8369 -1 6752 -1 5632 -1 4415 -1 805 -1 -1 -1 9553 -1 -1 -1 4590 -1 8062 -1 -1 -1 -1 -1 -1 -1 -1 -1 5074 -1 9170 -1 -1 -1 9015 -1 7989 -1 3747 -1 -1 -1 -1 -1 8858 -1 -1 -1 -1 -1 1376 -1 2918 -1 -1 -1 2224 -1 -1 -1 -1 -1 6295 -1 1442 -1 6221 -1 5735 -1 -1 -1 197 -1 -1 -1 3601 -1 1755 -1 -1 -1 5123 -1 -1 -1 7061 -1
1804 7026 6215 -1 1480 -1 4157 -1 362 1147 503 -1 6761 -1 8310 -1 6848 -1 128 -1 6928 -1 9376 4240 3227 -1 4143 3651 2068 -1 9059 4535 1201 -1 7899 2206 8505 702 267 2712 6705 -1 8116 539 8191 5195 8776 -1 2770 4831 6456 -1 7867 2639 9679 6032 571 -1 8290 6917 3053 4867 5560 -1 7020 1881 1843 5033 6582 -1 4146 1566 4084 -1 6168 -1 8038 -1 8639 6915 4916 -1 2263 -1 5824 -1 93 -1 289 -1 3858 -1 8239 -1 9386 2045 4321 1574 8137 -1
5574 -1 -1 -1 5744 -1 216 -1 -1 -1 -1 -1 1783 -1 8495 -1 6896 -1 9493 -1 9859 -1 7203 -1 -1 -1 2444 -1 -1 -1 -1 -1 5853 -1 8432 -1 -1 -1 -1 -1 -1 -1 -1 -1 -1 -1 -1 -1 -1 -1 4474 -1 8870 -1 -1 -1 -1 -1 5443 -1 -1 -1 -1 -1 -1 -1 -1 -1 -1 -1 6682 -1 994 -1 -1 -1 3428 -1 -1 -1 -1 -1 658 -1 7058 -1 3851 -1 912 -1 1204 -1 900 -1 -1 -1 -1 -1 -1 -1
6493 8904 9923 -1 5467 -1 8326 716 1820 8026 5878 6462 9241 -1 8809 -1 3659 -1 5449 -1 6473 -1 4927 -1 714 8326 7256 -1 5839 5714 9790 2277 3414 -1 8652 -1 266 1139 460 8132 2181 -1 9693 3502 3876 -1 6090 7089 719 4106 629 -1 1664 -1 6718 -1 9966 5865 5598 2251 6890 3367 3600 697 477 8013 9828 7004 939 4971 2188 -1 9902 934 5492 8340 4501 9363 3004 5996 8874 1052 2225 -1 8988 -1 4229 -1 532 -1 11 -1 4870 5558 5735 5841 5000 852 9261 -1
-1 -1 -1 -1 6393 -1 -1 -1 -1 -1 -1 -1 -1 -1 1322 -1 4610 -1 8515 -1 -1 -1 4488 -1 -1 -1 -1 -1 4535 -1 -1 -1 6983 -1 866 -1 3567 -1 -1 -1 7404 -1 9153 -1 2564 -1 6075 -1 -1 -1 -1 -1 1036 -1 6022 -1 9588 -1 -1 -1 -1 -1 -1 -1 -1 -1 408 -1 -1 -1 -1 -1 -1 -1 -1 -1 -1 -1 -1 -1 -1 -1 -1 -1 2297 -1 8419 -1 9595 -1 2816 -1 5432 -1 -1 -1 -1 -1 4894 -1
2002 1530 5730 -1 4738 3731 781 -1 8945 4886 7963 8907 8797 -1 1168 -1 8909 -1 7007 2666 1458 -1 1241 3011 275 158 6878 -1 1860 4860 9038 -1 9985 -1 5690 -1 9339 -1 8152 -1 7519 -1 7361 -1 6920 7076 1891 -1 9553 5160 4979 4451 4366 -1 4454 -1 6734 -1 7798 9219 1797 6706 3339 -1 6661 -1 3753 7941 9268 9906 9798 -1 1049 1468 4932 2181 7775 7126 566 3391 2972 7810 4235 7364 9071 5390 803 -1 5032 -1 8262 -1 2824 1921 8049 3078 1801 -1 6697 -1
9552 -1 4958 -1 5801 -1 7911 -1 -1 -1 9269 -1 -1 -1 6446 -1 -1 -1 7786 -1 9882 -1 -1 -1 -1 -1 1056 -1 -1 -1 5795 -1 -1 -1 6094 -1 8839 -1 3251 -1 4832 -1 916 -1 -1 -1 -1 -1 7265 -1 -1 -1 -1 -1 8412 -1 8330 -1 6612 -1 4693 -1 4200 -1 6857 -1 -1 -1 -1 -1 3745 -1 6771 -1 -1 -1 -1 -1 -1 -1 -1 -1 -1 -1 -1 -1 -1 -1 5156 -1 6369 -1 -1 -1 -1 -1 -1 -1 5031 -1
7160 -1 222 129 4177 -1 3032 3688 2144 -1 5519 5375 3120 -1 7709 4819 6942 -1 6880 -1 1609 4121 826 2559 4242 -1 6281 4344 8614 -1 4357 2250 1284 9158 2360 -1 8007 -1 4815 6151 111 -1 577 7738 8165 -1 395 4007 1689 -1 1529 7956 2455 628 3694 -1 9609 -1 9597 -1 3248 -1 7868 -1 5138 -1 2676 9970 6142 4137 740 -1 3000 -1 9740 3578 5190 5521 7481 2320 1300 3666 1660 -1 6280 6350 3971 9808 308 -1 4058 -1 2913 6441 2761 4768 9762 6176 5458 -1
2033 -1 -1 -1 -1 -1 -1 -1 218 -1 6246 -1 3891 -1 -1 -1 1083 -1 -1 -1 256 -1 4468 -1 -1 -1 -1 -1 2011 -1 3971 -1 -1 -1 -1 -1 3364 -1 7220 -1 -1 -1 -1 -1 3469 -1 6351 -1 -1 -1 -1 -1 7928 -1 4414 -1 8515 -1 -1 -1 5986 -1 793 -1 5076 -1 7997 -1 4849 -1 -1 -1 9216 -1 965 -1 -1 -1 -1 -1 -1 -1 -1 -1 2250 -1 -1 -1 -1 -1 5173 -1 4758 -1 -1 -1 -1 -1 7105 -1
6102 9738 9736 1466 3358 -1 6572 9751 7916 -1 1363 -1 7889 4342 6784 -1 9725 7034 6838 8995 2508 -1 2022 -1 33 847 407 3561 3769 -1 4243 -1 1382 5804 5035 6387 7671 -1 9731 406 6074 5031 9296 -1 7330 -1 2949 8281 4053 6592 33 -1 6441 -1 4888 8788 1357 4669 922 3317 8259 -1 8765 4691 2871 -1 6158 -1 4822 -1 4288 7666 3607 -1 5006 8966 8274 9997 6441 -1 7671 6201 2476 2189 7744 -1 6193 9917 4330 -1 5 7649 5876 -1 3459 -1 1244 7149 2405 -1
8661 -1 -1 -1 3829 -1 -1 -1 2640 -1 -1 -1 4946 -1 7914 -1 -1 -1 -1 -1 -1 -1 8363 -1 2888 -1 -1 -1 -1 -1 9170 -1 -1 -1 968 -1 -1 -1 -1 -1 -1 -1 9609 -1 -1 -1 -1 -1 -1 -1 4115 -1 1045 -1 -1 -1 -1 -1 -1 -1 -1 -1 -1 -1 -1 -1 7254 -1 5690 -1 9298 -1 -1 -1 -1 -1 8681 -1 5508 -1 3374 -1 -1 -1 -1 -1 1660 -1 3995 -1 -1 -1 -1 -1 2947 -1 4183 -1 -1 -1
7641 -1 8395 -1 8139 3974 1835 -1 5012 3080 8163 5594 3514 -1 3880 6389 163 -1 4839 3192 9570 -1 8582 -1 1148 -1 6030 721 3592 -1 4631 1823 9294 7377 4083 -1 7924 4144 6695 6764 9359 -1 7392 4059 7282 7835 2851 6103 6946 -1 6901 -1 5373 8762 3264 312 9288 -1 3251 1174 6996 3189 7918 5470 2327 5694 5337 -1 443 -1 5200 -1 20 4564 9643 -1 6514 -1 5972 -1 4678 7638 6008 1854 8841 -1 6709 -1 6630 9444 1119 4033 7827 2124 8164 -1 6527 -1 206 -1
1994 -1 3257 -1 -1 -1 3337 -1 6474 -1 -1 -1 -1 -1 -1 -1 -1 -1 8491 -1 745 -1 3085 -1 9557 -1 9421 -1 3647 -1 -1 -1 -1 -1 -1 -1 -1 -1 16 -1 5951 -1 -1 -1 -1 -1 -1 -1 8695 -1 5556 -1 -1 -1 1768 -1 -1 -1 7382 -1 -1 -1 7756 -1 -1 -1 -1 -1 -1 -1 1780 -1 4755 -1 6968 -1 -1 -1 2652 -1 -1 -1 -1 -1 9933 -1 8898 -1 6767 -1 -1 -1 -1 -1 6639 -1 9224 -1 9041 -1
6532 7029 6509 -1 9116 3067 6205 -1 4043 -1 8041 9682 3767 3648 6272 1869 4778 1565 4358 -1 2372 5120 7690 -1 195 6987 2890 -1 1728 -1 6960 1860 4608 -1 7929 4316 7947 -1 4714 -1 8566 5717 2350 4211 845 4611 1519 1680 4167 -1 502 -1 8123 -1 6317 -1 9540 3242 7739 -1 89 8821 455 -1 1426 3926 96 -1 5290 3168 3736 -1 2654 -1 8527 9758 723 -1 3394 6528 6103 -1 2214 5704 7488 -1 1994 -1 9464 4657 7121 4303 3469 -1 3606 -1 6320 7363 9593 -1
-1 -1 3508 -1 3651 -1 -1 -1 -1 -1 5271 -1 -1 -1 -1 -1 -1 -1 -1 -1 -1 -1 -1 -1 -1 -1 -1 -1 1304 -1 9264 -1 836 -1 7415 -1 2231 -1 854 -1 -1 -1 -1 -1 -1 -1 -1 -1 -1 -1 8891 -1 8326 -1 4933 -1 9007 -1 -1 -1 -1 -1 -1 -1 5167 -1 7902 -1 4260 -1 -1 -1 4729 -1 -1 -1 4108 -1 -1 -1 9145 -1 6152 -1 -1 -1 5736 -1 -1 -1 -1 -1 8463 -1 -1 -1 -1 -1 8551 -1
5191 1385 4844 -1 3299 899 9720 1958 1767 8064 2290 3498 1813 5519 7510 8254 7611 6082 3185 5555 2836 7688 3724 9835 3900 8723 4268 -1 7602 1871 9863 -1 851 1114 847 -1 849 -1 4247 525 9606 4079 2229 1815 166 7849 8076 4095 3315 3154 8006 -1 2898 3590 8237 -1 1172 6258 5269 2558 2590 9805 239 8941 1533 -1 7680 9143 9206 2337 7169 65 9672 -1 7554 6334 971 3810 1184 4769 6846 -1 5931 8000 9574 5786 3218 6053 1444 605 4553 -1 4024 9137 1576 3481 2967 927 6824 -1
-1 -1 -1 -1 -1 -1 -1 -1 -1 -1 -1 -1 -1 -1 -1 -1 -1 -1 -1 -1 -1 -1 -1 -1 -1 -1 -1 -1 -1 -1 -1 -1 -1 -1 -1 -1 -1 -1 -1 -1 -1 -1 -1 -1 -1 -1 -1 -1 -1 -1 -1 -1 -1 -1 -1 -1 -1 -1 -1 -1 -1 -1 -1 -1 -1 -1 -1 -1 -1 -1 -1 -1 -1 -1 -1 -1 -1 -1 -1 -1 -1 -1 -1 -1 -1 -1 -1 -1 -1 -1 -1 -1 -1 -1 -1 -1 -1 -1 -1 -1
99 37
35 1
