100 100 53214227
9661 383 3180 2853 3909 9085 8189 -1 7769 6007 9267 7117 2769 -1 5698 2856 5094 5059 5571 5016 5341 2818 8622 3867 1091 -1 8381 7582 7416 3094 979 -1 1091 3500 8159 -1 6391 388 8557 6873 7413 730 8062 2293 4947 -1 723 6912 6872 -1 9564 7331 7040 7767 894 1857 5303 6659 2354 8009 7738 1578 1802 -1 5579 4953 9509 9085 6429 1403 3314 7566 8573 7943 2764 563 1673 -1 1391 -1 5340 4628 2411 7731 7970 1846 8777 6430 586 1851 7779 -1 4498 2507 7991 7930 8222 8961 9039 -1
9948 -1 -1 -1 -1 -1 603 -1 -1 -1 2063 -1 2338 -1 360 -1 -1 -1 -1 -1 4129 -1 -1 -1 4843 -1 -1 -1 8304 -1 1597 -1 5918 -1 8542 -1 -1 -1 -1 -1 -1 -1 5041 -1 3927 -1 2350 -1 262 -1 3465 -1 6630 -1 -1 -1 -1 -1 -1 -1 -1 -1 9261 -1 -1 -1 -1 -1 6272 -1 -1 -1 6274 -1 -1 -1 7967 -1 3109 -1 6348 -1 -1 -1 -1 -1 7484 -1 -1 -1 2033 -1 1801 -1 -1 -1 -1 -1 7178 -1
7379 7869 5595 -1 5472 5218 2419 3963 8942 6077 4127 -1 3067 -1 1528 4684 5933 8986 1998 -1 5159 -1 548 8277 3151 -1 6507 1028 8526 -1 1072 8795 9029 -1 3010 4453 7733 -1 2284 7718 7769 -1 6299 -1 7921 -1 171 -1 3356 5421 4382 -1 3549 9558 6507 2742 772 2163 8980 7350 3017 -1 6592 -1 447 9586 2740 -1 7708 -1 1185 -1 382 -1 6961 1596 699 -1 2139 8247 5823 6763 6296 4436 1692 -1 9314 9394 2360 -1 4710 4113 2047 -1 7184 3602 2686 -1 9380 -1
-1 -1 9575 -1 7076 -1 -1 -1 -1 -1 -1 -1 -1 -1 -1 -1 -1 -1 9122 -1 2337 -1 -1 -1 4043 -1 8224 -1 -1 -1 -1 -1 -1 -1 -1 -1 4177 -1 6349 -1 3468 -1 7105 -1 -1 -1 405 -1 -1 -1 -1 -1 -1 -1 -1 -1 -1 -1 -1 -1 3587 -1 895 -1 5365 -1 3594 -1 5836 -1 4227 -1 6288 -1 -1 -1 4098 -1 -1 -1 -1 -1 -1 -1 9549 -1 -1 -1 3480 -1 -1 -1 -1 -1 7607 -1 2741 -1 8986 -1
4016 1454 6188 -1 2292 -1 6798 4386 3557 2762 2840 2221 1992 7939 4237 7126 6524 475 1486 -1 6714 9037 2484 -1 4322 5251 3679 -1 5853 3883 721 2740 1953 -1 408 4620 7081 -1 5182 -1 2506 6013 2018 -1 2000 1336 3417 -1 9124 6661 2035 -1 9110 9243 5501 3942 7190 7965 3263 398 5332 -1 6935 -1 7624 -1 262 -1 816 7474 4814 -1 5604 6965 3485 -1 4660 6439 9669 824 1397 9756 9201 -1 3562 8180 133 -1 5505 -1 8957 7298 7427 5992 8829 -1 2304 -1 9396 -1
1689 -1 -1 -1 -1 -1 9670 -1 -1 -1 -1 -1 -1 -1 -1 -1 -1 -1 -1 -1 -1 -1 9407 -1 -1 -1 -1 -1 3292 -1 -1 -1 -1 -1 9651 -1 -1 -1 3588 -1 3839 -1 -1 -1 7794 -1 -1 -1 -1 -1 7107 -1 7854 -1 -1 -1 -1 -1 -1 -1 -1 -1 4381 -1 5547 -1 1751 -1 7423 -1 -1 -1 -1 -1 5329 -1 -1 -1 -1 -1 -1 -1 1138 -1 -1 -1 2672 -1 2002 -1 4493 -1 -1 -1 4643 -1 -1 -1 6330 -1
8366 6828 9807 7539 9042 1441 5457 -1 1636 9824 6343 -1 935 5320 6741 3399 2434 4450 3876 212 7893 -1 188 -1 9100 790 298 3060 1409 410 3724 6247 7951 -1 9339 9262 8694 2837 6617 -1 3859 -1 1769 404 2654 5170 1842 1266 5987 9630 574 -1 1692 6703 6495 -1 3671 -1 8974 1130 5333 -1 1265 5683 8085 -1 140 -1 6502 -1 3582 4268 2938 -1 6426 -1 5460 1003 4389 -1 9625 3490 2118 -1 7433 384 9998 -1 6054 -1 5941 8631 1889 -1 8716 7809 1912 7708 5882 -1
6347 -1 -1 -1 -1 -1 -1 -1 -1 -1 7973 -1 8766 -1 -1 -1 -1 -1 3320 -1 3155 -1 6361 -1 -1 -1 -1 -1 -1 -1 -1 -1 6349 -1 -1 -1 -1 -1 5478 -1 -1 -1 137 -1 -1 -1 -1 -1 -1 -1 -1 -1 4749 -1 8892 -1 2363 -1 6503 -1 1219 -1 -1 -1 -1 -1 5133 -1 1507 -1 7605 -1 1330 -1 3742 -1 5736 -1 8679 -1 7907 -1 -1 -1 3095 -1 -1 -1 8032 -1 -1 -1 -1 -1 -1 -1 3326 -1 -1 -1
6015 7641 4548 -1 1428 9309 4092 5916 3452 6164 4578 -1 909 2012 3502 3719 5128 -1 8599 -1 5658 -1 3072 -1 4380 5893 9768 4440 8307 -1 7012 5914 4054 7235 1735 -1 9310 313 2679 -1 4753 7776 7265 -1 7594 1415 7553 4382 4596 7879 5588 -1 8472 -1 1775 -1 4041 7715 9764 -1 7535 9748 7293 445 422 -1 2206 -1 5668 -1 5792 -1 6700 -1 4976 -1 4249 -1 6100 -1 6775 8650 2430 -1 5717 1974 1685 -1 4176 1838 7574 3163 6277 7887 1242 -1 3645 7462 1887 -1
-1 -1 5607 -1 7030 -1 3000 -1 -1 -1 4214 -1 -1 -1 1235 -1 -1 -1 2792 -1 4590 -1 9866 -1 4415 -1 -1 -1 3553 -1 3815 -1 -1 -1 9289 -1 33 -1 -1 -1 4854 -1 -1 -1 7846 -1 -1 -1 -1 -1 7254 -1 -1 -1 2878 -1 3611 -1 -1 -1 1835 -1 -1 -1 5236 -1 6671 -1 -1 -1 939 -1 466 -1 2095 -1 5667 -1 -1 -1 -1 -1 3917 -1 -1 -1 5374 -1 -1 -1 -1 -1 -1 -1 3084 -1 -1 -1 5764 -1
3179 -1 3764 -1 7624 -1 6967 -1 2011 4397 7497 -1 6363 3284 4318 -1 7862 3039 837 -1 2469 -1 9332 -1 6948 -1 7885 -1 8379 -1 6309 743 713 -1 9058 -1 5458 -1 6969 -1 4322 7066 707 -1 2428 -1 6667 5732 9954 1855 214 9335 7550 7210 931 -1 7880 -1 7210 -1 6827 -1 753 816 458 -1 2995 -1 3164 6525 4014 -1 4782 3150 7641 -1 6288 -1 5000 5548 3275 1551 1352 -1 2779 -1 4977 -1 9524 -1 5563 8402 3280 8463 8427 -1 2250 -1 5745 -1
9564 -1 7169 -1 -1 -1 8441 -1 -1 -1 7111 -1 7341 -1 -1 -1 8050 -1 -1 -1 3128 -1 1032 -1 4097 -1 5109 -1 7921 -1 2570 -1 7289 -1 -1 -1 4829 -1 707 -1 -1 -1 7476 -1 3358 -1 -1 -1 -1 -1 -1 -1 -1 -1 -1 -1 8607 -1 7890 -1 9141 -1 9177 -1 -1 -1 4083 -1 6436 -1 -1 -1 -1 -1 -1 -1 1808 -1 8069 -1 -1 -1 -1 -1 9961 -1 6693 -1 3588 -1 1488 -1 -1 -1 -1 -1 9474 -1 8032 -1
3735 -1 9035 7995 8009 -1 8006 8553 7257 -1 2887 -1 99 4688 1842 -1 3787 -1 524 9419 4778 -1 1494 -1 1276 6827 5550 -1 3192 -1 9559 -1 1628 511 1844 2535 2383 -1 5271 -1 3382 5922 8327 -1 5795 -1 2781 9469 7780 8870 6790 -1 7782 2463 7748 -1 327 7153 9390 -1 2150 -1 6379 2350 1415 -1 7705 9502 683 -1 8024 9784 6428 239 4000 -1 6885 7421 9309 -1 5603 4840 9328 6027 6934 -1 6303 -1 5502 -1 563 8473 4008 -1 6909 2222 5446 6736 7073 -1
3002 -1 -1 -1 5057 -1 2550 -1 1753 -1 -1 -1 832 -1 -1 -1 1133 -1 1558 -1 -1 -1 9201 -1 7739 -1 -1 -1 5805 -1 8230 -1 -1 -1 -1 -1 -1 -1 6968 -1 312 -1 -1 -1 6658 -1 6425 -1 -1 -1 1258 -1 1704 -1 8587 -1 -1 -1 5624 -1 6120 -1 -1 -1 -1 -1 -1 -1 -1 -1 3746 -1 -1 -1 -1 -1 1360 -1 -1 -1 849 -1 -1 -1 7762 -1 9798 -1 7857 -1 -1 -1 4419 -1 9522 -1 -1 -1 -1 -1
7745 2293 1672 899 4495 -1 6356 -1 3301 6748 4407 4859 23 -1 4467 6288 7148 -1 3558 -1 5848 9158 5856 -1 5270 -1 4209 5191 7091 -1 8668 6272 1124 4979 1330 4799 6255 4415 2496 -1 8523 5595 9902 -1 9941 5823 8252 -1 3400 -1 795 4663 2395 -1 7678 57 8669 -1 3727 -1 2753 3842 9981 6734 1240 4828 6580 7688 4945 7697 8442 -1 5442 885 3000 6888 9898 -1 8348 7945 4725 -1 3790 7437 5195 -1 3049 9919 1900 672 4319 -1 8114 -1 9287 6252 651 7718 5123 -1
483 -1 -1 -1 -1 -1 -1 -1 -1 -1 -1 -1 -1 -1 2345 -1 -1 -1 9382 -1 2394 -1 -1 -1 134 -1 2230 -1 -1 -1 -1 -1 -1 -1 7640 -1 -1 -1 -1 -1 -1 -1 3003 -1 -1 -1 -1 -1 4791 -1 -1 -1 -1 -1 -1 -1 8946 -1 3004 -1 -1 -1 -1 -1 -1 -1 -1 -1 -1 -1 3913 -1 4606 -1 -1 -1 -1 -1 518 -1 9750 -1 -1 -1 -1 -1 -1 -1 -1 -1 7117 -1 4637 -1 -1 -1 -1 -1 7593 -1
5815 -1 7404 9469 5041 6169 9189 8094 9211 9026 4896 4024 2646 -1 6632 -1 623 9106 6808 -1 982 7363 3702 9759 8265 -1 2984 1718 9073 -1 7477 3327 4949 8940 9187 -1 7887 7250 2990 3009 9518 3127 8690 -1 1961 2115 5915 6439 2131 2349 3669 -1 1772 -1 665 1229 1153 -1 9012 5090 3738 7858 6253 -1 6227 -1 1466 2995 475 820 4391 -1 4644 -1 8343 4600 5527 5002 8716 -1 391 3272 7147 1857 7447 3252 6177 7543 5403 -1 8938 -1 1006 2336 6902 -1 5593 -1 8943 -1
4928 -1 -1 -1 15 -1 -1 -1 -1 -1 -1 -1 773 -1 8896 -1 7819 -1 -1 -1 -1 -1 -1 -1 -1 -1 -1 -1 8319 -1 -1 -1 -1 -1 -1 -1 4444 -1 -1 -1 -1 -1 -1 -1 4923 -1 -1 -1 -1 -1 3206 -1 3960 -1 1699 -1 -1 -1 -1 -1 -1 -1 4302 -1 1228 -1 970 -1 -1 -1 -1 -1 3256 -1 -1 -1 -1 -1 -1 -1 -1 -1 3857 -1 -1 -1 -1 -1 5173 -1 9177 -1 -1 -1 8519 -1 128 -1 2535 -1
2563 7859 8299 -1 5515 5212 3879 4750 4533 -1 1653 -1 9036 -1 4283 -1 1852 8336 5247 2515 2113 -1 7472 65 148 822 8984 -1 2415 8749 6280 2804 3994 2213 8687 -1 4095 5407 2338 7260 7791 552 2912 -1 9459 -1 8366 340 6833 -1 9024 -1 1802 -1 1073 -1 1268 8976 5109 1410 556 -1 3121 -1 1929 -1 3332 -1 7706 9969 7681 -1 1058 250 6596 2043 7365 -1 8297 2552 4221 -1 4276 -1 3829 470 5206 -1 7979 -1 1843 -1 2009 7391 9576 -1 1772 -1 2797 -1
-1 -1 8325 -1 9011 -1 -1 -1 3244 -1 5932 -1 9399 -1 7878 -1 -1 -1 -1 -1 1384 -1 -1 -1 1354 -1 7676 -1 -1 -1 -1 -1 -1 -1 1883 -1 -1 -1 -1 -1 -1 -1 3608 -1 9590 -1 80 -1 6622 -1 8636 -1 4383 -1 3497 -1 6082 -1 -1 -1 -1 -1 8610 -1 7652 -1 960 -1 4316 -1 9097 -1 -1 -1 -1 -1 8139 -1 4105 -1 2781 -1 -1 -1 3245 -1 5456 -1 7037 -1 1840 -1 9948 -1 -1 -1 9016 -1 81 -1
4540 -1 5433 -1 3171 2001 1701 -1 4471 -1 787 3699 7302 3053 5811 -1 1089 4843 3507 2446 4442 7988 2200 -1 4514 -1 5044 9788 8313 2002 7741 -1 7124 -1 5046 7821 7275 5489 2318 -1 1579 3206 835 -1 4117 -1 5357 -1 1818 -1 6144 -1 1847 -1 9499 -1 7479 1534 4059 3763 2142 9505 4230 6345 3135 -1 2128 1076 4099 -1 9203 1868 5225 4166 5462 1414 3964 8031 996 -1 6879 4737 8386 2645 4578 -1 3005 -1 2721 4035 5353 -1 8098 -1 8599 386 4198 3070 6868 -1
8578 -1 3070 -1 -1 -1 7097 -1 947 -1 -1 -1 -1 -1 -1 -1 -1 -1 -1 -1 -1 -1 480 -1 7396 -1 455 -1 -1 -1 232 -1 8922 -1 -1 -1 6097 -1 -1 -1 6563 -1 -1 -1 8677 -1 3892 -1 -1 -1 6853 -1 3401 -1 8464 -1 2664 -1 -1 -1 -1 -1 -1 -1 -1 -1 -1 -1 -1 -1 2087 -1 -1 -1 -1 -1 -1 -1 -1 -1 -1 -1 -1 -1 -1 -1 5497 -1 -1 -1 3732 -1 7912 -1 1928 -1 -1 -1 -1 -1
27 2939 8429 -1 7964 -1 9317 -1 5488 2080 4809 7946 5961 7695 7231 739 9043 4507 9388 5354 8488 -1 730 -1 4372 -1 2683 1801 3859 -1 3017 4514 1799 7772 6508 -1 7512 668 3124 -1 6492 8992 8269 -1 8858 -1 2688 7285 438 1636 3757 -1 4073 -1 9545 -1 3137 -1 2419 2716 7377 6883 8866 8677 8666 1576 5810 116 3457 -1 8209 5442 3341 -1 7233 1206 6655 -1 3258 5210 7396 2350 6987 4654 4533 -1 2351 6147 1826 -1 8949 -1 7483 -1 4931 -1 1987 3597 2454 -1
1826 -1 -1 -1 8117 -1 6837 -1 -1 -1 -1 -1 -1 -1 -1 -1 -1 -1 -1 -1 3348 -1 7936 -1 7160 -1 -1 -1 8896 -1 -1 -1 -1 -1 3190 -1 -1 -1 5406 -1 -1 -1 9277 -1 8381 -1 3190 -1 -1 -1 -1 -1 5114 -1 2017 -1 123 -1 2093 -1 -1 -1 -1 -1 -1 -1 9538 -1 2340 -1 -1 -1 4028 -1 4000 -1 1189 -1 8721 -1 -1 -1 625 -1 8777 -1 -1 -1 3746 -1 -1 -1 5436 -1 5952 -1 -1 -1 8096 -1
3232 -1 2654 9008 5395 -1 723 9089 3005 92 5686 6271 3103 6447 6636 -1 1704 4705 7374 8924 6256 -1 6638 -1 9869 5087 7858 -1 4460 3586 8060 6200 9257 -1 9352 2225 6122 -1 3613 1271 5969 -1 2797 627 5299 -1 1397 -1 8308 1040 5180 -1 1392 -1 3280 -1 1694 -1 4767 -1 8715 6740 9151 6571 1379 -1 1324 -1 7331 -1 3396 311 1067 -1 4533 -1 4425 -1 8201 9123 8740 -1 7702 -1 8596 4701 6741 -1 884 6107 7839 291 464 -1 6264 -1 9166 310 5193 -1
5829 -1 2932 -1 -1 -1 1647 -1 -1 -1 -1 -1 -1 -1 -1 -1 1717 -1 -1 -1 -1 -1 9060 -1 -1 -1 8448 -1 -1 -1 -1 -1 3135 -1 -1 -1 -1 -1 -1 -1 3583 -1 -1 -1 -1 -1 4466 -1 8932 -1 752 -1 3086 -1 1568 -1 5322 -1 5444 -1 1694 -1 -1 -1 9929 -1 -1 -1 7863 -1 -1 -1 -1 -1 7542 -1 7958 -1 -1 -1 -1 -1 4748 -1 -1 -1 -1 -1 -1 -1 -1 -1 -1 -1 9781 -1 2128 -1 639 -1
4442 -1 9758 6743 332 2166 5101 -1 9920 1406 9263 6663 1557 820 2822 6644 4536 -1 1859 6979 1713 -1 3048 7778 9921 -1 4886 6918 5643 8507 2822 -1 8023 8082 1994 5540 5920 3481 4672 -1 3377 9294 4582 870 8287 -1 7614 -1 2118 -1 6296 8799 7940 -1 305 -1 9296 -1 787 -1 3399 3134 5490 -1 4677 1230 8541 1110 4364 -1 5569 3800 8007 -1 6577 -1 9113 9875 6984 3097 9333 -1 3192 49 8893 4942 5255 5239 6342 4098 2347 -1 5002 4462 545 -1 9027 -1 1320 -1
766 -1 2460 -1 -1 -1 -1 -1 5674 -1 -1 -1 -1 -1 -1 -1 -1 -1 8814 -1 -1 -1 -1 -1 6416 -1 -1 -1 -1 -1 -1 -1 -1 -1 -1 -1 7714 -1 1968 -1 9949 -1 8560 -1 -1 -1 2540 -1 969 -1 -1 -1 1885 -1 3334 -1 -1 -1 9180 -1 -1 -1 8329 -1 -1 -1 -1 -1 6556 -1 4841 -1 5743 -1 4786 -1 -1 -1 -1 -1 4794 -1 551 -1 -1 -1 7332 -1 -1 -1 -1 -1 2602 -1 -1 -1 353 -1 5304 -1
7741 -1 6374 -1 909 6210 1962 -1 6861 5078 5094 -1 9796 1419 8113 4176 6969 -1 7098 3221 4174 3878 616 -1 142 -1 9627 964 6862 4437 1752 2252 5296 840 9406 1735 4590 -1 4356 -1 7179 -1 1589 -1 7558 8107 8615 -1 4366 1240 8912 -1 7599 -1 2176 6047 9104 3595 7619 -1 5834 -1 4008 -1 6442 7262 4123 1481 9498 -1 5188 -1 9424 -1 4525 8628 960 7577 6452 -1 6291 -1 7449 -1 5960 2641 2220 -1 9640 6064 6696 -1 5160 8745 4817 84 8282 -1 2260 -1
4460 -1 2386 -1 3678 -1 3917 -1 -1 -1 8792 -1 2195 -1 8783 -1 -1 -1 2128 -1 -1 -1 8157 -1 2699 -1 8717 -1 -1 -1 -1 -1 -1 -1 -1 -1 -1 -1 1587 -1 1062 -1 501 -1 3333 -1 -1 -1 -1 -1 2620 -1 7911 -1 -1 -1 -1 -1 -1 -1 6988 -1 1875 -1 -1 -1 -1 -1 -1 -1 3385 -1 8318 -1 -1 -1 -1 -1 9763 -1 8601 -1 -1 -1 3403 -1 -1 -1 4193 -1 5775 -1 -1 -1 -1 -1 -1 -1 1670 -1
2637 -1 6660 -1 5213 -1 24 -1 8990 8253 1881 -1 3520 -1 3532 8705 2870 4635 3577 -1 9406 -1 7294 -1 6235 -1 8977 7438 9724 -1 9556 8267 9444 6247 365 -1 1099 1917 6910 -1 9067 -1 8686 -1 3188 -1 3892 3894 2087 1499 1000 -1 7054 1150 6623 -1 9574 5130 918 4830 588 -1 4761 4788 1700 7376 3758 4594 2930 9678 3350 -1 6249 -1 1293 1782 3554 3376 7230 -1 5090 -1 4965 6576 2863 -1 3465 965 2652 -1 1959 7355 3078 6898 2203 -1 3354 8811 1527 -1
1554 -1 -1 -1 4641 -1 2104 -1 4588 -1 -1 -1 9928 -1 -1 -1 -1 -1 -1 -1 5220 -1 1161 -1 8596 -1 -1 -1 8539 -1 998 -1 3095 -1 -1 -1 8146 -1 -1 -1 1143 -1 -1 -1 2040 -1 5582 -1 -1 -1 5983 -1 -1 -1 -1 -1 1365 -1 7172 -1 5220 -1 -1 -1 -1 -1 -1 -1 -1 -1 -1 -1 4160 -1 5890 -1 -1 -1 -1 -1 4132 -1 2635 -1 -1 -1 487 -1 -1 -1 7715 -1 -1 -1 -1 -1 889 -1 -1 -1
4099 2826 5817 -1 7164 -1 6153 7610 2218 -1 4195 -1 8422 -1 16 4359 1855 1974 3953 3993 9985 -1 1532 -1 4152 -1 5620 2633 641 -1 3233 -1 8761 -1 5475 7865 2877 -1 6416 734 1978 -1 5504 6658 3277 -1 3896 9871 9535 -1 6986 -1 5905 3129 2440 6778 7630 -1 5732 -1 8566 4958 3296 6505 8187 -1 1986 8398 1648 5223 9449 -1 9631 5304 802 -1 9392 875 1591 8887 5170 -1 3156 -1 2299 7021 8033 -1 2093 -1 2093 -1 7471 6453 4062 6774 2562 -1 8369 -1
-1 -1 4354 -1 9291 -1 -1 -1 -1 -1 6059 -1 9461 -1 7430 -1 -1 -1 -1 -1 2151 -1 7756 -1 2677 -1 6444 -1 -1 -1 4896 -1 -1 -1 861 -1 -1 -1 4643 -1 6758 -1 4908 -1 -1 -1 809 -1 178 -1 -1 -1 9205 -1 -1 -1 -1 -1 721 -1 -1 -1 -1 -1 8571 -1 5966 -1 -1 -1 9729 -1 -1 -1 -1 -1 6435 -1 -1 -1 -1 -1 8414 -1 6429 -1 -1 -1 5480 -1 8050 -1 2075 -1 -1 -1 -1 -1 9625 -1
2847 -1 7235 5137 429 -1 5887 4230 809 2017 9209 -1 4702 -1 1698 -1 9786 5360 3844 4221 2478 -1 105 5729 6749 -1 2568 -1 163 3250 9755 -1 7975 816 1515 -1 8498 -1 6982 -1 5216 -1 439 -1 5378 -1 9482 -1 1800 6460 1587 1607 2790 -1 3849 4437 1624 -1 6073 -1 897 4841 3957 -1 5543 3770 5499 -1 444 -1 6053 2375 6449 -1 5246 -1 7602 4140 3367 -1 7874 2722 1838 -1 1838 4654 7588 999 2687 -1 2034 -1 8617 2755 7806 9634 6586 -1 3423 -1
3893 -1 -1 -1 -1 -1 -1 -1 -1 -1 2025 -1 4556 -1 -1 -1 3650 -1 -1 -1 -1 -1 -1 -1 -1 -1 8761 -1 8449 -1 3101 -1 752 -1 -1 -1 4830 -1 1931 -1 -1 -1 2051 -1 9003 -1 6273 -1 -1 -1 -1 -1 -1 -1 -1 -1 6129 -1 4814 -1 15 -1 4775 -1 -1 -1 -1 -1 7999 -1 -1 -1 1834 -1 58 -1 -1 -1 5061 -1 5958 -1 9603 -1 -1 -1 -1 -1 2999 -1 7548 -1 -1 -1 -1 -1 1680 -1 7927 -1
2467 4203 7425 8229 1888 3425 3586 -1 3868 9353 8601 -1 7801 -1 8223 9403 8498 -1 5129 3130 8925 2079 304 9906 7124 298 244 -1 1932 -1 2890 -1 8959 -1 7657 9208 270 -1 3015 7619 2416 8734 3139 -1 8849 -1 6032 -1 1077 8565 5716 4490 3261 1985 5911 -1 973 -1 2581 391 742 -1 9769 -1 4675 8274 3722 3648 4216 96 5047 5569 1219 4609 5584 -1 9241 3652 2758 -1 8439 -1 8914 2477 5221 530 404 5267 4537 -1 707 6203 4797 7758 376 2745 1619 4632 4812 -1
-1 -1 6404 -1 -1 -1 6528 -1 3470 -1 730 -1 3043 -1 9280 -1 -1 -1 368 -1 -1 -1 6135 -1 -1 -1 -1 -1 -1 -1 7124 -1 9241 -1 1549 -1 -1 -1 -1 -1 -1 -1 -1 -1 2287 -1 2769 -1 -1 -1 1059 -1 -1 -1 7432 -1 7146 -1 -1 -1 -1 -1 2233 -1 2960 -1 -1 -1 -1 -1 -1 -1 7299 -1 -1 -1 5050 -1 -1 -1 -1 -1 -1 -1 -1 -1 -1 -1 -1 -1 -1 -1 -1 -1 -1 -1 -1 -1 3759 -1
5447 3756 2355 -1 5671 5500 1525 4709 3361 -1 9608 -1 548 -1 71 6276 4679 -1 5453 -1 774 -1 6954 486 2898 3791 8896 4460 6395 -1 9594 3377 1771 7786 2149 -1 712 1046 3898 6951 8846 -1 6554 4234 1558 -1 1319 8111 9851 -1 8910 8203 5218 -1 638 -1 9085 8475 7811 7791 5281 -1 8362 -1 9997 -1 5107 2252 5779 4728 8166 -1 4639 -1 4142 5028 8702 -1 367 2364 8923 -1 424 4582 1116 9049 3324 2845 6520 1116 6283 5974 3465 2277 4008 -1 1780 5062 3074 -1
2781 -1 -1 -1 -1 -1 2924 -1 -1 -1 -1 -1 7152 -1 2218 -1 494 -1 1375 -1 3794 -1 -1 -1 -1 -1 -1 -1 7963 -1 -1 -1 -1 -1 3381 -1 812 -1 3788 -1 -1 -1 4244 -1 4323 -1 -1 -1 7241 -1 6193 -1 632 -1 6595 -1 8891 -1 1034 -1 7090 -1 3163 -1 -1 -1 3192 -1 -1 -1 6301 -1 1198 -1 1553 -1 -1 -1 2019 -1 4623 -1 8480 -1 -1 -1 -1 -1 -1 -1 -1 -1 -1 -1 88 -1 -1 -1 -1 -1
3722 2434 4245 3002 5991 -1 9327 -1 5615 1077 3170 9463 5419 -1 6168 -1 8563 2867 6914 -1 6969 654 3749 7327 3219 -1 9756 2497 7 -1 9892 8886 7407 -1 7408 -1 4901 -1 5254 3199 7118 -1 6699 -1 9133 6417 7437 2350 2792 -1 6533 -1 3576 -1 4528 -1 528 -1 6121 -1 6349 -1 9205 4571 370 9063 9272 -1 6620 2397 7482 -1 3749 -1 4162 7696 2897 957 3380 -1 3195 -1 710 -1 9163 7677 2812 1417 3715 8645 3491 3921 6541 -1 9309 -1 5787 6162 7306 -1
-1 -1 -1 -1 9540 -1 5641 -1 3398 -1 -1 -1 -1 -1 -1 -1 9405 -1 -1 -1 -1 -1 -1 -1 615 -1 1430 -1 -1 -1 1931 -1 4205 -1 1823 -1 8305 -1 -1 -1 5134 -1 2629 -1 -1 -1 -1 -1 -1 -1 -1 -1 8673 -1 3308 -1 5471 -1 666 -1 -1 -1 -1 -1 2503 -1 -1 -1 6417 -1 1940 -1 -1 -1 -1 -1 -1 -1 -1 -1 8187 -1 4560 -1 9841 -1 -1 -1 -1 -1 -1 -1 5495 -1 6115 -1 2485 -1 8561 -1
4065 4401 7784 3462 2333 -1 458 -1 6915 2505 1424 -1 3358 4223 781 -1 8682 197 1021 7137 6487 8995 3019 9215 1056 -1 3175 -1 3826 7625 4237 -1 8474 -1 4343 -1 5616 7783 3791 -1 6613 -1 4260 2666 3543 -1 1271 1765 1678 5249 2184 -1 4944 -1 9791 -1 1325 -1 3761 -1 6218 1163 3694 -1 2471 -1 3488 601 8969 -1 1582 -1 2857 6791 779 -1 8287 131 460 4566 1993 -1 1651 2462 4216 -1 1848 7137 2199 6260 2750 -1 1882 -1 6502 4325 2946 -1 8258 -1
3160 -1 -1 -1 -1 -1 5991 -1 -1 -1 3332 -1 9749 -1 8081 -1 -1 -1 -1 -1 -1 -1 -1 -1 2257 -1 2173 -1 3092 -1 -1 -1 8076 -1 -1 -1 2519 -1 -1 -1 1479 -1 -1 -1 90 -1 -1 -1 6575 -1 6283 -1 2184 -1 1790 -1 -1 -1 545 -1 9124 -1 5745 -1 -1 -1 59 -1 -1 -1 9106 -1 2003 -1 6689 -1 9545 -1 5031 -1 -1 -1 -1 -1 9253 -1 3206 -1 -1 -1 7806 -1 -1 -1 -1 -1 -1 -1 2367 -1
4988 1412 1555 7362 8748 -1 1098 -1 5064 9220 3728 -1 248 -1 2797 2510 1589 6232 5675 -1 1498 7778 5108 2049 6146 -1 5777 -1 884 1947 13 -1 3580 -1 2276 9873 5179 -1 2736 6794 6106 1766 4436 -1 2073 3961 7490 1390 7878 -1 3781 7642 662 -1 5472 7841 1585 9289 4627 -1 6507 -1 5925 -1 2048 6228 5051 -1 9167 5297 2027 -1 9381 -1 5942 5897 2384 -1 6895 -1 8764 5483 6013 -1 6375 -1 7472 -1 9052 4239 5567 4990 8090 6080 4806 4724 7917 5301 4706 -1
-1 -1 -1 -1 7798 -1 8891 -1 7673 -1 -1 -1 8406 -1 -1 -1 -1 -1 3252 -1 -1 -1 -1 -1 9655 -1 4592 -1 -1 -1 9315 -1 3505 -1 8461 -1 -1 -1 325 -1 -1 -1 -1 -1 -1 -1 -1 -1 -1 -1 4938 -1 -1 -1 -1 -1 -1 -1 -1 -1 2480 -1 5944 -1 9431 -1 -1 -1 6919 -1 -1 -1 8427 -1 -1 -1 -1 -1 -1 -1 2315 -1 1040 -1 3376 -1 662 -1 4027 -1 -1 -1 -1 -1 -1 -1 -1 -1 -1 -1
290 1579 3005 5920 8173 -1 4261 -1 6611 2491 495 4758 178 -1 2755 5379 9487 -1 1153 -1 7435 3010 5151 -1 1760 -1 6694 8189 2030 -1 9054 -1 3765 -1 9079 5588 6045 -1 5547 9758 8696 -1 5868 2277 2098 1060 4327 6374 9392 2061 7769 -1 4820 8291 9262 9545 5275 2449 1921 -1 6089 -1 5121 -1 8660 -1 4712 922 904 2205 594 -1 4666 5159 6491 552 7155 1177 5238 6068 2794 -1 1368 3591 6912 -1 3129 -1 1754 -1 6708 8605 6752 -1 8496 1203 2441 2611 5141 -1
9693 -1 -1 -1 -1 -1 -1 -1 -1 -1 -1 -1 -1 -1 3427 -1 4705 -1 1070 -1 3419 -1 7138 -1 8499 -1 8871 -1 6917 -1 2887 -1 4848 -1 -1 -1 1738 -1 -1 -1 9646 -1 4085 -1 -1 -1 -1 -1 1688 -1 -1 -1 3945 -1 -1 -1 -1 -1 5142 -1 4418 -1 9801 -1 8641 -1 -1 -1 -1 -1 -1 -1 -1 -1 -1 -1 -1 -1 -1 -1 -1 -1 -1 -1 4125 -1 6547 -1 -1 -1 8706 -1 1233 -1 567 -1 2851 -1 5762 -1
7090 -1 5414 6972 6786 8634 6613 6668 1305 925 7124 -1 4710 1673 9553 -1 5515 -1 1211 -1 7846 -1 7330 -1 4725 -1 4694 -1 9504 -1 5016 -1 2498 4169 6026 -1 3228 1389 8044 -1 8164 5259 2686 -1 8688 388 7534 -1 6537 -1 3794 -1 150 8189 8512 -1 1199 7950 8101 -1 2691 -1 15 525 6600 -1 6863 7134 319 5254 7471 -1 7226 382 7925 1211 3649 -1 5501 8918 3356 8112 4930 -1 1408 -1 3854 1992 3681 2391 6470 -1 2832 -1 1078 -1 8935 -1 2148 -1
193 -1 3667 -1 -1 -1 -1 -1 -1 -1 3530 -1 2810 -1 5397 -1 -1 -1 38 -1 3546 -1 6270 -1 -1 -1 6263 -1 3959 -1 253 -1 -1 -1 5237 -1 -1 -1 2104 -1 -1 -1 -1 -1 9491 -1 6472 -1 4196 -1 7545 -1 -1 -1 5376 -1 4650 -1 -1 -1 3927 -1 -1 -1 -1 -1 594 -1 -1 -1 6757 -1 7896 -1 -1 -1 5928 -1 4450 -1 -1 -1 6311 -1 -1 -1 -1 -1 -1 -1 -1 -1 793 -1 4574 -1 509 -1 -1 -1
9335 -1 6708 1678 6345 -1 2382 9573 9125 7229 6813 -1 6131 -1 3339 1599 3208 -1 5449 -1 6749 -1 1175 -1 5228 5348 1967 -1 9181 -1 4052 -1 909 4564 4082 6443 8259 -1 595 4527 2964 -1 582 241 2920 -1 2799 -1 2445 4229 7255 -1 2374 5658 20 -1 5702 7358 2543 302 2229 -1 9379 30 4066 3936 7783 -1 4965 8378 3451 7120 1105 -1 9139 -1 3986 7859 3883 -1 5454 -1 2262 -1 7452 8600 8586 9709 1307 4339 4596 -1 9608 -1 7742 -1 9858 6970 2544 -1
8037 -1 -1 -1 2894 -1 9913 -1 -1 -1 5923 -1 3693 -1 -1 -1 366 -1 8044 -1 6886 -1 8425 -1 8314 -1 -1 -1 -1 -1 5875 -1 5096 -1 -1 -1 6062 -1 -1 -1 8783 -1 8736 -1 -1 -1 6621 -1 -1 -1 9211 -1 1947 -1 -1 -1 -1 -1 -1 -1 4936 -1 8538 -1 -1 -1 -1 -1 -1 -1 -1 -1 -1 -1 7560 -1 -1 -1 -1 -1 5748 -1 8467 -1 4403 -1 -1 -1 -1 -1 7876 -1 5509 -1 -1 -1 -1 -1 3412 -1
8973 5235 451 8384 6558 -1 2435 7193 7751 -1 9056 -1 3496 -1 3776 9408 6677 -1 6482 7501 4083 -1 4757 -1 989 9096 3787 7878 1192 415 1141 -1 4641 8118 4841 -1 6069 -1 6886 9557 3451 -1 3617 -1 1781 -1 2812 4866 3647 -1 1295 -1 1942 -1 1011 -1 335 369 1821 -1 8125 -1 8459 1461 2431 6593 5842 5988 2877 9597 2563 5691 9092 -1 3414 7314 6154 -1 6906 5147 456 4243 5080 -1 3267 -1 1092 5570 7287 -1 6740 -1 187 4968 1621 -1 2993 2075 2268 -1
5913 -1 -1 -1 -1 -1 -1 -1 4953 -1 -1 -1 5225 -1 7591 -1 8853 -1 -1 -1 -1 -1 5599 -1 1857 -1 -1 -1 -1 -1 -1 -1 -1 -1 3034 -1 -1 -1 7530 -1 -1 -1 8012 -1 5543 -1 -1 -1 4903 -1 -1 -1 4378 -1 402 -1 5317 -1 7456 -1 5493 -1 -1 -1 -1 -1 -1 -1 -1 -1 -1 -1 9314 -1 -1 -1 7557 -1 8793 -1 -1 -1 -1 -1 4665 -1 -1 -1 7023 -1 8508 -1 -1 -1 3893 -1 8390 -1 -1 -1
54 -1 9373 8506 5944 6669 5679 5622 6071 -1 1500 8193 2932 -1 2834 -1 6290 634 1502 9662 6652 -1 8729 -1 7560 -1 5979 3043 112 4946 3261 4240 9356 -1 8558 5899 2118 9070 8984 9246 2944 -1 4881 -1 5164 9875 2850 -1 8014 6230 3884 3378 8266 -1 5948 -1 1747 -1 7469 -1 4661 -1 4501 6740 3517 5336 6051 -1 2980 2649 8974 2169 68 -1 3149 2998 7907 -1 5367 9160 5388 8111 6206 9414 5963 -1 2535 8762 2579 -1 3289 1044 5350 -1 5477 -1 4396 3771 2799 -1
1835 -1 4861 -1 -1 -1 -1 -1 9477 -1 2112 -1 -1 -1 5721 -1 -1 -1 -1 -1 -1 -1 9662 -1 9849 -1 -1 -1 -1 -1 4300 -1 1795 -1 -1 -1 -1 -1 -1 -1 -1 -1 1117 -1 -1 -1 2591 -1 -1 -1 -1 -1 -1 -1 1526 -1 4619 -1 9048 -1 7013 -1 -1 -1 7556 -1 -1 -1 2734 -1 -1 -1 -1 -1 9377 -1 9442 -1 -1 -1 -1 -1 -1 -1 -1 -1 755 -1 -1 -1 -1 -1 9130 -1 6762 -1 -1 -1 9112 -1
1068 -1 9788 8506 5818 7748 1607 -1 7907 -1 6016 3395 2205 -1 2677 9525 7279 4347 1179 5724 3874 1791 9586 -1 7313 -1 1677 3819 5062 -1 5094 -1 8027 -1 5267 4316 4635 -1 7135 1236 355 -1 7020 9200 67 -1 181 5967 3537 2133 3156 -1 9729 9007 320 9782 1749 -1 4778 7244 9584 -1 2309 4057 1501 -1 881 7242 9553 -1 6344 7733 5484 9829 8617 -1 9032 4670 9475 6600 2469 872 8138 9706 8531 -1 5037 5268 5033 834 9298 -1 1611 2521 7274 -1 993 6567 9454 -1
4682 -1 -1 -1 -1 -1 9196 -1 -1 -1 -1 -1 9444 -1 -1 -1 -1 -1 -1 -1 -1 -1 -1 -1 1517 -1 6740 -1 2710 -1 6521 -1 9491 -1 5552 -1 3544 -1 8555 -1 1399 -1 -1 -1 6419 -1 155 -1 -1 -1 4956 -1 5509 -1 -1 -1 -1 -1 -1 -1 -1 -1 2400 -1 2714 -1 627 -1 -1 -1 3761 -1 -1 -1 9649 -1 -1 -1 -1 -1 4442 -1 -1 -1 -1 -1 6559 -1 -1 -1 4102 -1 -1 -1 -1 -1 7382 -1 2159 -1
7025 -1 3622 -1 3534 4889 3940 -1 3590 6900 6829 589 2747 -1 7702 1810 7298 7188 9105 -1 7492 5799 1752 -1 5725 -1 2019 -1 8712 6225 6756 -1 1566 -1 4541 -1 9747 -1 1371 -1 8011 8144 1641 -1 4817 -1 7236 9255 1750 -1 7272 -1 9259 9712 8871 -1 124 5368 9769 6106 3504 8768 3846 -1 7316 -1 3548 3730 9183 -1 6638 3806 3251 -1 9707 -1 5187 4400 2136 -1 3532 -1 9500 6299 6420 -1 7490 -1 6784 -1 1602 1956 9977 3346 8916 1242 6908 -1 4801 -1
252 -1 6088 -1 3912 -1 -1 -1 4963 -1 -1 -1 -1 -1 -1 -1 -1 -1 7303 -1 7872 -1 2778 -1 8703 -1 5200 -1 -1 -1 -1 -1 891 -1 1788 -1 9263 -1 4935 -1 -1 -1 9093 -1 5910 -1 8300 -1 4604 -1 6165 -1 -1 -1 3961 -1 8672 -1 5900 -1 -1 -1 -1 -1 6225 -1 -1 -1 8827 -1 -1 -1 5870 -1 1130 -1 3426 -1 7193 -1 -1 -1 6616 -1 3762 -1 1987 -1 7983 -1 -1 -1 -1 -1 1242 -1 -1 -1 1297 -1
1710 6714 5385 -1 7717 6739 7101 956 4063 -1 1747 1059 5537 -1 3448 2811 9633 -1 3513 8258 8720 -1 2879 3577 8089 8288 8867 -1 6958 194 6998 9524 5308 4717 3727 -1 7357 -1 8279 -1 8716 -1 6306 -1 2678 -1 3757 -1 4469 -1 2342 -1 381 8386 2726 -1 1419 -1 7783 -1 56 2104 8648 -1 965 5078 2535 -1 5323 1783 9234 -1 1574 -1 1845 4789 8129 -1 5879 887 2137 5000 2124 -1 4290 8311 8884 -1 1831 -1 9733 6062 8343 8291 39 -1 1944 9739 3559 -1
-1 -1 257 -1 -1 -1 -1 -1 -1 -1 5468 -1 305 -1 3882 -1 5919 -1 -1 -1 -1 -1 -1 -1 -1 -1 -1 -1 3391 -1 -1 -1 -1 -1 8749 -1 -1 -1 3509 -1 5992 -1 4756 -1 8357 -1 -1 -1 1596 -1 2290 -1 3830 -1 -1 -1 -1 -1 7418 -1 7839 -1 -1 -1 673 -1 -1 -1 -1 -1 4549 -1 -1 -1 -1 -1 -1 -1 -1 -1 3012 -1 -1 -1 -1 -1 -1 -1 2794 -1 9892 -1 7089 -1 -1 -1 -1 -1 9551 -1
7487 -1 5782 -1 7663 6491 5813 4452 6908 605 7357 -1 6394 8026 4182 -1 1008 3280 4576 8385 2003 390 1683 7622 5322 3589 6976 -1 2769 -1 6009 1186 8194 -1 7549 -1 4709 8726 5268 -1 4659 -1 4770 -1 7783 -1 6591 4114 692 -1 104 -1 992 -1 6044 7492 3343 -1 1595 -1 9728 -1 7011 6325 5557 -1 808 7915 7577 6657 1122 -1 6552 9480 4329 2187 2896 2602 655 -1 3639 9710 3256 9001 6160 7431 5926 4111 8078 -1 8144 -1 3746 -1 7011 9837 853 -1 6984 -1
8856 -1 6558 -1 -1 -1 6629 -1 -1 -1 4845 -1 -1 -1 -1 -1 -1 -1 -1 -1 -1 -1 -1 -1 -1 -1 3222 -1 -1 -1 9058 -1 7939 -1 -1 -1 9546 -1 -1 -1 6020 -1 7677 -1 852 -1 5789 -1 -1 -1 -1 -1 9247 -1 7927 -1 4137 -1 3643 -1 2746 -1 3807 -1 -1 -1 9584 -1 -1 -1 -1 -1 7419 -1 -1 -1 -1 -1 1934 -1 -1 -1 -1 -1 -1 -1 -1 -1 -1 -1 9252 -1 -1 -1 4971 -1 3925 -1 5319 -1
9726 -1 285 2174 9356 -1 5543 4903 1945 -1 7465 -1 9474 108 2727 2175 4229 619 5119 4232 8262 7386 458 -1 6494 -1 802 4714 7229 -1 415 -1 3985 -1 4825 1860 114 -1 5200 7040 1420 -1 1709 6003 2486 -1 8862 -1 9875 1828 3717 -1 1357 -1 3429 -1 7800 6777 3611 -1 630 4698 122 4507 6277 -1 7858 5360 5726 -1 8577 9455 3247 -1 8065 3736 7038 2727 2851 -1 3551 7309 8432 4457 2359 6590 4950 -1 9855 7535 7850 -1 6966 2208 8749 -1 2547 -1 3921 -1
976 -1 -1 -1 6410 -1 -1 -1 7992 -1 4047 -1 8235 -1 -1 -1 -1 -1 -1 -1 -1 -1 8830 -1 1094 -1 -1 -1 5137 -1 1012 -1 420 -1 4463 -1 -1 -1 1606 -1 101 -1 -1 -1 -1 -1 8188 -1 3134 -1 2338 -1 100 -1 3592 -1 6423 -1 -1 -1 -1 -1 3371 -1 -1 -1 -1 -1 9995 -1 9373 -1 4417 -1 -1 -1 -1 -1 1935 -1 1224 -1 -1 -1 -1 -1 635 -1 9040 -1 -1 -1 1893 -1 -1 -1 546 -1 2925 -1
1159 5713 1650 -1 1593 -1 3377 5203 8560 -1 1736 -1 3335 -1 6599 1100 8663 8693 4071 1005 5424 -1 4600 -1 5224 3839 9793 -1 4216 7310 1128 -1 988 -1 6119 1128 757 -1 7140 -1 7218 1628 2169 -1 8996 8704 1860 897 5572 -1 1506 7872 8331 -1 7743 -1 5370 -1 5393 1479 4091 -1 4012 -1 9615 2750 5303 -1 6453 -1 5774 -1 758 1893 9824 6429 4154 -1 7779 543 9429 -1 9151 8647 9338 3625 3958 7090 9869 -1 5139 7509 6384 -1 5918 2382 1953 -1 5098 -1
6451 -1 3980 -1 291 -1 812 -1 -1 -1 7536 -1 2626 -1 7105 -1 -1 -1 -1 -1 6519 -1 4217 -1 -1 -1 6613 -1 -1 -1 -1 -1 8347 -1 -1 -1 4585 -1 -1 -1 -1 -1 956 -1 5391 -1 -1 -1 -1 -1 -1 -1 -1 -1 7999 -1 5926 -1 6048 -1 618 -1 -1 -1 2076 -1 4058 -1 5827 -1 5872 -1 -1 -1 -1 -1 7676 -1 -1 -1 -1 -1 -1 -1 -1 -1 -1 -1 -1 -1 3309 -1 -1 -1 3983 -1 -1 -1 -1 -1
3801 -1 8054 5841 1376 -1 5465 -1 7659 7622 8448 -1 7433 4749 765 -1 5912 6405 3208 4924 9000 -1 945 9768 5384 -1 4418 -1 9560 9244 668 -1 9393 3503 9915 1804 1760 -1 4585 1660 6899 3407 3111 -1 6462 1949 314 3305 8784 1470 8232 4486 2757 9657 637 -1 9035 -1 3513 -1 7252 7393 9800 9676 4299 -1 4523 9453 9471 -1 9333 -1 6954 6774 7599 -1 556 1563 2039 -1 3912 6354 3249 -1 7213 8361 3207 8809 1712 -1 5761 4670 5754 -1 712 3073 2057 9824 4107 -1
4932 -1 -1 -1 -1 -1 4877 -1 782 -1 -1 -1 -1 -1 -1 -1 9859 -1 -1 -1 -1 -1 -1 -1 5290 -1 9597 -1 7341 -1 5305 -1 -1 -1 -1 -1 -1 -1 1639 -1 -1 -1 -1 -1 4207 -1 -1 -1 -1 -1 -1 -1 -1 -1 -1 -1 -1 -1 1647 -1 -1 -1 -1 -1 -1 -1 -1 -1 -1 -1 1986 -1 2811 -1 6771 -1 -1 -1 9658 -1 6381 -1 3898 -1 9085 -1 -1 -1 5362 -1 -1 -1 1197 -1 -1 -1 -1 -1 2847 -1
7953 -1 8807 6615 3061 -1 1680 -1 363 1501 9874 804 6007 3129 849 -1 3462 7270 3281 3273 1334 -1 4859 2127 3359 -1 2035 -1 2771 -1 8539 4931 7917 8926 3686 -1 7802 9619 8398 49 27 8685 7128 9965 3897 -1 8169 4286 4179 2750 9446 102 5337 4979 6943 385 8201 -1 3253 -1 8401 5690 2527 3342 4541 -1 1750 2875 2222 832 9464 -1 3001 -1 8368 -1 7302 9685 8686 -1 4230 -1 894 -1 922 1689 9090 -1 3398 8329 576 -1 6533 -1 354 8817 2484 -1 4537 -1
2630 -1 7409 -1 -1 -1 8005 -1 -1 -1 -1 -1 1224 -1 -1 -1 -1 -1 345 -1 -1 -1 7257 -1 -1 -1 8404 -1 6319 -1 -1 -1 -1 -1 9841 -1 683 -1 -1 -1 -1 -1 -1 -1 -1 -1 -1 -1 -1 -1 -1 -1 -1 -1 -1 -1 1752 -1 2586 -1 -1 -1 -1 -1 7717 -1 8885 -1 -1 -1 -1 -1 1723 -1 4568 -1 6563 -1 -1 -1 6337 -1 2342 -1 -1 -1 40 -1 -1 -1 2823 -1 638 -1 8203 -1 -1 -1 7545 -1
4611 -1 8066 6783 5288 -1 330 7200 8441 2734 1882 -1 6647 9848 3975 2951 3674 5077 1236 -1 2566 6226 1540 -1 1810 6841 570 1027 2241 -1 5462 4717 6562 -1 2630 2031 1842 -1 3443 6482 4535 1362 4852 7251 5986 8804 1913 8239 9457 346 492 -1 6066 8404 4809 -1 6905 -1 2243 936 1217 5359 5981 -1 287 6301 6840 4347 8026 7591 7283 -1 8235 -1 8883 3825 2354 -1 9864 1465 1566 -1 9309 9743 7716 1459 3763 -1 8295 -1 149 -1 7403 -1 3421 7142 9900 -1 6726 -1
1475 -1 -1 -1 1642 -1 -1 -1 -1 -1 1289 -1 -1 -1 -1 -1 -1 -1 -1 -1 4770 -1 -1 -1 5697 -1 -1 -1 -1 -1 7440 -1 2607 -1 -1 -1 -1 -1 9935 -1 -1 -1 -1 -1 4665 -1 -1 -1 -1 -1 -1 -1 8250 -1 2584 -1 7320 -1 -1 -1 8503 -1 4154 -1 -1 -1 -1 -1 -1 -1 9259 -1 4289 -1 -1 -1 -1 -1 5295 -1 -1 -1 -1 -1 -1 -1 -1 -1 3672 -1 1200 -1 5989 -1 3169 -1 3171 -1 1697 -1
2204 3799 2418 -1 9203 -1 7276 3074 2053 4579 5045 -1 575 4336 1985 6275 4718 4254 9896 -1 4834 8989 8694 -1 9591 -1 8407 5320 2927 2361 1487 -1 9515 -1 8678 1625 1634 -1 1205 1806 1035 -1 2893 -1 4328 -1 9747 2518 8753 8374 5964 6428 9042 -1 1206 -1 5878 5890 1954 -1 7748 -1 1610 9722 6584 -1 5159 6335 7713 -1 3529 -1 1057 4854 8488 4922 5839 -1 8965 21 705 8725 7957 1470 4861 -1 9685 8860 6635 -1 2537 -1 9229 -1 9246 -1 9964 -1 2624 -1
-1 -1 8595 -1 1909 -1 8590 -1 -1 -1 -1 -1 5785 -1 1257 -1 -1 -1 3301 -1 -1 -1 6898 -1 4220 -1 -1 -1 2482 -1 -1 -1 3137 -1 5670 -1 -1 -1 -1 -1 8375 -1 8107 -1 1132 -1 1964 -1 -1 -1 -1 -1 -1 -1 6015 -1 -1 -1 4102 -1 -1 -1 -1 -1 6026 -1 922 -1 4062 -1 -1 -1 -1 -1 -1 -1 8178 -1 -1 -1 -1 -1 -1 -1 3636 -1 1257 -1 -1 -1 9864 -1 3309 -1 -1 -1 9360 -1 9466 -1
5242 -1 5946 -1 8989 -1 2257 1712 5543 9517 7593 -1 9718 -1 5695 4601 1661 -1 791 -1 253 3905 647 -1 2725 2555 15 -1 4875 9590 3437 -1 6433 8454 9617 -1 9294 9189 5377 -1 1761 203 8023 -1 7948 -1 8732 -1 9028 -1 6006 1244 5565 1451 5327 -1 9261 -1 1935 8350 5969 4571 332 -1 1898 -1 4939 -1 2057 4540 2887 8764 3061 9910 3870 -1 4906 702 7596 5160 541 7443 9869 -1 4427 -1 655 -1 1732 6401 321 -1 875 5236 4274 -1 2320 -1 2750 -1
8351 -1 4691 -1 8207 -1 -1 -1 -1 -1 5405 -1 -1 -1 -1 -1 7786 -1 7076 -1 629 -1 -1 -1 -1 -1 1347 -1 -1 -1 9211 -1 -1 -1 7997 -1 3235 -1 1306 -1 -1 -1 2140 -1 4891 -1 5239 -1 4513 -1 9397 -1 -1 -1 2804 -1 2543 -1 -1 -1 -1 -1 9943 -1 9604 -1 1062 -1 -1 -1 -1 -1 -1 -1 7975 -1 2388 -1 -1 -1 -1 -1 4176 -1 2382 -1 7981 -1 3519 -1 -1 -1 -1 -1 4270 -1 2839 -1 1648 -1
4664 4080 6979 -1 4486 -1 2510 68 532 -1 8752 9651 1711 -1 2427 8373 3885 -1 1734 -1 3846 3109 2373 -1 1271 -1 5285 4748 5228 -1 8600 5196 1178 -1 7754 -1 6228 -1 7507 4383 3262 -1 5152 -1 8998 6519 4357 -1 5987 -1 1823 9700 3576 -1 5682 -1 5978 5619 1652 2955 7264 -1 2353 -1 2268 -1 5478 -1 3559 3340 3472 6788 4796 1741 6508 -1 7368 1823 3895 -1 8242 7924 3959 -1 851 -1 9553 -1 868 -1 6569 6459 6457 -1 2536 539 709 -1 1152 -1
490 -1 -1 -1 5682 -1 566 -1 6687 -1 -1 -1 5427 -1 8859 -1 -1 -1 3795 -1 -1 -1 3599 -1 3892 -1 -1 -1 6501 -1 9763 -1 7090 -1 -1 -1 8327 -1 3669 -1 -1 -1 6216 -1 -1 -1 -1 -1 6972 -1 -1 -1 6994 -1 4639 -1 -1 -1 -1 -1 4022 -1 1051 -1 819 -1 296 -1 1648 -1 -1 -1 -1 -1 -1 -1 3975 -1 9986 -1 5374 -1 -1 -1 707 -1 7356 -1 2491 -1 556 -1 1279 -1 -1 -1 3183 -1 7292 -1
1754 -1 9748 204 3719 4957 5772 -1 5830 2322 7644 -1 2759 -1 4036 6666 4324 -1 5211 -1 236 7305 2063 -1 1139 7773 9371 -1 7303 -1 9879 -1 4664 8393 7527 7991 1088 -1 5581 7698 456 9936 6306 -1 8001 6525 495 9677 2083 5165 8874 -1 9926 -1 9056 9842 5120 8045 4316 666 1236 -1 4240 -1 2991 7887 3472 -1 9009 -1 6598 3976 62 567 8803 2757 3590 -1 2969 -1 1660 8132 3304 -1 1572 8825 3064 -1 3897 -1 5603 -1 4213 8645 456 1599 672 -1 5087 -1
6521 -1 -1 -1 -1 -1 -1 -1 2562 -1 8085 -1 55 -1 5163 -1 2769 -1 113 -1 7261 -1 -1 -1 6367 -1 3976 -1 3632 -1 -1 -1 -1 -1 -1 -1 7760 -1 -1 -1 -1 -1 -1 -1 -1 -1 -1 -1 3589 -1 2202 -1 9760 -1 -1 -1 -1 -1 -1 -1 1656 -1 1177 -1 -1 -1 6231 -1 5900 -1 9157 -1 -1 -1 -1 -1 5032 -1 9529 -1 -1 -1 -1 -1 -1 -1 4906 -1 5862 -1 7857 -1 -1 -1 -1 -1 -1 -1 905 -1
2896 -1 1657 5783 5615 6010 9719 2022 8874 -1 2249 -1 1109 -1 1505 -1 3685 -1 7427 -1 2990 -1 3146 7418 5888 -1 4964 -1 8689 8830 2199 8494 5897 5975 162 -1 1999 880 6600 4120 5140 -1 8738 647 1632 3227 6572 -1 3258 -1 6613 -1 3710 -1 9654 3206 1307 -1 9292 5089 2288 -1 5491 997 3245 -1 1430 -1 6630 -1 5900 -1 7791 6011 1462 -1 2996 -1 8133 -1 981 1610 3328 8953 1011 -1 9667 -1 1697 7172 553 665 2915 7717 4318 6069 8106 -1 2631 -1
1416 -1 5687 -1 -1 -1 -1 -1 -1 -1 3285 -1 2690 -1 -1 -1 1479 -1 -1 -1 8215 -1 -1 -1 6675 -1 5366 -1 -1 -1 -1 -1 -1 -1 9593 -1 -1 -1 -1 -1 6715 -1 -1 -1 2234 -1 5926 -1 1056 -1 8699 -1 9225 -1 1678 -1 -1 -1 2405 -1 -1 -1 -1 -1 9951 -1 3423 -1 4972 -1 8375 -1 3255 -1 3024 -1 9949 -1 2960 -1 5728 -1 -1 -1 1669 -1 1658 -1 -1 -1 -1 -1 -1 -1 -1 -1 -1 -1 6567 -1
9164 -1 7626 -1 4055 1681 2751 2838 8329 2953 4613 -1 5172 6234 3055 -1 2224 6116 9187 -1 1205 2478 2409 -1 8094 -1 7844 9530 3449 5899 7778 -1 9198 1975 5699 -1 5961 80 2770 -1 8417 9057 5605 -1 2200 -1 9963 6947 3383 -1 5777 -1 4664 -1 6092 2216 8024 2029 6895 -1 9646 9150 2184 -1 634 -1 9758 -1 6307 -1 4330 -1 6962 -1 7560 -1 4521 -1 5697 8088 8993 -1 9570 -1 1147 4164 8176 6600 4168 -1 8802 440 254 5581 5779 5273 1772 -1 3316 -1
3759 -1 872 -1 -1 -1 -1 -1 -1 -1 -1 -1 -1 -1 8171 -1 34 -1 3486 -1 -1 -1 6317 -1 3882 -1 -1 -1 -1 -1 6483 -1 6970 -1 -1 -1 1649 -1 5361 -1 -1 -1 3016 -1 2822 -1 -1 -1 3797 -1 -1 -1 9496 -1 4157 -1 -1 -1 -1 -1 -1 -1 9991 -1 7846 -1 -1 -1 8156 -1 6062 -1 4146 -1 7632 -1 -1 -1 4249 -1 -1 -1 606 -1 -1 -1 -1 -1 -1 -1 9059 -1 -1 -1 -1 -1 7899 -1 6272 -1
9629 -1 4528 -1 5721 1308 4813 -1 2502 7286 1213 8840 2928 -1 7196 -1 2151 -1 6203 -1 2484 8688 1284 -1 5864 419 4992 7624 2364 -1 4493 -1 5312 -1 6568 4879 8473 -1 5918 9624 7506 -1 3822 9550 3531 -1 4115 1557 1578 -1 4691 3432 320 -1 3734 -1 2892 6430 4367 728 8861 6737 7934 -1 8520 9060 6125 8469 6450 -1 7465 -1 1639 -1 9351 133 6625 -1 1666 -1 3250 5802 4087 3614 8379 -1 2834 3228 5932 5720 8611 -1 5731 242 9737 -1 5458 280 850 -1
1673 -1 8859 -1 4328 -1 4138 -1 7140 -1 -1 -1 7286 -1 6317 -1 -1 -1 6351 -1 4869 -1 -1 -1 6320 -1 -1 -1 8915 -1 -1 -1 6972 -1 -1 -1 2079 -1 -1 -1 7498 -1 -1 -1 -1 -1 4201 -1 -1 -1 1465 -1 -1 -1 5070 -1 -1 -1 -1 -1 8918 -1 7327 -1 -1 -1 -1 -1 -1 -1 -1 -1 5858 -1 -1 -1 6023 -1 3992 -1 6572 -1 -1 -1 4155 -1 6465 -1 -1 -1 -1 -1 3133 -1 2236 -1 -1 -1 2746 -1
1261 -1 5477 9693 1840 -1 4195 7744 1635 7694 9613 -1 2730 -1 1647 810 2747 3245 605 -1 6476 -1 204 4912 2646 6193 652 -1 1836 662 1770 -1 9392 5024 6446 1857 8910 -1 4054 -1 8380 3953 6322 -1 9199 -1 8713 5488 8630 -1 1222 -1 8128 -1 5539 6842 2684 -1 9042 4994 1015 -1 6091 -1 7124 1910 9930 1546 4104 6869 6857 3235 9567 -1 8409 -1 2339 -1 9399 7238 8216 -1 2821 -1 7916 -1 8202 5394 2162 7858 2028 -1 694 -1 9804 2987 8515 9567 9211 -1
6652 -1 -1 -1 -1 -1 -1 -1 -1 -1 8553 -1 4665 -1 2467 -1 -1 -1 -1 -1 3675 -1 -1 -1 -1 -1 1566 -1 -1 -1 2239 -1 -1 -1 -1 -1 -1 -1 9715 -1 -1 -1 908 -1 7582 -1 -1 -1 1498 -1 3861 -1 2525 -1 -1 -1 1576 -1 5424 -1 -1 -1 -1 -1 3284 -1 5772 -1 -1 -1 -1 -1 -1 -1 9707 -1 6728 -1 -1 -1 -1 -1 8007 -1 8345 -1 -1 -1 -1 -1 7927 -1 3907 -1 -1 -1 -1 -1 -1 -1
7957 6465 5196 6360 6337 -1 5940 5272 2832 -1 2863 -1 1247 4308 9002 -1 367 9626 8994 -1 6430 1932 8887 -1 8766 5124 803 -1 6067 -1 7915 2362 9193 1195 6020 -1 8584 7013 4355 5782 2750 -1 2272 -1 1511 -1 5040 9379 6877 -1 9840 -1 4363 7200 5220 -1 9527 -1 1091 7122 6825 8738 1655 5093 4006 -1 1261 -1 5284 8288 6205 1466 7838 5191 7511 659 6417 -1 4617 1478 1124 1842 1419 -1 7761 -1 5996 9392 7281 -1 7983 -1 6036 400 8529 85 8851 -1 3565 -1
-1 -1 -1 -1 8665 -1 3165 -1 7120 -1 -1 -1 -1 -1 -1 -1 591 -1 9877 -1 8184 -1 3064 -1 4256 -1 -1 -1 8295 -1 -1 -1 7688 -1 -1 -1 6041 -1 714 -1 -1 -1 9603 -1 4072 -1 6404 -1 -1 -1 7841 -1 6264 -1 6213 -1 4434 -1 -1 -1 -1 -1 7734 -1 -1 -1 5258 -1 7896 -1 -1 -1 -1 -1 -1 -1 -1 -1 -1 -1 -1 -1 3593 -1 1553 -1 9894 -1 8689 -1 8259 -1 -1 -1 -1 -1 8181 -1 2391 -1
8718 5830 9709 -1 7677 1242 7344 -1 4332 -1 5100 6009 7324 6621 5938 3514 7826 -1 918 -1 3669 -1 8006 -1 6123 7629 8446 6329 4102 -1 5074 -1 2520 -1 9674 1034 7265 -1 9382 8280 3067 1670 2972 -1 6479 1362 7600 4569 1434 -1 3127 -1 5933 -1 4839 -1 9795 -1 3755 8562 8341 -1 5162 9216 1784 -1 8994 -1 9517 6422 5607 3034 8065 5017 90 6460 5598 -1 5709 8722 8584 922 2993 -1 608 740 327 -1 395 -1 9391 7565 5445 -1 4614 7751 8675 -1 5022 -1
-1 -1 703 -1 -1 -1 -1 -1 6003 -1 6252 -1 -1 -1 -1 -1 -1 -1 1898 -1 5699 -1 5934 -1 -1 -1 -1 -1 1462 -1 7434 -1 6137 -1 3788 -1 -1 -1 -1 -1 -1 -1 -1 -1 8949 -1 -1 -1 -1 -1 5089 -1 -1 -1 7071 -1 9952 -1 1253 -1 7524 -1 -1 -1 1851 -1 7396 -1 -1 -1 -1 -1 -1 -1 -1 -1 4787 -1 9092 -1 -1 -1 -1 -1 -1 -1 -1 -1 8523 -1 -1 -1 600 -1 3568 -1 -1 -1 9611 -1
1 2566 2248 9970 8690 9364 6791 -1 218 4024 7810 -1 6870 6689 497 -1 8054 8041 3546 -1 3701 -1 1876 9859 1717 8749 9035 -1 227 3657 5555 -1 952 -1 8980 -1 5054 2516 6244 9191 7513 8639 5917 596 6173 -1 63 7143 2670 6918 4773 -1 1317 8595 6933 -1 6329 1703 6462 -1 8855 4904 5103 -1 6588 -1 8903 -1 1384 3851 2386 9863 2797 -1 5881 9601 6896 -1 3669 6919 6483 8666 6032 7750 3412 -1 6003 8509 2586 -1 9023 3545 4753 -1 3198 -1 8343 2756 7278 -1
3027 -1 -1 -1 -1 -1 -1 -1 -1 -1 -1 -1 -1 -1 1186 -1 9753 -1 -1 -1 -1 -1 -1 -1 -1 -1 4029 -1 -1 -1 -1 -1 4372 -1 1861 -1 -1 -1 -1 -1 -1 -1 -1 -1 7543 -1 9998 -1 -1 -1 -1 -1 5531 -1 -1 -1 -1 -1 -1 -1 -1 -1 2894 -1 -1 -1 1472 -1 -1 -1 -1 -1 8376 -1 3924 -1 -1 -1 8937 -1 -1 -1 -1 -1 8830 -1 6561 -1 -1 -1 8006 -1 -1 -1 3923 -1 -1 -1 5913 -1
5695 7679 1073 -1 556 7935 7609 -1 9955 4479 1934 5115 5965 8894 370 -1 2512 9797 2734 4195 8116 -1 5739 9566 9023 -1 5825 3723 2747 5761 7453 -1 1414 -1 9726 4639 2868 255 8299 2986 6321 5654 414 -1 5034 -1 9856 -1 5741 -1 3299 7016 467 8842 7347 9853 5311 6038 3741 3041 7666 -1 8927 1133 7109 1110 5106 -1 6743 9392 2477 7779 5040 -1 1863 9097 6494 -1 9312 -1 7152 4916 9378 -1 2871 1381 3723 4108 4980 -1 1851 3450 267 -1 1669 -1 1537 5703 2314 -1
7019 -1 7392 -1 5216 -1 4273 -1 2680 -1 3169 -1 -1 -1 -1 -1 -1 -1 -1 -1 698 -1 5022 -1 8140 -1 -1 -1 -1 -1 2752 -1 2627 -1 -1 -1 -1 -1 -1 -1 -1 -1 8792 -1 -1 -1 3714 -1 6791 -1 1319 -1 -1 -1 -1 -1 4521 -1 -1 -1 -1 -1 -1 -1 -1 -1 -1 -1 962 -1 -1 -1 -1 -1 -1 -1 2993 -1 -1 -1 7530 -1 1653 -1 -1 -1 -1 -1 -1 -1 -1 -1 4463 -1 1766 -1 3544 -1 6213 -1
4619 -1 4845 69 2064 -1 3840 6189 9952 -1 6663 5205 6799 8243 8437 5388 6820 6655 6943 3795 4876 3846 7846 -1 2218 154 5453 1052 2959 8348 4132 -1 4944 891 2196 3152 5286 2588 5959 4282 2070 441 7426 9093 7547 4677 4264 -1 8175 1240 6342 1811 6439 1883 2837 -1 4558 9863 3962 8283 7825 6962 5109 7463 8085 9594 9244 9980 8198 7567 6318 7576 4603 329 5241 2035 524 5903 3492 7726 9438 -1 524 9214 2857 3116 3095 4822 2920 3626 2260 2935 7908 -1 7008 5541 7167 -1 68 -1
-1 -1 -1 -1 -1 -1 -1 -1 -1 -1 -1 -1 -1 -1 -1 -1 -1 -1 -1 -1 -1 -1 -1 -1 -1 -1 -1 -1 -1 -1 -1 -1 -1 -1 -1 -1 -1 -1 -1 -1 -1 -1 -1 -1 -1 -1 -1 -1 -1 -1 -1 -1 -1 -1 -1 -1 -1 -1 -1 -1 -1 -1 -1 -1 -1 -1 -1 -1 -1 -1 -1 -1 -1 -1 -1 -1 -1 -1 -1 -1 -1 -1 -1 -1 -1 -1 -1 -1 -1 -1 -1 -1 -1 -1 -1 -1 -1 -1 -1 -1
71 47
57 85
