97 97 842996680
2195 161 640 1161 5191 961 4165 5199 5861 1565 4326 5683 5707 8166 299 5458 5486 1071 3340 7501 4285 9215 320 7741 347 8830 5499 5290 2775 7489 1067 5658 6033 7696 6328 8833 351 8215 3080 7724 4790 6973 997 4494 2699 5286 7988 6650 287 2966 3103 9340 9826 9041 4820 7792 6978 1435 7332 4701 9002 3267 4022 9146 9199 4019 2366 2048 2190 1084 8871 1660 2564 5744 8144 3143 3610 3349 2294 8278 6633 131 159 5209 1306 2156 6581 5260 7690 636 6549 6849 3924 1116 7127 1658 6896
-1 -1 -1 -1 -1 -1 -1 -1 -1 -1 -1 -1 -1 -1 -1 -1 -1 -1 -1 -1 -1 -1 -1 -1 -1 -1 -1 -1 -1 -1 -1 -1 -1 -1 -1 -1 -1 -1 -1 -1 -1 -1 -1 -1 -1 -1 -1 -1 -1 -1 -1 -1 -1 -1 -1 -1 -1 -1 -1 -1 -1 -1 -1 -1 -1 -1 -1 -1 -1 -1 -1 -1 -1 -1 -1 -1 -1 -1 -1 -1 -1 -1 -1 -1 -1 -1 -1 -1 -1 -1 -1 -1 -1 -1 -1 -1 5845
96 364 9797 6371 3643 2082 5896 6084 642 8868 8293 6707 6386 1544 5648 8999 8154 2885 4615 2636 9731 3195 5076 3910 8629 2712 8033 202 5075 9921 4852 152 1506 6966 7733 6234 7319 104 6514 5152 5496 2037 3830 4736 5138 2020 8588 3253 5131 6692 6569 2626 9999 5324 6050 6859 352 74 5176 56 7464 229 2031 8465 7646 4258 6871 4017 6773 629 2283 9449 8930 8192 9637 4813 8234 8644 8154 640 8561 8662 7960 9638 6953 6368 1826 1379 8731 2991 7739 1254 3698 2576 4688 2462 8771
2985 -1 -1 -1 -1 -1 -1 -1 -1 -1 -1 -1 -1 -1 -1 -1 -1 -1 -1 -1 -1 -1 -1 -1 -1 -1 -1 -1 -1 -1 -1 -1 -1 -1 -1 -1 -1 -1 -1 -1 -1 -1 -1 -1 -1 -1 -1 -1 -1 -1 -1 -1 -1 -1 -1 -1 -1 -1 -1 -1 -1 -1 -1 -1 -1 -1 -1 -1 -1 -1 -1 -1 -1 -1 -1 -1 -1 -1 -1 -1 -1 -1 -1 -1 -1 -1 -1 -1 -1 -1 -1 -1 -1 -1 -1 -1 -1
2140 3052 3446 8153 7275 165 4438 8495 7125 7143 5611 2070 7103 7995 7058 6503 2332 9219 4488 6247 7687 188 8944 723 4162 6227 74 1736 3145 3616 4711 2515 7326 6925 5366 2932 4008 3797 3121 8223 4074 8842 4057 8222 4402 5400 5609 6112 2724 8655 8142 7528 9787 5748 8842 1369 8254 5225 4418 5036 9539 226 6599 7386 7272 3302 5650 8807 6698 7919 3505 1520 6580 1468 9314 1290 8253 3926 6489 9652 8675 5120 9936 3175 1000 773 6549 3677 1521 9076 1735 8904 6743 9029 9021 3050 3677
-1 -1 -1 -1 -1 -1 -1 -1 -1 -1 -1 -1 -1 -1 -1 -1 -1 -1 -1 -1 -1 -1 -1 -1 -1 -1 -1 -1 -1 -1 -1 -1 -1 -1 -1 -1 -1 -1 -1 -1 -1 -1 -1 -1 -1 -1 -1 -1 -1 -1 -1 -1 -1 -1 -1 -1 -1 -1 -1 -1 -1 -1 -1 -1 -1 -1 -1 -1 -1 -1 -1 -1 -1 -1 -1 -1 -1 -1 -1 -1 -1 -1 -1 -1 -1 -1 -1 -1 -1 -1 -1 -1 -1 -1 -1 -1 3657
459 7589 1169 567 1148 4772 4655 189 4380 7153 9921 7758 6091 6075 7301 8192 8229 3645 905 3955 541 575 3994 9791 7653 8405 2909 4097 6710 6680 3134 3085 2208 5781 9330 3441 2762 9954 9349 5274 9616 2555 7983 2018 2680 5909 4169 6512 4313 3671 4807 7909 6129 7481 967 1550 2058 5397 7762 9324 9695 8295 5615 6502 7200 3679 3591 2473 2875 1848 9530 649 5053 907 7106 7209 5221 4765 5706 5619 1167 8658 5442 2644 3944 6140 2143 4701 5022 1153 3989 1233 6539 6013 2421 7017 4051
1192 -1 -1 -1 -1 -1 -1 -1 -1 -1 -1 -1 -1 -1 -1 -1 -1 -1 -1 -1 -1 -1 -1 -1 -1 -1 -1 -1 -1 -1 -1 -1 -1 -1 -1 -1 -1 -1 -1 -1 -1 -1 -1 -1 -1 -1 -1 -1 -1 -1 -1 -1 -1 -1 -1 -1 -1 -1 -1 -1 -1 -1 -1 -1 -1 -1 -1 -1 -1 -1 -1 -1 -1 -1 -1 -1 -1 -1 -1 -1 -1 -1 -1 -1 -1 -1 -1 -1 -1 -1 -1 -1 -1 -1 -1 -1 -1
208 1115 6948 5440 3011 3410 7262 8015 7673 231 3245 8221 8254 986 5116 6597 6518 5156 4354 3945 4618 9351 9556 4186 533 9737 3783 8199 6803 3021 4991 630 5848 6109 3573 3257 8132 7419 23 8515 5277 3263 2345 4691 6269 532 2757 1725 3059 8181 1314 2396 1791 4495 112 6442 6568 3184 5365 6403 3396 3905 6386 8033 2154 4690 3018 8584 4503 9518 9809 4723 232 9217 5126 5633 6942 2126 4872 3220 834 7275 978 1654 6468 4622 5173 6069 366 3763 7790 2505 3554 8706 1863 9288 3655
-1 -1 -1 -1 -1 -1 -1 -1 -1 -1 -1 -1 -1 -1 -1 -1 -1 -1 -1 -1 -1 -1 -1 -1 -1 -1 -1 -1 -1 -1 -1 -1 -1 -1 -1 -1 -1 -1 -1 -1 -1 -1 -1 -1 -1 -1 -1 -1 -1 -1 -1 -1 -1 -1 -1 -1 -1 -1 -1 -1 -1 -1 -1 -1 -1 -1 -1 -1 -1 -1 -1 -1 -1 -1 -1 -1 -1 -1 -1 -1 -1 -1 -1 -1 -1 -1 -1 -1 -1 -1 -1 -1 -1 -1 -1 -1 9822
3687 7701 2451 4993 3896 5295 6514 3386 5814 6920 7437 7570 3129 3232 9742 1361 1648 592 5861 2496 7481 8416 942 7154 1061 324 761 9699 9204 5901 7257 1953 4098 478 1179 8445 9264 6449 6083 2901 5852 3341 6032 7647 8873 713 8695 2902 3097 8163 7352 1417 6081 8986 9774 3932 9095 2138 3635 1014 3119 7025 4763 7040 7447 4140 7696 1635 1929 4733 1967 8229 8389 794 9522 2677 8042 9908 6515 381 385 8107 2310 9802 7253 4906 936 7942 4433 1396 7288 8086 9108 4741 4854 1927 6514
9439 -1 -1 -1 -1 -1 -1 -1 -1 -1 -1 -1 -1 -1 -1 -1 -1 -1 -1 -1 -1 -1 -1 -1 -1 -1 -1 -1 -1 -1 -1 -1 -1 -1 -1 -1 -1 -1 -1 -1 -1 -1 -1 -1 -1 -1 -1 -1 -1 -1 -1 -1 -1 -1 -1 -1 -1 -1 -1 -1 -1 -1 -1 -1 -1 -1 -1 -1 -1 -1 -1 -1 -1 -1 -1 -1 -1 -1 -1 -1 -1 -1 -1 -1 -1 -1 -1 -1 -1 -1 -1 -1 -1 -1 -1 -1 -1
4480 6251 2142 3030 7311 5740 856 5996 8451 6178 402 7757 3557 8360 3020 5068 9122 2755 1422 3223 3762 575 9079 7110 8671 8346 5795 5870 6920 7204 8543 8935 539 7152 3732 7887 7810 506 1495 203 3210 1784 7995 2790 8095 6346 4631 743 892 5362 8207 638 6609 7722 7759 4081 7810 455 9113 855 9618 9421 626 2111 5703 9250 2766 8846 4756 3239 5358 3345 4542 7659 5572 4406 3080 966 4032 8830 257 3901 5506 9135 1654 9509 7532 1562 973 2247 6425 3954 2381 4308 9325 9061 9684
-1 -1 -1 -1 -1 -1 -1 -1 -1 -1 -1 -1 -1 -1 -1 -1 -1 -1 -1 -1 -1 -1 -1 -1 -1 -1 -1 -1 -1 -1 -1 -1 -1 -1 -1 -1 -1 -1 -1 -1 -1 -1 -1 -1 -1 -1 -1 -1 -1 -1 -1 -1 -1 -1 -1 -1 -1 -1 -1 -1 -1 -1 -1 -1 -1 -1 -1 -1 -1 -1 -1 -1 -1 -1 -1 -1 -1 -1 -1 -1 -1 -1 -1 -1 -1 -1 -1 -1 -1 -1 -1 -1 -1 -1 -1 -1 1040
7103 604 6124 7375 7053 656 1876 5232 7605 5232 8686 505 4089 2261 7787 9428 8618 2174 7225 5274 3524 3189 4449 5534 571 200 9035 4102 9096 166 648 4942 8592 9545 9426 847 8944 5403 7547 9117 6472 6143 4745 6744 9966 9516 3689 1368 745 3254 3953 2925 4949 7070 5133 5 5447 5125 2117 2529 3581 1929 8159 8522 9341 95 2557 2991 2014 5312 5348 925 7568 1957 3646 9855 3229 9690 6104 2778 1590 8017 2004 7125 5751 3862 4629 5923 1505 8510 6246 3649 5303 2857 7378 4618 1441
6218 -1 -1 -1 -1 -1 -1 -1 -1 -1 -1 -1 -1 -1 -1 -1 -1 -1 -1 -1 -1 -1 -1 -1 -1 -1 -1 -1 -1 -1 -1 -1 -1 -1 -1 -1 -1 -1 -1 -1 -1 -1 -1 -1 -1 -1 -1 -1 -1 -1 -1 -1 -1 -1 -1 -1 -1 -1 -1 -1 -1 -1 -1 -1 -1 -1 -1 -1 -1 -1 -1 -1 -1 -1 -1 -1 -1 -1 -1 -1 -1 -1 -1 -1 -1 -1 -1 -1 -1 -1 -1 -1 -1 -1 -1 -1 -1
1887 9187 4625 6488 5755 1928 7375 7476 46 6384 1297 4845 3219 677 275 2417 3940 1986 5906 3922 1297 6964 8489 8802 6269 2895 8648 1443 5123 2336 8270 6965 8538 3972 9271 7941 5347 4000 8193 9261 6385 2449 3319 6076 895 2224 4593 744 9157 6207 20 5756 1465 3653 28 4735 6808 1389 3560 1625 237 8157 4601 7225 964 4465 5307 2478 5984 3252 8091 9691 7168 4919 4680 3933 9738 6712 9553 7290 9288 9172 4328 9316 731 8919 5331 1577 4003 676 7346 9218 6345 2549 6778 8854 8154
-1 -1 -1 -1 -1 -1 -1 -1 -1 -1 -1 -1 -1 -1 -1 -1 -1 -1 -1 -1 -1 -1 -1 -1 -1 -1 -1 -1 -1 -1 -1 -1 -1 -1 -1 -1 -1 -1 -1 -1 -1 -1 -1 -1 -1 -1 -1 -1 -1 -1 -1 -1 -1 -1 -1 -1 -1 -1 -1 -1 -1 -1 -1 -1 -1 -1 -1 -1 -1 -1 -1 -1 -1 -1 -1 -1 -1 -1 -1 -1 -1 -1 -1 -1 -1 -1 -1 -1 -1 -1 -1 -1 -1 -1 -1 -1 2654
1731 2619 5935 8038 4595 1315 1882 9536 4169 281 3096 1048 3965 4643 5028 5301 4668 3054 7250 19 871 9186 9513 7225 4735 8590 958 4194 4407 5204 9858 1752 8650 6638 9619 4896 546 8910 6853 9832 5582 8949 8351 6426 9196 5313 9124 9200 1884 4395 5559 2315 4569 9014 7872 1937 9355 9235 1145 6107 9454 7699 2309 1944 5704 5846 3592 4668 248 8029 128 3411 3876 6894 9285 5943 2768 6706 2761 5198 4297 1977 1791 5233 9761 5982 441 4599 8867 6271 5315 575 4342 3560 7580 8208 8695
6198 -1 -1 -1 -1 -1 -1 -1 -1 -1 -1 -1 -1 -1 -1 -1 -1 -1 -1 -1 -1 -1 -1 -1 -1 -1 -1 -1 -1 -1 -1 -1 -1 -1 -1 -1 -1 -1 -1 -1 -1 -1 -1 -1 -1 -1 -1 -1 -1 -1 -1 -1 -1 -1 -1 -1 -1 -1 -1 -1 -1 -1 -1 -1 -1 -1 -1 -1 -1 -1 -1 -1 -1 -1 -1 -1 -1 -1 -1 -1 -1 -1 -1 -1 -1 -1 -1 -1 -1 -1 -1 -1 -1 -1 -1 -1 -1
144 9537 1155 8594 9261 3489 4643 7931 7824 5420 9269 5352 2593 6030 4305 4048 8036 9442 1713 8998 1498 8941 8141 7244 8851 2108 4391 3312 1674 7428 8337 3141 1480 462 3727 7282 1405 102 1318 5881 8958 290 288 7092 7223 9299 9701 7303 5816 2660 3218 9625 3004 1934 6416 8555 5142 1186 8327 3155 4507 8740 1666 2521 5500 2079 6656 2838 5819 3772 637 7478 3712 3161 5408 1129 8732 8878 4254 1525 8045 360 3862 8241 7066 7584 58 3454 8079 3271 2517 9096 4652 7904 1457 8210 8053
-1 -1 -1 -1 -1 -1 -1 -1 -1 -1 -1 -1 -1 -1 -1 -1 -1 -1 -1 -1 -1 -1 -1 -1 -1 -1 -1 -1 -1 -1 -1 -1 -1 -1 -1 -1 -1 -1 -1 -1 -1 -1 -1 -1 -1 -1 -1 -1 -1 -1 -1 -1 -1 -1 -1 -1 -1 -1 -1 -1 -1 -1 -1 -1 -1 -1 -1 -1 -1 -1 -1 -1 -1 -1 -1 -1 -1 -1 -1 -1 -1 -1 -1 -1 -1 -1 -1 -1 -1 -1 -1 -1 -1 -1 -1 -1 1107
3283 2512 270 6147 56 7645 2039 4483 229 2285 6003 1900 9025 4893 3252 6543 9227 606 5894 3783 3438 1420 106 1445 2245 3490 9839 1987 1520 7264 7952 6458 7219 5697 5895 1532 9637 9930 9222 3996 8513 2738 1629 3995 5208 3772 6428 7883 3091 2071 550 1736 6261 3752 2771 1343 121 5944 2083 55 4044 8754 93 5691 9227 3439 6283 9910 478 9386 363 9036 7410 9049 652 7263 3193 4376 3710 5697 2654 8695 7569 5696 158 6030 3869 8103 9041 7988 9856 3013 6315 563 784 1447 1938
41 -1 -1 -1 -1 -1 -1 -1 -1 -1 -1 -1 -1 -1 -1 -1 -1 -1 -1 -1 -1 -1 -1 -1 -1 -1 -1 -1 -1 -1 -1 -1 -1 -1 -1 -1 -1 -1 -1 -1 -1 -1 -1 -1 -1 -1 -1 -1 -1 -1 -1 -1 -1 -1 -1 -1 -1 -1 -1 -1 -1 -1 -1 -1 -1 -1 -1 -1 -1 -1 -1 -1 -1 -1 -1 -1 -1 -1 -1 -1 -1 -1 -1 -1 -1 -1 -1 -1 -1 -1 -1 -1 -1 -1 -1 -1 -1
5964 4905 126 6938 1349 6208 1087 4508 5582 3331 5759 1485 9618 5702 5613 8343 6594 5162 7329 4776 1869 2260 8292 4351 8336 5043 7263 7658 9210 7299 1505 108 5906 2107 3987 496 677 5596 8360 8715 3471 5946 6245 1371 1190 6513 228 5143 5896 2121 6614 3958 1814 2623 3612 5775 9477 3586 9955 4929 5310 1200 1900 5458 5172 2981 5794 8965 367 7686 9494 4768 3460 9744 3095 7890 7585 483 2186 9010 4094 2560 7721 8005 3664 7804 7595 2988 3064 9560 1611 7018 6664 2511 509 3515 1926
-1 -1 -1 -1 -1 -1 -1 -1 -1 -1 -1 -1 -1 -1 -1 -1 -1 -1 -1 -1 -1 -1 -1 -1 -1 -1 -1 -1 -1 -1 -1 -1 -1 -1 -1 -1 -1 -1 -1 -1 -1 -1 -1 -1 -1 -1 -1 -1 -1 -1 -1 -1 -1 -1 -1 -1 -1 -1 -1 -1 -1 -1 -1 -1 -1 -1 -1 -1 -1 -1 -1 -1 -1 -1 -1 -1 -1 -1 -1 -1 -1 -1 -1 -1 -1 -1 -1 -1 -1 -1 -1 -1 -1 -1 -1 -1 409
4618 2649 4241 2867 5730 3076 2050 4228 7762 6768 6283 2205 7509 5438 829 1812 2414 2346 3881 4012 7889 2384 5318 8759 7001 6111 8811 8908 1569 1330 2810 6876 6545 70 7552 1866 9635 8141 3663 3043 1370 5593 9815 8898 8674 3431 2280 5784 1981 6398 8637 3727 7731 9194 7964 5551 8696 1211 7027 4980 9967 3268 185 7839 454 634 6574 5744 8820 9020 7904 2851 1944 4677 9495 7246 3094 6319 4253 3786 1985 2788 6565 6129 868 6580 2156 5440 2190 9910 7430 218 8945 4355 9765 5289 3628
8415 -1 -1 -1 -1 -1 -1 -1 -1 -1 -1 -1 -1 -1 -1 -1 -1 -1 -1 -1 -1 -1 -1 -1 -1 -1 -1 -1 -1 -1 -1 -1 -1 -1 -1 -1 -1 -1 -1 -1 -1 -1 -1 -1 -1 -1 -1 -1 -1 -1 -1 -1 -1 -1 -1 -1 -1 -1 -1 -1 -1 -1 -1 -1 -1 -1 -1 -1 -1 -1 -1 -1 -1 -1 -1 -1 -1 -1 -1 -1 -1 -1 -1 -1 -1 -1 -1 -1 -1 -1 -1 -1 -1 -1 -1 -1 -1
6474 5533 9922 3890 2937 5303 6706 6793 7315 2636 5895 2549 1284 5230 176 3520 3043 9226 6957 8753 1298 8640 5247 36 8762 4759 7072 9537 4610 8350 531 7596 6438 9819 6362 954 6723 4019 1148 7138 4266 584 8827 2271 3635 1473 8617 4628 6169 5531 9824 9043 7405 219 3531 8896 5740 2272 3674 6791 8088 226 6238 3503 3347 3525 2251 2783 8612 6427 9151 6887 5693 8257 5602 9942 8266 7921 6604 429 8566 7378 3218 4085 7679 2883 4457 5097 4994 987 9594 5521 9258 1506 1136 6221 1992
-1 -1 -1 -1 -1 -1 -1 -1 -1 -1 -1 -1 -1 -1 -1 -1 -1 -1 -1 -1 -1 -1 -1 -1 -1 -1 -1 -1 -1 -1 -1 -1 -1 -1 -1 -1 -1 -1 -1 -1 -1 -1 -1 -1 -1 -1 -1 -1 -1 -1 -1 -1 -1 -1 -1 -1 -1 -1 -1 -1 -1 -1 -1 -1 -1 -1 -1 -1 -1 -1 -1 -1 -1 -1 -1 -1 -1 -1 -1 -1 -1 -1 -1 -1 -1 -1 -1 -1 -1 -1 -1 -1 -1 -1 -1 -1 8082
3463 2767 9936 7621 1335 9476 1201 8622 5268 6673 5926 2419 6433 319 4376 2423 652 6586 1453 4491 8317 4012 4216 6842 7467 4076 9082 7677 9857 4422 1486 729 4741 8734 9114 3994 2636 9532 8871 830 3746 6189 9618 4345 6814 1377 6775 3916 2893 6014 4329 3088 8934 9948 3317 3636 4071 189 7526 7289 1031 8998 3143 142 2300 4456 4561 1365 2463 5498 6705 3737 7705 356 2132 3510 4297 9180 7232 3319 7835 6634 3643 7142 9486 8446 8094 5329 9807 1062 2766 8179 9132 6194 2644 2545 5406
9537 -1 -1 -1 -1 -1 -1 -1 -1 -1 -1 -1 -1 -1 -1 -1 -1 -1 -1 -1 -1 -1 -1 -1 -1 -1 -1 -1 -1 -1 -1 -1 -1 -1 -1 -1 -1 -1 -1 -1 -1 -1 -1 -1 -1 -1 -1 -1 -1 -1 -1 -1 -1 -1 -1 -1 -1 -1 -1 -1 -1 -1 -1 -1 -1 -1 -1 -1 -1 -1 -1 -1 -1 -1 -1 -1 -1 -1 -1 -1 -1 -1 -1 -1 -1 -1 -1 -1 -1 -1 -1 -1 -1 -1 -1 -1 -1
4460 5677 7376 5542 9186 4204 5509 7797 9415 7100 4010 7442 4818 5804 8448 7423 2837 6855 9409 1238 7213 1631 9358 9951 3351 9611 1428 8494 57 9134 7097 2308 6705 3462 1072 6124 1751 5389 2433 7430 4946 5655 5564 6150 1341 9831 8910 9288 7482 8258 5466 7522 935 452 3514 1064 818 5955 1513 6946 1854 598 3724 6857 109 9992 6536 2990 356 9119 4658 5453 1504 4939 5265 6529 3437 2795 9285 4054 3659 7855 3505 3969 5717 4938 138 4054 1038 9931 5806 6953 5817 4169 9855 7430 6837
-1 -1 -1 -1 -1 -1 -1 -1 -1 -1 -1 -1 -1 -1 -1 -1 -1 -1 -1 -1 -1 -1 -1 -1 -1 -1 -1 -1 -1 -1 -1 -1 -1 -1 -1 -1 -1 -1 -1 -1 -1 -1 -1 -1 -1 -1 -1 -1 -1 -1 -1 -1 -1 -1 -1 -1 -1 -1 -1 -1 -1 -1 -1 -1 -1 -1 -1 -1 -1 -1 -1 -1 -1 -1 -1 -1 -1 -1 -1 -1 -1 -1 -1 -1 -1 -1 -1 -1 -1 -1 -1 -1 -1 -1 -1 -1 1006
6998 5084 7181 2107 9326 7800 3322 4995 7714 2334 1298 3940 3534 4498 2451 7609 7542 6611 882 499 3082 4825 8863 6489 2741 1876 2948 2744 2263 5762 5844 9040 3689 3067 2109 842 6627 6659 923 5430 6931 963 8619 6660 9152 733 8468 3278 2189 1819 3352 1866 6103 1876 7441 807 9945 8542 1255 594 4334 4436 8438 9896 8409 808 2273 6845 2947 436 1103 6774 7481 8195 9648 7903 5611 4057 7561 6070 5669 2911 1944 5121 8070 86 8252 172 9652 6487 1266 5636 2751 7435 9382 2350 7222
6525 -1 -1 -1 -1 -1 -1 -1 -1 -1 -1 -1 -1 -1 -1 -1 -1 -1 -1 -1 -1 -1 -1 -1 -1 -1 -1 -1 -1 -1 -1 -1 -1 -1 -1 -1 -1 -1 -1 -1 -1 -1 -1 -1 -1 -1 -1 -1 -1 -1 -1 -1 -1 -1 -1 -1 -1 -1 -1 -1 -1 -1 -1 -1 -1 -1 -1 -1 -1 -1 -1 -1 -1 -1 -1 -1 -1 -1 -1 -1 -1 -1 -1 -1 -1 -1 -1 -1 -1 -1 -1 -1 -1 -1 -1 -1 -1
7641 9663 8589 2840 9785 1996 4341 6231 4367 8461 7450 6885 6281 4920 5288 8067 8739 8048 3785 9869 2424 936 483 2672 2549 2667 5170 9774 5317 2730 3320 5330 1315 7409 7530 8608 7430 3319 3510 7469 8591 5935 933 5402 4229 6504 5790 107 5301 9346 1921 1744 2489 666 2013 1781 598 4283 2432 9481 3699 3359 4332 2782 4729 4967 378 6711 7034 6427 4891 2944 7715 2054 8980 7065 3615 6719 8155 7571 7012 2568 2148 1028 1705 2832 7605 9114 1549 8825 9361 397 5035 2349 5873 2424 4239
-1 -1 -1 -1 -1 -1 -1 -1 -1 -1 -1 -1 -1 -1 -1 -1 -1 -1 -1 -1 -1 -1 -1 -1 -1 -1 -1 -1 -1 -1 -1 -1 -1 -1 -1 -1 -1 -1 -1 -1 -1 -1 -1 -1 -1 -1 -1 -1 -1 -1 -1 -1 -1 -1 -1 -1 -1 -1 -1 -1 -1 -1 -1 -1 -1 -1 -1 -1 -1 -1 -1 -1 -1 -1 -1 -1 -1 -1 -1 -1 -1 -1 -1 -1 -1 -1 -1 -1 -1 -1 -1 -1 -1 -1 -1 -1 8223
8455 178 7403 5164 5645 9312 3113 326 7975 4927 8020 8680 6136 1064 9665 4586 6021 3335 6169 7561 7591 3426 6829 4074 6263 5397 5943 1099 4183 5491 1482 2874 3144 257 3469 9088 1044 1664 8 5654 1986 954 8696 4853 9488 7829 6170 866 8159 1934 3547 9720 5533 1268 5373 9471 708 1103 4997 8952 100 217 9411 8106 3427 7945 7496 7417 7038 2090 4567 5142 8774 8570 2029 462 1071 986 5369 189 4362 1387 6644 6794 1056 8246 3741 5662 9938 8670 5444 8501 510 1813 1722 2367 609
1705 -1 -1 -1 -1 -1 -1 -1 -1 -1 -1 -1 -1 -1 -1 -1 -1 -1 -1 -1 -1 -1 -1 -1 -1 -1 -1 -1 -1 -1 -1 -1 -1 -1 -1 -1 -1 -1 -1 -1 -1 -1 -1 -1 -1 -1 -1 -1 -1 -1 -1 -1 -1 -1 -1 -1 -1 -1 -1 -1 -1 -1 -1 -1 -1 -1 -1 -1 -1 -1 -1 -1 -1 -1 -1 -1 -1 -1 -1 -1 -1 -1 -1 -1 -1 -1 -1 -1 -1 -1 -1 -1 -1 -1 -1 -1 -1
8487 2707 5565 6365 6467 5633 6796 1551 7445 6011 4412 570 8621 2725 8797 3094 5906 2172 9665 3002 818 5075 6742 358 8060 3744 9652 8051 3071 1088 1213 7453 5876 734 9201 1031 4670 711 3631 5026 9405 379 4301 2056 4431 9545 4403 5706 5581 1192 7758 8871 3633 2172 8241 217 7042 3246 7633 8636 5739 14 4761 8019 3310 8012 1800 8109 511 6414 3540 610 4369 8995 2476 3872 526 5254 1779 1274 9977 7302 3457 9203 8777 5891 8025 680 40 4767 4104 951 970 4424 7606 6260 5427
-1 -1 -1 -1 -1 -1 -1 -1 -1 -1 -1 -1 -1 -1 -1 -1 -1 -1 -1 -1 -1 -1 -1 -1 -1 -1 -1 -1 -1 -1 -1 -1 -1 -1 -1 -1 -1 -1 -1 -1 -1 -1 -1 -1 -1 -1 -1 -1 -1 -1 -1 -1 -1 -1 -1 -1 -1 -1 -1 -1 -1 -1 -1 -1 -1 -1 -1 -1 -1 -1 -1 -1 -1 -1 -1 -1 -1 -1 -1 -1 -1 -1 -1 -1 -1 -1 -1 -1 -1 -1 -1 -1 -1 -1 -1 -1 2626
9777 3832 5039 8745 382 3377 9353 9374 7584 4332 9034 7349 108 8090 60 2759 313 5617 5637 8966 2065 3250 9717 3258 3021 8699 5836 156 2919 1096 7062 4343 2585 2877 2120 3910 98 2307 4458 1277 1169 6064 1463 8905 4455 1197 181 214 4477 8935 8919 9127 6085 9163 5198 5343 8059 9108 5528 538 251 5704 8110 6585 9413 1739 5957 6271 3056 1981 2632 6486 3206 1793 5985 3121 2638 1929 4818 2454 3667 3597 6140 1934 4689 7451 3164 5072 5299 5423 3404 7878 128 4965 2048 5122 5759
6454 -1 -1 -1 -1 -1 -1 -1 -1 -1 -1 -1 -1 -1 -1 -1 -1 -1 -1 -1 -1 -1 -1 -1 -1 -1 -1 -1 -1 -1 -1 -1 -1 -1 -1 -1 -1 -1 -1 -1 -1 -1 -1 -1 -1 -1 -1 -1 -1 -1 -1 -1 -1 -1 -1 -1 -1 -1 -1 -1 -1 -1 -1 -1 -1 -1 -1 -1 -1 -1 -1 -1 -1 -1 -1 -1 -1 -1 -1 -1 -1 -1 -1 -1 -1 -1 -1 -1 -1 -1 -1 -1 -1 -1 -1 -1 -1
7819 1813 51 8442 7775 3088 4985 6136 3262 6924 4238 8246 5537 9226 6830 7470 3927 2162 2667 7946 5631 3609 5917 4289 9546 1363 1847 2033 7609 6728 557 9818 3857 7706 676 9574 2535 5181 5025 548 854 5749 1118 1658 455 318 6560 8846 894 7000 1573 8896 2231 6928 3078 4082 3968 9742 4487 1127 3271 7334 510 8801 6511 106 7663 8384 4120 998 667 3287 9467 5617 3881 1789 8229 6867 5472 8239 7740 5309 7699 6160 4101 3268 2316 2543 9649 502 1943 683 5625 502 9207 746 6679
-1 -1 -1 -1 -1 -1 -1 -1 -1 -1 -1 -1 -1 -1 -1 -1 -1 -1 -1 -1 -1 -1 -1 -1 -1 -1 -1 -1 -1 -1 -1 -1 -1 -1 -1 -1 -1 -1 -1 -1 -1 -1 -1 -1 -1 -1 -1 -1 -1 -1 -1 -1 -1 -1 -1 -1 -1 -1 -1 -1 -1 -1 -1 -1 -1 -1 -1 -1 -1 -1 -1 -1 -1 -1 -1 -1 -1 -1 -1 -1 -1 -1 -1 -1 -1 -1 -1 -1 -1 -1 -1 -1 -1 -1 -1 -1 3756
4873 9984 3659 1840 3902 5207 7394 6773 8494 7312 9891 2208 2039 1281 5539 7682 4646 9326 7792 5416 1371 4174 7537 3026 4057 5510 9675 3969 4407 1065 9895 4 8219 8733 9141 2429 5584 2130 2677 5448 8535 8738 6937 2306 3003 662 565 2251 2704 9917 7081 1683 3918 2963 2213 8193 127 7557 2360 2156 5596 6436 4604 5102 7849 3376 6214 3155 5350 4585 2512 2461 57 7076 5005 5157 3940 8393 782 7988 307 9706 3384 3849 8913 4737 2112 8602 8015 176 1926 8177 3699 1693 7085 9649 4866
7590 -1 -1 -1 -1 -1 -1 -1 -1 -1 -1 -1 -1 -1 -1 -1 -1 -1 -1 -1 -1 -1 -1 -1 -1 -1 -1 -1 -1 -1 -1 -1 -1 -1 -1 -1 -1 -1 -1 -1 -1 -1 -1 -1 -1 -1 -1 -1 -1 -1 -1 -1 -1 -1 -1 -1 -1 -1 -1 -1 -1 -1 -1 -1 -1 -1 -1 -1 -1 -1 -1 -1 -1 -1 -1 -1 -1 -1 -1 -1 -1 -1 -1 -1 -1 -1 -1 -1 -1 -1 -1 -1 -1 -1 -1 -1 -1
8853 1930 9800 3684 5207 3008 6829 5232 5924 4968 6846 6008 3026 6955 2456 1802 8121 2141 7722 3776 653 8695 3011 3020 8829 5656 9401 5757 507 5702 3447 9101 4508 2535 1802 711 7837 3274 9784 6413 3150 8840 9459 2682 6922 2660 1489 6136 274 9462 316 9020 764 924 5316 6139 5234 785 3228 1338 7005 3020 9661 7669 4959 9347 6723 2328 3932 2335 9220 2846 5049 9236 8060 3661 7985 3678 775 6520 6043 9187 3261 7382 2703 7368 6954 3565 7264 449 3084 8004 2885 4138 7313 2857 3698
-1 -1 -1 -1 -1 -1 -1 -1 -1 -1 -1 -1 -1 -1 -1 -1 -1 -1 -1 -1 -1 -1 -1 -1 -1 -1 -1 -1 -1 -1 -1 -1 -1 -1 -1 -1 -1 -1 -1 -1 -1 -1 -1 -1 -1 -1 -1 -1 -1 -1 -1 -1 -1 -1 -1 -1 -1 -1 -1 -1 -1 -1 -1 -1 -1 -1 -1 -1 -1 -1 -1 -1 -1 -1 -1 -1 -1 -1 -1 -1 -1 -1 -1 -1 -1 -1 -1 -1 -1 -1 -1 -1 -1 -1 -1 -1 1213
3341 9733 6465 4419 9707 283 5756 6398 6707 5454 1896 7677 1071 976 4830 4989 1293 3234 3050 3387 2072 7452 2344 3760 7635 8444 4713 4043 3404 3013 4793 551 6901 945 6213 6399 2557 1632 6669 8966 9946 2927 567 538 2284 8552 9044 7472 3414 7043 9104 8895 5680 6209 7463 9021 164 311 8560 954 226 343 8662 6344 5519 5789 2214 5416 3669 1154 8380 3379 5866 7858 4217 262 8043 6303 3898 3738 9159 8895 1154 773 4808 70 5259 3114 3409 2806 6864 1395 7238 8024 3461 1730 521
8896 -1 -1 -1 -1 -1 -1 -1 -1 -1 -1 -1 -1 -1 -1 -1 -1 -1 -1 -1 -1 -1 -1 -1 -1 -1 -1 -1 -1 -1 -1 -1 -1 -1 -1 -1 -1 -1 -1 -1 -1 -1 -1 -1 -1 -1 -1 -1 -1 -1 -1 -1 -1 -1 -1 -1 -1 -1 -1 -1 -1 -1 -1 -1 -1 -1 -1 -1 -1 -1 -1 -1 -1 -1 -1 -1 -1 -1 -1 -1 -1 -1 -1 -1 -1 -1 -1 -1 -1 -1 -1 -1 -1 -1 -1 -1 -1
1404 2505 1533 5979 1764 4573 7665 4050 9117 7409 8381 8313 4464 7482 9577 9868 6083 552 510 8824 5065 6186 2737 3229 8431 6268 6530 7478 5778 9473 6101 1 8750 3802 8964 4442 1062 9176 5983 1481 6980 1782 901 181 9445 9032 8558 1757 7070 4561 7048 3880 7642 9369 222 6945 1426 2896 9639 3081 2223 3416 8416 7773 2932 9179 3851 2999 4343 5564 1903 4217 5219 1212 2810 8686 499 3407 6199 7987 3234 6832 1214 812 5272 4199 5290 5372 7039 8114 3127 5052 4156 9356 6885 5844 2448
-1 -1 -1 -1 -1 -1 -1 -1 -1 -1 -1 -1 -1 -1 -1 -1 -1 -1 -1 -1 -1 -1 -1 -1 -1 -1 -1 -1 -1 -1 -1 -1 -1 -1 -1 -1 -1 -1 -1 -1 -1 -1 -1 -1 -1 -1 -1 -1 -1 -1 -1 -1 -1 -1 -1 -1 -1 -1 -1 -1 -1 -1 -1 -1 -1 -1 -1 -1 -1 -1 -1 -1 -1 -1 -1 -1 -1 -1 -1 -1 -1 -1 -1 -1 -1 -1 -1 -1 -1 -1 -1 -1 -1 -1 -1 -1 186
1109 9586 662 5402 904 7227 8044 8540 3067 3202 1279 5258 7650 996 3207 9638 1021 7219 9732 3763 6767 7238 1674 3621 3641 7264 8821 4214 8850 4236 2028 680 1063 8129 2650 9501 3599 9390 5067 5599 5276 2532 1539 9648 7032 34 7055 5553 9486 208 450 3923 8353 1547 5737 6042 4685 3764 4656 2529 7803 1815 5717 5328 8004 6103 4981 7500 4142 9970 9018 5209 2214 6403 4775 5260 5420 5335 8906 2845 7843 6501 695 8525 2104 7277 2287 6354 99 6213 1860 7963 9087 4928 3619 6441 1196
863 -1 -1 -1 -1 -1 -1 -1 -1 -1 -1 -1 -1 -1 -1 -1 -1 -1 -1 -1 -1 -1 -1 -1 -1 -1 -1 -1 -1 -1 -1 -1 -1 -1 -1 -1 -1 -1 -1 -1 -1 -1 -1 -1 -1 -1 -1 -1 -1 -1 -1 -1 -1 -1 -1 -1 -1 -1 -1 -1 -1 -1 -1 -1 -1 -1 -1 -1 -1 -1 -1 -1 -1 -1 -1 -1 -1 -1 -1 -1 -1 -1 -1 -1 -1 -1 -1 -1 -1 -1 -1 -1 -1 -1 -1 -1 -1
4405 5745 2617 8995 5767 9018 6810 6041 5082 4259 2174 2595 6808 2063 4475 7567 6633 6366 7745 2986 9971 3815 5740 5784 8147 702 846 9816 1215 6411 3185 4619 9782 3252 558 9655 4395 9398 6127 1250 6705 2303 7543 1722 2364 634 4773 9373 8495 2348 9158 6989 5446 4067 8418 6314 3142 744 3117 1436 3682 2260 5242 5211 6324 3706 795 9911 3162 3503 4877 3732 6786 1886 2294 4663 1129 9763 3273 5093 2944 1194 3586 5073 5659 2059 3575 5716 8017 6764 933 743 6116 3262 9070 9437 62
-1 -1 -1 -1 -1 -1 -1 -1 -1 -1 -1 -1 -1 -1 -1 -1 -1 -1 -1 -1 -1 -1 -1 -1 -1 -1 -1 -1 -1 -1 -1 -1 -1 -1 -1 -1 -1 -1 -1 -1 -1 -1 -1 -1 -1 -1 -1 -1 -1 -1 -1 -1 -1 -1 -1 -1 -1 -1 -1 -1 -1 -1 -1 -1 -1 -1 -1 -1 -1 -1 -1 -1 -1 -1 -1 -1 -1 -1 -1 -1 -1 -1 -1 -1 -1 -1 -1 -1 -1 -1 -1 -1 -1 -1 -1 -1 5122
1281 8060 241 1604 7193 8079 1639 1443 1820 6404 2666 6551 8191 391 6519 5298 7622 5095 5418 9437 4885 7903 8812 2590 9801 2229 8727 1950 923 4983 3897 6862 4631 2724 8284 7633 6695 4377 3893 7281 9092 1177 3980 3319 4227 5547 4085 75 1813 4877 7199 4926 6248 9735 1457 3539 7346 7586 5604 1714 3805 5043 4384 3265 3013 8137 5849 4065 4938 967 8600 6169 9094 5297 8976 7990 3220 1981 99 1713 4333 4639 5830 4276 2444 6030 2534 2212 3022 3951 5584 9592 9931 7992 1349 8224 9014
1082 -1 -1 -1 -1 -1 -1 -1 -1 -1 -1 -1 -1 -1 -1 -1 -1 -1 -1 -1 -1 -1 -1 -1 -1 -1 -1 -1 -1 -1 -1 -1 -1 -1 -1 -1 -1 -1 -1 -1 -1 -1 -1 -1 -1 -1 -1 -1 -1 -1 -1 -1 -1 -1 -1 -1 -1 -1 -1 -1 -1 -1 -1 -1 -1 -1 -1 -1 -1 -1 -1 -1 -1 -1 -1 -1 -1 -1 -1 -1 -1 -1 -1 -1 -1 -1 -1 -1 -1 -1 -1 -1 -1 -1 -1 -1 -1
1795 5817 7912 1464 4326 1421 3134 5100 7346 8974 8499 7472 3565 8656 6335 237 220 6738 8970 8809 4362 3116 4846 5068 1001 5586 3737 1577 4864 5694 8651 2394 659 7494 1587 3872 7910 7111 697 6911 8567 4108 3655 3429 1528 3252 2997 3678 8070 7541 6655 5642 7513 1477 9414 213 9211 4480 1801 6733 6451 5277 5340 1978 2203 4797 5751 1479 7802 4944 4570 654 2129 3382 4099 3490 7586 8107 5431 9103 1485 1939 7332 6860 2776 7155 440 4899 436 2804 5297 5347 8057 170 3194 5422 8794
-1 -1 -1 -1 -1 -1 -1 -1 -1 -1 -1 -1 -1 -1 -1 -1 -1 -1 -1 -1 -1 -1 -1 -1 -1 -1 -1 -1 -1 -1 -1 -1 -1 -1 -1 -1 -1 -1 -1 -1 -1 -1 -1 -1 -1 -1 -1 -1 -1 -1 -1 -1 -1 -1 -1 -1 -1 -1 -1 -1 -1 -1 -1 -1 -1 -1 -1 -1 -1 -1 -1 -1 -1 -1 -1 -1 -1 -1 -1 -1 -1 -1 -1 -1 -1 -1 -1 -1 -1 -1 -1 -1 -1 -1 -1 -1 6251
7138 5364 5724 925 1945 9435 7544 2361 9210 7841 1394 9735 8177 9217 7638 647 8279 7124 6717 9440 9830 5659 400 972 2151 4982 8742 106 9496 6250 6568 7441 8872 2217 6939 4235 9233 9589 4213 4487 8915 9401 5662 7960 3646 5264 7213 4719 5472 5775 8476 4575 4020 3397 9560 9479 7664 7221 4017 2510 9471 718 4947 1709 614 2458 142 1166 5995 4533 4229 9508 3092 1821 4951 1229 8748 4701 7982 5515 152 1392 1142 6835 4331 4897 8465 193 1757 9968 8937 5602 9733 4088 4235 6913 8865
5128 -1 -1 -1 -1 -1 -1 -1 -1 -1 -1 -1 -1 -1 -1 -1 -1 -1 -1 -1 -1 -1 -1 -1 -1 -1 -1 -1 -1 -1 -1 -1 -1 -1 -1 -1 -1 -1 -1 -1 -1 -1 -1 -1 -1 -1 -1 -1 -1 -1 -1 -1 -1 -1 -1 -1 -1 -1 -1 -1 -1 -1 -1 -1 -1 -1 -1 -1 -1 -1 -1 -1 -1 -1 -1 -1 -1 -1 -1 -1 -1 -1 -1 -1 -1 -1 -1 -1 -1 -1 -1 -1 -1 -1 -1 -1 -1
4553 2831 646 8517 1296 7064 4491 1644 6865 3021 9570 5713 4400 577 3026 1123 2869 2674 7964 1244 9990 5540 8678 6489 1 4314 3406 5146 2232 738 408 8602 4146 1307 6346 7740 8546 9834 4515 7037 155 9003 9890 9738 339 785 256 6494 157 8850 50 3804 3784 8951 11 4351 3427 6398 8555 2652 9132 1601 8492 6095 3015 2651 3051 301 9203 4547 8080 2886 5069 8926 4453 7857 8850 546 3049 504 2052 4925 2856 369 6605 3128 8798 4516 4328 3832 9309 600 5429 508 5532 3327 8178
-1 -1 -1 -1 -1 -1 -1 -1 -1 -1 -1 -1 -1 -1 -1 -1 -1 -1 -1 -1 -1 -1 -1 -1 -1 -1 -1 -1 -1 -1 -1 -1 -1 -1 -1 -1 -1 -1 -1 -1 -1 -1 -1 -1 -1 -1 -1 -1 -1 -1 -1 -1 -1 -1 -1 -1 -1 -1 -1 -1 -1 -1 -1 -1 -1 -1 -1 -1 -1 -1 -1 -1 -1 -1 -1 -1 -1 -1 -1 -1 -1 -1 -1 -1 -1 -1 -1 -1 -1 -1 -1 -1 -1 -1 -1 -1 8958
8416 7516 5830 8692 7622 8710 248 3037 8750 136 4776 5470 5971 849 9960 1359 8808 6099 317 4254 4432 9611 7876 5918 1292 7302 3629 1947 6084 5051 3815 2437 509 9180 230 7495 587 2965 937 312 354 2035 2609 1841 991 480 2272 7421 1720 1064 3813 5275 6789 3179 8689 2594 3549 5612 5977 4872 8951 5715 9532 3613 3309 7069 4610 4735 6236 3934 8165 2012 3252 7092 8390 4084 851 4986 7071 3934 8603 7178 7358 5801 2577 2613 2051 6749 54 7281 736 5638 4200 6153 979 966 4940
5602 -1 -1 -1 -1 -1 -1 -1 -1 -1 -1 -1 -1 -1 -1 -1 -1 -1 -1 -1 -1 -1 -1 -1 -1 -1 -1 -1 -1 -1 -1 -1 -1 -1 -1 -1 -1 -1 -1 -1 -1 -1 -1 -1 -1 -1 -1 -1 -1 -1 -1 -1 -1 -1 -1 -1 -1 -1 -1 -1 -1 -1 -1 -1 -1 -1 -1 -1 -1 -1 -1 -1 -1 -1 -1 -1 -1 -1 -1 -1 -1 -1 -1 -1 -1 -1 -1 -1 -1 -1 -1 -1 -1 -1 -1 -1 -1
7243 8248 7423 5512 471 4279 5926 9405 3213 2144 9965 3942 3774 8509 266 6067 2691 5212 6790 5348 1388 8071 3566 5056 9078 8955 5243 1555 1947 3690 1005 250 6397 8094 9631 7368 4482 2283 5520 3335 5211 5522 3843 6592 9728 2511 7524 7733 2321 6687 3762 3363 2132 3036 7766 4348 4946 809 3731 3423 1570 4479 9368 9760 5084 2664 5693 4719 7312 499 173 5243 9087 1849 9218 2822 4281 3123 1489 7189 2594 5275 6145 6273 2165 5871 9098 1491 596 5769 9649 3011 9150 1125 9581 582 3761
-1 -1 -1 -1 -1 -1 -1 -1 -1 -1 -1 -1 -1 -1 -1 -1 -1 -1 -1 -1 -1 -1 -1 -1 -1 -1 -1 -1 -1 -1 -1 -1 -1 -1 -1 -1 -1 -1 -1 -1 -1 -1 -1 -1 -1 -1 -1 -1 -1 -1 -1 -1 -1 -1 -1 -1 -1 -1 -1 -1 -1 -1 -1 -1 -1 -1 -1 -1 -1 -1 -1 -1 -1 -1 -1 -1 -1 -1 -1 -1 -1 -1 -1 -1 -1 -1 -1 -1 -1 -1 -1 -1 -1 -1 -1 -1 7664
4960 2377 2667 1756 5331 1256 6411 3714 2891 4357 8364 2307 6887 7311 681 7537 992 9292 7491 5675 6944 3123 4681 9708 4068 9123 8717 7808 8945 5709 8028 5041 8269 3347 3940 2523 5741 1040 5287 9132 5180 5818 918 2958 3402 3038 3831 8149 7085 7633 3336 752 7186 8400 7924 6996 4463 477 7504 1468 4108 5174 6825 2766 7258 8769 293 3549 4538 9172 758 7622 4903 8889 1397 6409 9410 8305 6600 4784 7954 4418 1269 3002 8448 3744 5871 3652 3020 1256 4151 9155 3287 9063 9607 5073 7628
5580 -1 -1 -1 -1 -1 -1 -1 -1 -1 -1 -1 -1 -1 -1 -1 -1 -1 -1 -1 -1 -1 -1 -1 -1 -1 -1 -1 -1 -1 -1 -1 -1 -1 -1 -1 -1 -1 -1 -1 -1 -1 -1 -1 -1 -1 -1 -1 -1 -1 -1 -1 -1 -1 -1 -1 -1 -1 -1 -1 -1 -1 -1 -1 -1 -1 -1 -1 -1 -1 -1 -1 -1 -1 -1 -1 -1 -1 -1 -1 -1 -1 -1 -1 -1 -1 -1 -1 -1 -1 -1 -1 -1 -1 -1 -1 -1
5161 2060 9066 872 324 7883 3483 7534 7304 3672 2004 2939 9318 2018 419 3288 3331 1828 8173 9598 1596 3030 3506 7517 722 7261 2156 1963 7085 5891 515 6087 1918 5247 895 8009 6243 6238 1527 4475 7263 9366 7372 211 6229 992 7517 1267 5769 7905 5673 2895 9425 9686 8166 7860 9936 9171 1035 6902 3978 1508 2503 8803 6379 6559 4695 2895 6461 4628 802 1193 3776 5900 9118 5879 4023 3402 9116 9455 6039 2432 6226 475 2762 1866 3511 6260 9393 8167 3911 409 2364 1591 9310 4035 2851
-1 -1 -1 -1 -1 -1 -1 -1 -1 -1 -1 -1 -1 -1 -1 -1 -1 -1 -1 -1 -1 -1 -1 -1 -1 -1 -1 -1 -1 -1 -1 -1 -1 -1 -1 -1 -1 -1 -1 -1 -1 -1 -1 -1 -1 -1 -1 -1 -1 -1 -1 -1 -1 -1 -1 -1 -1 -1 -1 -1 -1 -1 -1 -1 -1 -1 -1 -1 -1 -1 -1 -1 -1 -1 -1 -1 -1 -1 -1 -1 -1 -1 -1 -1 -1 -1 -1 -1 -1 -1 -1 -1 -1 -1 -1 -1 3843
6396 107 3913 596 4186 4040 1498 8368 2489 1597 8629 8416 3491 1554 8239 781 6733 9894 8150 2024 2624 4428 3619 7713 9243 7043 4217 4523 8715 1840 7718 6595 8686 4482 4424 6053 7882 2922 6425 6636 1037 7128 977 1517 9334 827 4813 8986 2499 3202 7301 727 9642 5380 6843 6232 1815 4873 4521 2257 6582 5655 6762 780 2096 2803 7594 3949 8747 967 8559 5473 6619 6140 1110 6392 5352 2444 2335 147 2919 8867 2169 3144 3962 9812 4052 6140 6178 8801 5768 5406 514 8630 3137 4199 7051
976 -1 -1 -1 -1 -1 -1 -1 -1 -1 -1 -1 -1 -1 -1 -1 -1 -1 -1 -1 -1 -1 -1 -1 -1 -1 -1 -1 -1 -1 -1 -1 -1 -1 -1 -1 -1 -1 -1 -1 -1 -1 -1 -1 -1 -1 -1 -1 -1 -1 -1 -1 -1 -1 -1 -1 -1 -1 -1 -1 -1 -1 -1 -1 -1 -1 -1 -1 -1 -1 -1 -1 -1 -1 -1 -1 -1 -1 -1 -1 -1 -1 -1 -1 -1 -1 -1 -1 -1 -1 -1 -1 -1 -1 -1 -1 -1
9335 827 5709 7455 3943 3721 9786 3958 188 1510 8415 3064 4012 6270 3005 3180 7418 4358 3511 8074 3218 6097 6624 9095 247 8867 3487 8720 884 3669 9265 8093 2322 8738 3901 8466 5555 3116 924 8759 6400 3746 5311 9624 7481 3752 1124 211 5088 3992 6582 9351 7491 2064 1431 9286 5485 9342 1839 854 4141 3587 388 6823 2065 1718 896 7309 3053 2675 6610 2259 249 1173 5242 9336 2368 2484 7200 8798 3767 9622 86 1201 3052 7213 256 5007 6810 5536 6742 566 1997 835 372 4314 6397
-1 -1 -1 -1 -1 -1 -1 -1 -1 -1 -1 -1 -1 -1 -1 -1 -1 -1 -1 -1 -1 -1 -1 -1 -1 -1 -1 -1 -1 -1 -1 -1 -1 -1 -1 -1 -1 -1 -1 -1 -1 -1 -1 -1 -1 -1 -1 -1 -1 -1 -1 -1 -1 -1 -1 -1 -1 -1 -1 -1 -1 -1 -1 -1 -1 -1 -1 -1 -1 -1 -1 -1 -1 -1 -1 -1 -1 -1 -1 -1 -1 -1 -1 -1 -1 -1 -1 -1 -1 -1 -1 -1 -1 -1 -1 -1 5779
8301 6296 3325 5117 4919 7781 1896 5023 7149 2002 7012 9555 859 6979 1315 1054 4438 3704 266 2271 9941 8030 7954 9113 7195 7092 7277 7036 5678 320 3276 7901 5494 8170 9392 7231 8477 5183 7808 8192 7432 5494 2126 557 8376 5247 1683 4533 3893 1269 7301 4306 5919 6070 3577 861 477 2298 819 5989 345 7634 2304 7855 3883 7171 1187 4254 4482 8649 5094 4735 2482 6234 6023 6439 974 8774 7555 9993 4872 6404 7450 2103 2684 7787 1987 6036 9926 7880 9121 1176 5567 4068 2754 693 276
9441 -1 -1 -1 -1 -1 -1 -1 -1 -1 -1 -1 -1 -1 -1 -1 -1 -1 -1 -1 -1 -1 -1 -1 -1 -1 -1 -1 -1 -1 -1 -1 -1 -1 -1 -1 -1 -1 -1 -1 -1 -1 -1 -1 -1 -1 -1 -1 -1 -1 -1 -1 -1 -1 -1 -1 -1 -1 -1 -1 -1 -1 -1 -1 -1 -1 -1 -1 -1 -1 -1 -1 -1 -1 -1 -1 -1 -1 -1 -1 -1 -1 -1 -1 -1 -1 -1 -1 -1 -1 -1 -1 -1 -1 -1 -1 -1
4160 6425 6921 7972 566 6514 6676 1213 4459 2472 2585 4937 8193 2798 2166 3886 5432 3532 4436 1269 1617 1084 2873 4174 9722 2505 2934 299 2412 747 8310 76 9678 7285 4864 9217 2790 6858 468 6639 6632 7958 7225 5201 9464 2141 9987 3386 4871 4070 1198 9172 3445 8450 386 4829 4730 8917 3307 9655 2239 343 1757 520 1447 1947 3095 4887 1056 9049 648 2196 5199 8714 9793 7815 1138 6227 5107 5303 1745 3568 1230 3392 6374 8286 8838 1998 2872 938 4728 3302 9580 1850 1173 7404 3933
-1 -1 -1 -1 -1 -1 -1 -1 -1 -1 -1 -1 -1 -1 -1 -1 -1 -1 -1 -1 -1 -1 -1 -1 -1 -1 -1 -1 -1 -1 -1 -1 -1 -1 -1 -1 -1 -1 -1 -1 -1 -1 -1 -1 -1 -1 -1 -1 -1 -1 -1 -1 -1 -1 -1 -1 -1 -1 -1 -1 -1 -1 -1 -1 -1 -1 -1 -1 -1 -1 -1 -1 -1 -1 -1 -1 -1 -1 -1 -1 -1 -1 -1 -1 -1 -1 -1 -1 -1 -1 -1 -1 -1 -1 -1 -1 8999
8376 352 7937 8422 6741 8308 6075 4707 9389 6059 8593 5745 4900 4050 232 299 3044 4076 3856 5433 7432 4293 8115 7159 2546 7253 3459 6664 9611 2242 6683 4084 9614 6808 7974 1626 9371 5161 1968 5348 1916 4733 3177 9361 5263 2607 5114 3055 2324 7015 2415 525 7331 7464 2994 4939 9158 1273 7609 7361 3720 2470 6952 9819 1890 3 1799 3035 513 8071 1371 4072 7792 8167 6997 3785 883 8227 7593 5909 1925 9480 162 7902 8733 3237 4925 3380 2510 1339 2775 5139 8256 5987 2803 6214 1295
5414 -1 -1 -1 -1 -1 -1 -1 -1 -1 -1 -1 -1 -1 -1 -1 -1 -1 -1 -1 -1 -1 -1 -1 -1 -1 -1 -1 -1 -1 -1 -1 -1 -1 -1 -1 -1 -1 -1 -1 -1 -1 -1 -1 -1 -1 -1 -1 -1 -1 -1 -1 -1 -1 -1 -1 -1 -1 -1 -1 -1 -1 -1 -1 -1 -1 -1 -1 -1 -1 -1 -1 -1 -1 -1 -1 -1 -1 -1 -1 -1 -1 -1 -1 -1 -1 -1 -1 -1 -1 -1 -1 -1 -1 -1 -1 -1
2506 896 1190 1597 3540 1008 6503 1877 9056 3647 6336 7249 7937 8373 1324 7882 9765 1008 7401 4684 1807 5952 5783 7941 1330 381 8925 9411 7677 2725 8817 6922 477 7302 6137 3896 9817 3403 153 6831 2260 1495 4195 438 6529 4399 3647 7206 3567 8587 2194 7800 1028 1039 7260 1911 8955 3389 3774 6899 1027 4230 7560 9352 6471 558 5494 4296 1367 9829 7784 8891 4600 5755 521 8746 5211 6901 6005 1461 6823 5768 1444 6221 2023 3700 9920 8320 8907 9008 987 278 3400 8059 1184 7215 2760
-1 -1 -1 -1 -1 -1 -1 -1 -1 -1 -1 -1 -1 -1 -1 -1 -1 -1 -1 -1 -1 -1 -1 -1 -1 -1 -1 -1 -1 -1 -1 -1 -1 -1 -1 -1 -1 -1 -1 -1 -1 -1 -1 -1 -1 -1 -1 -1 -1 -1 -1 -1 -1 -1 -1 -1 -1 -1 -1 -1 -1 -1 -1 -1 -1 -1 -1 -1 -1 -1 -1 -1 -1 -1 -1 -1 -1 -1 -1 -1 -1 -1 -1 -1 -1 -1 -1 -1 -1 -1 -1 -1 -1 -1 -1 -1 4117
3763 827 3390 743 9962 5447 3682 3088 2427 536 8077 3688 3483 1926 8470 7214 3469 6356 852 2394 7949 9858 3581 8133 8601 7576 9166 1890 6912 3600 4226 4043 4212 1975 6531 8468 604 4739 6875 9763 5319 5814 8125 9654 1596 2807 4449 6720 6724 4922 6977 8831 4331 6892 142 9753 7263 5694 5539 3800 1070 7629 7087 9593 1984 4871 2295 5155 5727 6157 7513 1779 9707 4913 6222 6105 9079 8484 9260 5784 8167 5415 3385 154 1118 5449 4243 5144 8468 1977 7688 2534 6618 5037 2575 4409 4227
9305 -1 -1 -1 -1 -1 -1 -1 -1 -1 -1 -1 -1 -1 -1 -1 -1 -1 -1 -1 -1 -1 -1 -1 -1 -1 -1 -1 -1 -1 -1 -1 -1 -1 -1 -1 -1 -1 -1 -1 -1 -1 -1 -1 -1 -1 -1 -1 -1 -1 -1 -1 -1 -1 -1 -1 -1 -1 -1 -1 -1 -1 -1 -1 -1 -1 -1 -1 -1 -1 -1 -1 -1 -1 -1 -1 -1 -1 -1 -1 -1 -1 -1 -1 -1 -1 -1 -1 -1 -1 -1 -1 -1 -1 -1 -1 -1
1781 7902 2218 5320 4578 8619 9853 4167 6961 1221 2773 7256 7473 9085 7100 8192 6713 56 3586 9224 3974 3003 673 1161 9346 3479 6370 2165 3543 5332 1990 4756 8366 3146 7242 9786 4760 3445 7444 7589 524 4409 7579 8096 9095 5484 162 8643 8043 265 9829 6005 1281 2073 1161 992 8186 8691 7578 5683 4905 2030 9165 6602 2415 3336 7715 3091 8229 2678 4004 5611 3455 2238 308 4801 2958 9249 2810 9833 2107 5037 5440 2041 6367 5476 8806 9198 9667 8912 9423 8081 8223 3907 2727 3402 1701
-1 -1 -1 -1 -1 -1 -1 -1 -1 -1 -1 -1 -1 -1 -1 -1 -1 -1 -1 -1 -1 -1 -1 -1 -1 -1 -1 -1 -1 -1 -1 -1 -1 -1 -1 -1 -1 -1 -1 -1 -1 -1 -1 -1 -1 -1 -1 -1 -1 -1 -1 -1 -1 -1 -1 -1 -1 -1 -1 -1 -1 -1 -1 -1 -1 -1 -1 -1 -1 -1 -1 -1 -1 -1 -1 -1 -1 -1 -1 -1 -1 -1 -1 -1 -1 -1 -1 -1 -1 -1 -1 -1 -1 -1 -1 -1 6224
7857 4392 9752 1915 1433 5662 7504 8658 6013 6857 5049 8482 1963 4020 5023 558 6533 4086 749 4100 9181 2640 4650 5631 1220 4136 5520 3575 8590 3251 4947 4065 5136 7448 9723 1913 1224 9394 2889 2224 2321 6869 5433 6504 9007 2052 8485 8316 4125 4892 2935 15 3084 8560 9538 6908 3271 4916 1519 4448 1555 3373 1225 9950 3338 6582 3493 3760 1510 9712 3816 2816 8269 2618 636 6354 3840 8537 120 4593 2968 343 461 7298 8535 4073 3601 1398 9417 6195 2861 9678 129 1371 3017 3845 6886
6468 -1 -1 -1 -1 -1 -1 -1 -1 -1 -1 -1 -1 -1 -1 -1 -1 -1 -1 -1 -1 -1 -1 -1 -1 -1 -1 -1 -1 -1 -1 -1 -1 -1 -1 -1 -1 -1 -1 -1 -1 -1 -1 -1 -1 -1 -1 -1 -1 -1 -1 -1 -1 -1 -1 -1 -1 -1 -1 -1 -1 -1 -1 -1 -1 -1 -1 -1 -1 -1 -1 -1 -1 -1 -1 -1 -1 -1 -1 -1 -1 -1 -1 -1 -1 -1 -1 -1 -1 -1 -1 -1 -1 -1 -1 -1 -1
6652 95 6459 6843 9733 2051 8769 2848 1667 256 6991 1007 3367 8428 5605 7635 1829 6833 3673 6791 1040 5309 2450 5179 9149 672 5660 1137 3524 1850 6105 2031 7346 7923 8243 7451 9493 8013 8560 9247 3893 6870 5532 9493 4934 5952 6472 7651 2628 4356 847 5620 3387 247 4557 7550 4223 6326 9603 8349 8666 309 9442 2754 3133 4248 9411 658 3546 5145 467 8259 7575 3737 2888 2511 527 1877 3221 125 1028 4297 6873 7715 4740 471 7946 1739 3194 4381 4477 3445 4618 2807 3016 1934 4924
-1 -1 -1 -1 -1 -1 -1 -1 -1 -1 -1 -1 -1 -1 -1 -1 -1 -1 -1 -1 -1 -1 -1 -1 -1 -1 -1 -1 -1 -1 -1 -1 -1 -1 -1 -1 -1 -1 -1 -1 -1 -1 -1 -1 -1 -1 -1 -1 -1 -1 -1 -1 -1 -1 -1 -1 -1 -1 -1 -1 -1 -1 -1 -1 -1 -1 -1 -1 -1 -1 -1 -1 -1 -1 -1 -1 -1 -1 -1 -1 -1 -1 -1 -1 -1 -1 -1 -1 -1 -1 -1 -1 -1 -1 -1 -1 165
6625 71 9205 2377 486 9382 5813 578 5683 5118 3813 4604 7202 687 4317 2313 8914 2164 5184 4116 5075 5965 9304 3908 1955 2884 2248 5576 3588 5427 1486 6104 6373 6636 5079 6997 3507 3188 5043 4744 6921 779 3335 597 8881 6639 7758 5303 2518 7351 4641 8181 7167 9463 1895 3182 9121 7231 6794 4362 6135 7300 8296 383 6601 7125 4418 1996 6836 6712 6646 9927 7029 6103 7573 4365 4986 1004 9583 5871 6218 9732 4905 738 6481 6278 122 7800 4322 7938 2774 941 3117 3966 3018 5120 8675
2728 -1 -1 -1 -1 -1 -1 -1 -1 -1 -1 -1 -1 -1 -1 -1 -1 -1 -1 -1 -1 -1 -1 -1 -1 -1 -1 -1 -1 -1 -1 -1 -1 -1 -1 -1 -1 -1 -1 -1 -1 -1 -1 -1 -1 -1 -1 -1 -1 -1 -1 -1 -1 -1 -1 -1 -1 -1 -1 -1 -1 -1 -1 -1 -1 -1 -1 -1 -1 -1 -1 -1 -1 -1 -1 -1 -1 -1 -1 -1 -1 -1 -1 -1 -1 -1 -1 -1 -1 -1 -1 -1 -1 -1 -1 -1 -1
4774 2592 4250 888 4827 5577 8864 9827 9788 5275 5092 3444 9144 7382 1132 5087 1640 1309 4757 4679 6286 8587 7805 6587 6345 5025 1799 133 3704 8032 2349 5003 3087 4286 1750 6130 6156 3284 7836 4704 1223 9061 5466 8058 3766 4732 6512 9486 7166 3537 9392 6190 7545 4247 5801 7710 438 7276 788 2366 4092 8734 9169 7385 4557 7380 7369 8108 6314 1199 7132 663 8084 910 7843 5937 4155 4757 3000 890 8036 537 4944 4405 7435 573 9895 5817 2663 7087 1838 2745 4519 6132 8143 7189 3378
1 1
97 97
