24 24 822938984
6872 -1 7802 4516 8917 -1 2653 8699 750 1636 7038 5208 9791 8478 9995 -1 7649 4097 4999 -1 6667 8875 9828 -1
700 -1 8621 -1 635 -1 3789 -1 -1 -1 -1 -1 6096 -1 -1 -1 3330 -1 5355 -1 2990 -1 -1 -1
610 3104 3307 -1 4190 -1 9036 6605 7651 9449 728 -1 6703 3808 9411 -1 649 -1 7766 -1 4219 6697 80 -1
-1 -1 -1 -1 8270 -1 -1 -1 4737 -1 -1 -1 -1 -1 7901 -1 6817 -1 4166 -1 -1 -1 4186 -1
9874 7408 5398 201 5023 -1 6590 2910 2436 -1 5547 1896 9924 5064 7202 -1 9837 -1 2312 3526 297 -1 5767 -1
463 -1 -1 -1 3775 -1 7669 -1 -1 -1 8519 -1 -1 -1 -1 -1 837 -1 5779 -1 -1 -1 3580 -1
6456 -1 4327 594 1893 -1 9438 687 6559 -1 1924 2286 4194 2471 2495 -1 5733 -1 8301 -1 1564 303 5296 -1
1353 -1 8666 -1 -1 -1 -1 -1 8061 -1 -1 -1 -1 -1 4621 -1 4908 -1 5532 -1 1003 -1 -1 -1
8925 -1 2897 -1 7851 7354 1105 -1 7664 -1 4578 6823 7263 -1 1802 -1 494 -1 978 -1 8989 7438 2868 -1
4828 -1 3860 -1 -1 -1 2457 -1 2605 -1 1727 -1 3920 -1 4360 -1 6570 -1 8961 -1 -1 -1 4750 -1
4370 -1 1109 1937 2084 8388 4996 -1 5111 4419 1767 -1 5866 -1 2331 -1 891 -1 5146 91 4275 -1 5298 -1
6216 -1 -1 -1 -1 -1 -1 -1 -1 -1 293 -1 -1 -1 9241 -1 3882 -1 3156 -1 4706 -1 4620 -1
8536 4684 1059 -1 2842 4053 6331 8965 6797 -1 7939 -1 340 8559 5430 -1 832 -1 7720 -1 8919 -1 8193 -1
2459 -1 9465 -1 9112 -1 -1 -1 7466 -1 2988 -1 9263 -1 -1 -1 3506 -1 4834 -1 -1 -1 5096 -1
3431 -1 4949 -1 8661 7648 6483 -1 6586 4638 2453 -1 6734 -1 5511 9458 8951 -1 4551 -1 3231 6728 9496 -1
-1 -1 5647 -1 -1 -1 6771 -1 -1 -1 -1 -1 8967 -1 4736 -1 -1 -1 9788 -1 2308 -1 -1 -1
8448 5268 2782 7406 5646 -1 4434 3327 67 -1 744 -1 7777 854 3094 -1 7571 -1 772 -1 6141 -1 2399 -1
4428 -1 -1 -1 -1 -1 -1 -1 9286 -1 570 -1 -1 -1 -1 -1 9366 -1 3856 -1 3933 -1 4743 -1
6057 8046 2052 2571 4636 1865 8137 -1 1956 3221 9344 -1 5146 7158 1095 -1 9089 -1 3389 -1 1530 3474 8732 -1
4981 -1 -1 -1 328 -1 -1 -1 -1 -1 2358 -1 5040 -1 2235 -1 4297 -1 7456 -1 -1 -1 1955 -1
7782 296 5801 -1 7488 4856 7390 7805 3713 -1 2471 -1 5414 -1 6286 9429 1943 -1 4026 2794 7467 -1 3082 -1
-1 -1 6490 -1 -1 -1 -1 -1 3093 -1 9854 -1 2294 -1 -1 -1 2905 -1 -1 -1 9593 -1 4807 -1
5330 8009 321 598 6179 3519 2100 -1 400 7355 3903 9764 2363 -1 734 4903 3482 9580 5095 -1 3102 6222 3755 -1
-1 -1 -1 -1 -1 -1 -1 -1 -1 -1 -1 -1 -1 -1 -1 -1 -1 -1 -1 -1 -1 -1 -1 -1
1 23
9 5
