10 34 315064740
4650 4101 3001 2374 5911 -1 449 5239 7942 -1 7005 6258 5899 -1 5302 8315 2248 -1 450 5196 1635 8304 3637 -1 7324 4137 3503 -1 923 1848 3853 9382 1634 -1
-1 -1 6127 -1 5660 -1 8267 -1 2095 -1 3489 -1 5669 -1 7462 -1 2036 -1 7676 -1 546 -1 5236 -1 1774 -1 1370 -1 -1 -1 4995 -1 -1 -1
6461 6552 7599 -1 8136 -1 973 -1 7617 7134 2216 -1 7355 1340 210 -1 4098 2237 7880 -1 2878 -1 5339 5778 550 -1 4978 3993 2761 -1 4513 6692 9967 -1
4186 -1 -1 -1 1185 -1 6207 -1 -1 -1 -1 -1 -1 -1 -1 -1 -1 -1 -1 -1 4777 -1 -1 -1 -1 -1 -1 -1 993 -1 -1 -1 8010 -1
3425 6861 3282 -1 1463 -1 4571 9143 9928 -1 8425 6613 1285 -1 2856 -1 6931 6209 7114 7292 1519 -1 5244 3411 6558 -1 9794 4674 3951 -1 4154 5350 8462 -1
-1 -1 4641 -1 5449 -1 -1 -1 7202 -1 -1 -1 3610 -1 2295 -1 4326 -1 -1 -1 -1 -1 9631 -1 4268 -1 1376 -1 -1 -1 9168 -1 2413 -1
7710 87 6561 -1 9755 667 3833 -1 6638 4894 4558 -1 7071 -1 3268 -1 6992 -1 8622 533 3808 404 3618 -1 9529 -1 5967 -1 942 8430 5885 -1 5305 -1
2059 -1 -1 -1 -1 -1 -1 -1 -1 -1 8208 -1 2668 -1 3478 -1 6005 -1 9025 -1 3797 -1 -1 -1 -1 -1 105 -1 -1 -1 4587 -1 6763 -1
9633 412 3985 636 2170 8402 5563 2883 7868 6513 6519 824 3350 -1 686 4848 1433 -1 8899 -1 152 2406 9277 915 2787 6978 2428 6132 8762 3605 7626 -1 3183 -1
-1 -1 -1 -1 -1 -1 -1 -1 -1 -1 -1 -1 -1 -1 -1 -1 -1 -1 -1 -1 -1 -1 -1 -1 -1 -1 -1 -1 -1 -1 -1 -1 -1 -1
5 15
7 7
