63 19 793708995
3868 5411 8475 1745 1328 -1 6049 9856 8482 8682 7807 904 8434 7134 1442 7866 9874 -1 8789
8762 -1 -1 -1 4499 -1 1134 -1 -1 -1 -1 -1 5116 -1 -1 -1 8537 -1 -1
7023 8851 2184 -1 2391 5537 7579 4558 856 6158 6324 -1 2164 -1 305 5171 8916 -1 5249
-1 -1 2048 -1 -1 -1 -1 -1 -1 -1 -1 -1 9343 -1 -1 -1 -1 -1 -1
438 -1 4365 -1 3013 -1 6844 3238 8169 -1 1585 3287 6641 -1 4689 5870 6385 -1 8226
6362 -1 4686 -1 1030 -1 9028 -1 -1 -1 8227 -1 -1 -1 9978 -1 964 -1 -1
6784 -1 1491 5830 6686 -1 8501 462 9162 -1 8799 1808 9277 1716 1792 -1 9649 -1 829
8015 -1 -1 -1 7077 -1 -1 -1 1086 -1 -1 -1 -1 -1 -1 -1 3147 -1 -1
9921 8844 484 -1 3117 7567 2224 -1 9101 889 8617 -1 7786 3240 5659 -1 1549 -1 4927
3594 -1 7367 -1 -1 -1 8893 -1 -1 -1 6360 -1 3562 -1 4639 -1 9548 -1 -1
4533 -1 9420 815 1345 7030 114 -1 7923 4050 3778 -1 5428 -1 6593 -1 3290 -1 1868
1326 -1 -1 -1 -1 -1 -1 -1 4721 -1 -1 -1 3045 -1 8287 -1 8461 -1 -1
8939 4070 1135 -1 4866 5164 4984 6357 7362 -1 4725 9042 9331 -1 2324 -1 546 -1 4116
-1 -1 6443 -1 5000 -1 -1 -1 -1 -1 6615 -1 4630 -1 9884 -1 426 -1 -1
9460 -1 8679 -1 9957 7715 6066 8777 3876 -1 5408 -1 6431 -1 4148 -1 7274 -1 7932
6103 -1 7007 -1 -1 -1 -1 -1 7277 -1 -1 -1 5722 -1 5254 -1 4933 -1 -1
6438 3509 7493 -1 3066 8823 8540 -1 9579 5713 5674 1871 658 -1 6601 6531 184 -1 9489
8222 -1 -1 -1 956 -1 -1 -1 -1 -1 -1 -1 -1 -1 -1 -1 -1 -1 -1
5085 9163 1089 -1 8334 -1 4267 6698 7980 638 6544 4700 6825 4317 5683 5827 2408 -1 5664
-1 -1 9 -1 1890 -1 1226 -1 -1 -1 -1 -1 -1 -1 -1 -1 5940 -1 -1
409 1537 8624 -1 4955 1844 9712 991 6664 5145 9085 -1 3897 5484 2277 -1 3096 -1 4286
8664 -1 -1 -1 -1 -1 -1 -1 -1 -1 -1 -1 4568 -1 22 -1 2585 -1 -1
4652 4055 2572 2829 6301 7586 7930 3587 514 4605 7584 5332 6450 -1 4894 3618 3843 -1 1427
-1 -1 -1 -1 -1 -1 -1 -1 -1 -1 -1 -1 -1 -1 -1 -1 2160 -1 -1
8837 677 3817 5637 8221 7750 6276 574 2995 1840 8767 -1 5722 4317 2284 -1 8836 -1 1514
16 -1 -1 -1 -1 -1 1105 -1 -1 -1 -1 -1 3217 -1 9381 -1 6371 -1 -1
9875 -1 853 1401 1308 -1 8513 3525 8770 -1 6374 4336 4632 -1 1510 7622 6638 -1 1386
3049 -1 5003 -1 6571 -1 -1 -1 173 -1 4014 -1 -1 -1 -1 -1 -1 -1 -1
1250 -1 4882 -1 1701 -1 2130 9763 9959 -1 7539 42 2183 -1 167 4291 2818 -1 7780
-1 -1 6918 -1 4884 -1 9759 -1 8703 -1 -1 -1 2794 -1 -1 -1 5328 -1 -1
3954 9888 5594 -1 4730 9307 9492 -1 840 2172 745 -1 257 3522 8017 -1 5545 -1 1302
817 -1 -1 -1 4911 -1 -1 -1 -1 -1 -1 -1 -1 -1 8595 -1 6289 -1 -1
6420 7615 4170 -1 8899 -1 1993 3264 5280 1543 8542 5946 6470 -1 2250 5318 5563 -1 2078
-1 -1 5191 -1 3856 -1 7306 -1 -1 -1 -1 -1 8596 -1 -1 -1 8280 -1 -1
6315 6353 6932 -1 1392 -1 3214 5561 5379 -1 3064 8396 1906 8845 2665 -1 395 -1 7016
8369 -1 -1 -1 -1 -1 -1 -1 1975 -1 4825 -1 -1 -1 5785 -1 1470 -1 -1
239 3648 7413 9810 4748 1331 5291 7533 4351 -1 1874 133 6814 -1 2872 -1 380 -1 7735
9964 -1 -1 -1 -1 -1 -1 -1 -1 -1 -1 -1 7370 -1 -1 -1 6728 -1 -1
8440 4570 4776 2481 5300 9262 1415 -1 380 8643 6503 -1 9125 -1 4786 3613 4886 -1 7465
-1 -1 -1 -1 -1 -1 6760 -1 -1 -1 1957 -1 4122 -1 179 -1 -1 -1 -1
8189 374 3091 8190 4653 -1 1291 9583 2330 -1 3921 -1 8825 -1 3656 8711 1555 -1 7907
538 -1 -1 -1 9621 -1 -1 -1 447 -1 5219 -1 3500 -1 -1 -1 9955 -1 -1
6528 -1 5002 7548 6273 -1 2369 6270 2863 -1 1967 -1 5374 2159 6668 -1 7195 -1 7355
-1 -1 8913 -1 5225 -1 667 -1 -1 -1 9363 -1 -1 -1 1738 -1 2356 -1 -1
9817 5688 6444 -1 1435 -1 5310 1761 1322 5239 5809 -1 704 5049 3183 -1 9628 -1 4942
6687 -1 5761 -1 -1 -1 -1 -1 -1 -1 2380 -1 2501 -1 504 -1 2088 -1 -1
9364 -1 8403 -1 3255 5918 381 9303 2123 -1 6374 -1 8112 -1 9984 -1 6922 -1 233
9310 -1 -1 -1 3091 -1 5645 -1 -1 -1 8653 -1 3609 -1 -1 -1 1692 -1 -1
2701 9221 3733 -1 2731 -1 3762 4387 8611 2336 8403 -1 9669 -1 9024 8814 9552 -1 7617
-1 -1 5473 -1 2416 -1 -1 -1 -1 -1 -1 -1 1254 -1 8252 -1 -1 -1 -1
9853 4987 9671 -1 362 -1 3348 4444 7166 6332 2066 -1 5890 -1 3406 -1 3398 -1 7058
8319 -1 -1 -1 2000 -1 -1 -1 3633 -1 8608 -1 5422 -1 810 -1 9361 -1 -1
8695 2633 4088 -1 7736 5457 6082 2957 1058 -1 574 -1 8785 -1 1355 -1 1460 -1 6765
-1 -1 8017 -1 -1 -1 7695 -1 -1 -1 -1 -1 8626 -1 6229 -1 4785 -1 -1
9189 483 2439 2039 5345 -1 3765 -1 3784 4767 2694 6238 9580 -1 8690 813 4462 -1 6299
7845 -1 -1 -1 6168 -1 2048 -1 6516 -1 -1 -1 9338 -1 -1 -1 5603 -1 -1
2150 353 9719 -1 4996 -1 6710 -1 7266 5571 2675 -1 9689 9788 3192 -1 1324 -1 8338
-1 -1 3889 -1 -1 -1 2096 -1 -1 -1 990 -1 -1 -1 6388 -1 8362 -1 -1
7562 2017 4668 -1 4586 31 7268 -1 3944 -1 1543 3143 4958 -1 9071 -1 6802 -1 7981
4257 -1 -1 -1 4640 -1 -1 -1 3404 -1 -1 -1 7522 -1 -1 -1 6440 -1 -1
1818 9472 6668 8403 6710 4271 4831 1055 7814 2146 3396 -1 2302 8057 5210 1939 7012 -1 4963
-1 -1 -1 -1 -1 -1 -1 -1 -1 -1 -1 -1 -1 -1 -1 -1 -1 -1 -1
6042 -1 3645 -1 811 -1 5360 -1 7640 -1 9021 -1 6998 -1 2554 -1 256 -1 626
5 9
43 1
