65 63 679877558
6974 9150 1893 8589 2925 5970 9690 5448 5642 641 588 4004 6247 6283 5457 8276 7756 -1 6509 4472 5154 -1 1660 6273 1553 7182 9635 2356 8407 5521 9593 -1 5236 2463 1546 8657 3356 8147 4685 5040 1604 2690 3061 -1 6314 9315 1822 9286 9612 -1 7888 8008 6609 9037 200 5093 9559 7576 3247 8611 2973 -1 6742
2323 -1 -1 -1 4534 -1 -1 -1 765 -1 -1 -1 -1 -1 -1 -1 -1 -1 5003 -1 1723 -1 1854 -1 6400 -1 -1 -1 -1 -1 -1 -1 2720 -1 5591 -1 55 -1 -1 -1 -1 -1 -1 -1 2516 -1 -1 -1 8632 -1 5896 -1 9672 -1 -1 -1 -1 -1 -1 -1 551 -1 -1
3223 -1 7996 3623 3197 -1 2383 -1 2970 -1 9883 3028 2349 -1 85 8887 1876 3912 6757 -1 2708 2039 2082 -1 233 5174 7877 4350 7854 6866 2908 1549 3520 -1 7304 -1 5676 -1 3320 9218 8968 -1 8595 4903 1240 -1 5589 -1 2208 -1 2217 -1 81 8354 655 -1 4705 3787 2124 -1 6342 -1 4624
9222 -1 2059 -1 -1 -1 7669 -1 5052 -1 77 -1 6139 -1 4752 -1 -1 -1 -1 -1 -1 -1 -1 -1 -1 -1 -1 -1 -1 -1 -1 -1 -1 -1 1372 -1 8549 -1 3473 -1 4577 -1 8898 -1 -1 -1 6687 -1 2147 -1 2865 -1 -1 -1 2701 -1 5496 -1 -1 -1 9988 -1 -1
2300 -1 9033 -1 3681 4743 1819 517 9737 -1 8952 -1 6852 9305 3358 -1 8702 4082 1277 -1 6763 9320 3115 -1 3418 1100 5823 5516 5281 -1 9852 8671 4587 -1 603 -1 9046 -1 9964 -1 4171 -1 2446 -1 3983 8231 7091 -1 2940 -1 1184 4240 1556 -1 6146 -1 9565 8119 7700 318 2716 -1 1079
-1 -1 112 -1 9095 -1 -1 -1 -1 -1 5203 -1 -1 -1 -1 -1 5624 -1 7618 -1 8450 -1 -1 -1 1297 -1 1687 -1 2461 -1 5835 -1 -1 -1 5646 -1 -1 -1 8469 -1 6326 -1 6481 -1 -1 -1 17 -1 6246 -1 -1 -1 8284 -1 5713 -1 -1 -1 9020 -1 -1 -1 -1
3674 1453 7759 -1 2438 -1 9955 418 7858 -1 2615 -1 342 1621 1804 8808 1625 -1 7157 -1 696 7492 8294 2760 1619 -1 5099 -1 1049 1697 9672 -1 3268 7245 2823 -1 1880 6363 906 -1 3061 5738 2596 -1 2673 2382 1326 -1 1154 -1 4628 1080 6976 -1 1684 4806 3855 -1 2754 -1 8619 -1 1585
6570 -1 -1 -1 -1 -1 4602 -1 4156 -1 6688 -1 6423 -1 -1 -1 -1 -1 3296 -1 -1 -1 -1 -1 -1 -1 6446 -1 5667 -1 -1 -1 9259 -1 -1 -1 6660 -1 -1 -1 -1 -1 9813 -1 562 -1 2613 -1 6189 -1 8121 -1 -1 -1 -1 -1 5966 -1 895 -1 4815 -1 -1
4288 3874 1498 5759 43 -1 2991 -1 8367 -1 4198 -1 6375 152 5463 -1 3741 4093 2739 3142 591 9127 7368 912 3110 -1 6849 -1 5092 -1 5311 3463 1212 -1 9253 22 7966 -1 4954 4120 1993 -1 304 -1 4374 -1 5974 -1 3559 -1 3553 1779 9678 7299 8873 -1 5038 -1 4439 405 1092 -1 3974
7777 -1 -1 -1 79 -1 6103 -1 408 -1 6233 -1 6622 -1 3381 -1 -1 -1 -1 -1 -1 -1 -1 -1 1342 -1 9902 -1 1650 -1 605 -1 -1 -1 5910 -1 -1 -1 9046 -1 2375 -1 8152 -1 8848 -1 7919 -1 179 -1 -1 -1 -1 -1 3235 -1 5395 -1 -1 -1 -1 -1 -1
3078 -1 1613 1866 6114 -1 7023 -1 8554 1511 4988 -1 6054 -1 2851 3970 5004 -1 9240 1833 6481 3347 4600 -1 415 7121 6333 -1 1639 -1 4818 -1 6472 7456 5497 -1 5992 -1 8493 -1 3750 -1 3695 4333 1535 -1 3760 -1 216 6395 8842 -1 6738 5960 4087 -1 8438 7936 808 4190 6939 -1 7788
4434 -1 2111 -1 -1 -1 1823 -1 -1 -1 -1 -1 -1 -1 -1 -1 6440 -1 2108 -1 -1 -1 -1 -1 -1 -1 -1 -1 7888 -1 5690 -1 2364 -1 -1 -1 7231 -1 8713 -1 1241 -1 -1 -1 -1 -1 -1 -1 -1 -1 4534 -1 2332 -1 -1 -1 -1 -1 -1 -1 6487 -1 -1
5506 -1 7957 7144 3237 5335 4802 -1 4943 8179 2252 591 4038 9586 1008 8032 7642 -1 1520 -1 3195 1735 7163 528 2360 221 3372 4567 1312 -1 9911 -1 4243 811 9573 3554 7938 -1 1761 -1 1607 2960 7431 5786 7187 9813 2227 869 2007 -1 7262 -1 7232 7653 5207 2220 467 3595 8395 -1 6529 -1 8880
6042 -1 -1 -1 -1 -1 -1 -1 4781 -1 -1 -1 -1 -1 -1 -1 -1 -1 8527 -1 7948 -1 -1 -1 -1 -1 -1 -1 -1 -1 7833 -1 -1 -1 -1 -1 6944 -1 3877 -1 -1 -1 -1 -1 -1 -1 -1 -1 6179 -1 4552 -1 -1 -1 -1 -1 -1 -1 -1 -1 7143 -1 -1
2206 1519 5671 -1 1069 1567 138 6154 1471 5357 3870 -1 6696 -1 4814 5637 4462 9844 9229 -1 5212 5987 5110 -1 101 7378 9526 3566 9320 -1 5902 5096 6537 6921 6036 -1 1339 -1 3775 1395 2869 -1 2708 9786 6027 6034 7105 9810 9028 -1 5949 9417 7057 -1 6192 6610 1728 2866 6262 5237 9447 -1 545
-1 -1 9334 -1 1731 -1 -1 -1 -1 -1 3838 -1 9483 -1 3030 -1 -1 -1 4548 -1 -1 -1 3308 -1 2292 -1 -1 -1 2036 -1 7545 -1 -1 -1 -1 -1 4697 -1 -1 -1 3031 -1 9414 -1 -1 -1 -1 -1 -1 -1 -1 -1 2084 -1 9949 -1 -1 -1 -1 -1 -1 -1 -1
5798 4775 9203 -1 860 -1 74 1442 9156 2293 4976 -1 9696 -1 2283 3045 3461 -1 7657 3248 4505 763 6084 -1 6329 -1 9801 4693 591 -1 5365 27 5270 -1 4024 2887 3054 -1 1078 -1 9413 -1 3723 1059 359 3771 3083 3737 1678 5305 7223 -1 1185 -1 163 5234 1539 6693 2244 6072 8780 -1 9731
552 -1 -1 -1 6704 -1 8769 -1 -1 -1 -1 -1 1922 -1 -1 -1 4027 -1 -1 -1 -1 -1 -1 -1 -1 -1 3628 -1 3470 -1 -1 -1 5745 -1 8325 -1 -1 -1 8051 -1 7729 -1 -1 -1 -1 -1 -1 -1 -1 -1 120 -1 4129 -1 2966 -1 -1 -1 -1 -1 164 -1 -1
5105 -1 5879 9436 995 -1 1538 -1 3900 1377 6901 -1 2170 6059 5654 7507 5615 -1 2910 9169 5155 4522 3721 9099 4358 4099 8274 -1 983 -1 9955 8772 2165 -1 7660 3788 4706 -1 7821 -1 266 9718 1403 7130 947 -1 9328 8326 8898 -1 7477 6265 6134 -1 6854 -1 6832 -1 4292 3996 6619 -1 165
5111 -1 -1 -1 -1 -1 7523 -1 5568 -1 7239 -1 9339 -1 -1 -1 -1 -1 -1 -1 -1 -1 7378 -1 -1 -1 -1 -1 3077 -1 9013 -1 -1 -1 -1 -1 2213 -1 1305 -1 -1 -1 -1 -1 147 -1 -1 -1 3533 -1 -1 -1 -1 -1 4907 -1 4386 -1 5816 -1 -1 -1 -1
3871 4997 5052 1287 9026 7023 6718 -1 5941 -1 7996 5165 7394 1220 5190 740 5788 5293 5602 2722 3363 -1 3620 4153 7020 3412 3966 -1 5362 -1 7286 5752 5373 9012 358 6589 5807 -1 3053 1694 2293 7889 877 -1 8411 250 292 -1 2379 -1 1457 9596 5390 -1 2730 -1 9363 -1 8044 8217 4034 -1 3312
-1 -1 -1 -1 -1 -1 -1 -1 4469 -1 -1 -1 -1 -1 -1 -1 -1 -1 -1 -1 8592 -1 637 -1 -1 -1 7829 -1 -1 -1 -1 -1 -1 -1 9369 -1 -1 -1 -1 -1 6643 -1 7615 -1 -1 -1 3985 -1 9697 -1 8371 -1 2742 -1 7624 -1 7551 -1 -1 -1 3651 -1 -1
4030 8326 7544 3773 7047 -1 3883 7354 4706 -1 8144 3093 8434 -1 1164 6043 9910 -1 8986 3167 1911 -1 1557 -1 402 7884 2376 -1 6509 5874 8299 3592 156 -1 6531 9531 662 6130 1715 8507 4032 -1 4081 -1 3213 6625 6782 -1 7935 6925 4851 -1 103 -1 1122 -1 8197 -1 9449 1419 2355 -1 4024
9276 -1 5344 -1 -1 -1 7562 -1 -1 -1 9804 -1 966 -1 893 -1 9902 -1 1340 -1 -1 -1 8041 -1 3955 -1 -1 -1 5611 -1 -1 -1 9963 -1 -1 -1 -1 -1 -1 -1 -1 -1 5156 -1 7541 -1 -1 -1 4661 -1 -1 -1 8144 -1 8099 -1 8447 -1 4461 -1 5765 -1 -1
4204 -1 4952 -1 3664 1300 8881 864 4820 -1 896 -1 2747 -1 7687 -1 9269 -1 1817 2635 7447 -1 3262 -1 3684 -1 1238 8373 4431 -1 8716 -1 8835 -1 6514 9950 3479 9750 1008 7371 8496 -1 8066 -1 5288 2075 7331 -1 9208 9443 4247 -1 6240 4775 7174 -1 5879 -1 1943 -1 4546 -1 6617
-1 -1 6367 -1 5021 -1 -1 -1 -1 -1 9034 -1 1266 -1 249 -1 -1 -1 -1 -1 2190 -1 -1 -1 9291 -1 2803 -1 -1 -1 3827 -1 593 -1 -1 -1 3647 -1 -1 -1 -1 -1 2295 -1 -1 -1 4792 -1 -1 -1 -1 -1 1421 -1 -1 -1 4613 -1 8989 -1 9880 -1 -1
8336 9970 1095 -1 1571 2482 3861 -1 3197 5322 2615 -1 3995 -1 572 8553 9913 288 5820 -1 8686 -1 1097 1428 6521 -1 7617 -1 3840 9689 7356 -1 3992 8415 4652 -1 1139 4815 9731 5987 5521 9989 1874 -1 1339 -1 2314 2503 4312 3524 3719 -1 5880 -1 8150 4066 1751 -1 9958 -1 2853 -1 8504
8470 -1 2994 -1 -1 -1 354 -1 6246 -1 -1 -1 7549 -1 820 -1 -1 -1 6642 -1 8401 -1 5746 -1 492 -1 4338 -1 6416 -1 8357 -1 -1 -1 7650 -1 -1 -1 -1 -1 -1 -1 1272 -1 56 -1 -1 -1 -1 -1 6722 -1 7985 -1 -1 -1 9760 -1 408 -1 7729 -1 -1
8581 -1 4819 -1 861 431 1317 -1 8298 -1 2814 -1 4438 -1 4255 9104 9259 -1 948 9350 3975 79 5100 -1 43 -1 758 -1 3845 -1 7211 8117 8744 -1 2886 3500 169 -1 5324 4328 1669 -1 764 2104 2753 5758 7095 5318 8369 -1 7028 -1 8493 980 7815 -1 364 -1 348 -1 8026 -1 1302
6684 -1 -1 -1 5690 -1 -1 -1 2814 -1 1510 -1 3121 -1 -1 -1 -1 -1 -1 -1 -1 -1 -1 -1 -1 -1 619 -1 8390 -1 -1 -1 2958 -1 -1 -1 6961 -1 620 -1 5612 -1 -1 -1 -1 -1 -1 -1 -1 -1 46 -1 -1 -1 6728 -1 853 -1 7435 -1 -1 -1 -1
2209 846 512 -1 3494 -1 7128 -1 8827 -1 1728 -1 1537 8639 7090 2065 9950 -1 6363 9783 8037 4520 8995 4244 3491 3464 2802 -1 1008 3487 9598 -1 4408 4578 639 -1 6070 3262 4021 -1 2762 3358 7796 779 6972 682 5125 3523 5519 6768 8974 -1 9894 730 707 3382 6017 -1 1366 8997 7131 -1 4856
1229 -1 3225 -1 3916 -1 4773 -1 5996 -1 5092 -1 -1 -1 -1 -1 2250 -1 5588 -1 -1 -1 -1 -1 -1 -1 -1 -1 -1 -1 -1 -1 9959 -1 1268 -1 -1 -1 -1 -1 -1 -1 -1 -1 -1 -1 -1 -1 -1 -1 -1 -1 -1 -1 -1 -1 79 -1 -1 -1 9222 -1 -1
9361 -1 3523 6369 4363 5049 2922 -1 3868 -1 4114 2876 7860 -1 7751 9887 9620 -1 9189 4450 7734 -1 3338 -1 9621 6759 6507 1391 1686 2728 882 -1 7484 -1 7206 -1 9078 2442 6510 -1 3778 8468 7145 6248 3313 5883 3175 7563 7061 -1 5997 9054 9112 -1 5535 -1 1171 7881 9561 -1 2433 -1 2532
7529 -1 -1 -1 -1 -1 -1 -1 5998 -1 9063 -1 9437 -1 5512 -1 -1 -1 -1 -1 2256 -1 8314 -1 266 -1 -1 -1 7326 -1 8613 -1 2645 -1 7044 -1 6165 -1 9860 -1 -1 -1 -1 -1 5922 -1 -1 -1 2772 -1 4282 -1 766 -1 9919 -1 -1 -1 605 -1 4681 -1 -1
9144 -1 8636 181 808 5160 9383 274 9715 -1 4085 -1 3922 -1 5416 1598 8549 1513 7633 3860 3804 -1 9938 5897 4677 -1 2527 -1 4963 -1 6065 4036 6893 -1 6783 -1 3684 -1 283 971 561 5529 626 5849 5500 -1 308 -1 5366 6857 3443 -1 2097 -1 958 6916 9387 9108 4888 -1 312 -1 4193
6980 -1 9299 -1 -1 -1 -1 -1 -1 -1 2427 -1 -1 -1 -1 -1 -1 -1 -1 -1 -1 -1 9845 -1 -1 -1 698 -1 4275 -1 -1 -1 -1 -1 7450 -1 752 -1 -1 -1 -1 -1 -1 -1 -1 -1 5576 -1 -1 -1 -1 -1 7964 -1 -1 -1 -1 -1 292 -1 1499 -1 -1
6771 -1 6997 4318 5817 4717 9917 -1 292 -1 7150 1332 6121 8115 4613 806 1600 3549 620 5626 367 -1 944 4746 1540 1108 6199 -1 8660 -1 6289 1665 7797 1534 9019 -1 2114 6158 4939 6441 8720 -1 1263 8604 8903 4328 7456 6328 9932 5894 8489 -1 2219 -1 8752 9403 2215 -1 1400 -1 2978 -1 2371
7171 -1 -1 -1 -1 -1 -1 -1 5101 -1 2758 -1 -1 -1 576 -1 -1 -1 -1 -1 9191 -1 -1 -1 -1 -1 -1 -1 7686 -1 1066 -1 -1 -1 -1 -1 -1 -1 -1 -1 2257 -1 2820 -1 -1 -1 -1 -1 6874 -1 1642 -1 3202 -1 6754 -1 3392 -1 -1 -1 3942 -1 -1
1735 -1 6140 9627 2592 3458 3901 -1 4434 6713 9556 5788 3006 -1 9820 -1 9627 9695 2401 -1 3090 4334 4120 5124 7731 7255 4318 -1 3312 -1 8599 -1 1994 8181 5495 8007 1211 -1 224 304 222 -1 713 -1 1168 688 1558 -1 8649 -1 8054 1226 2226 3962 7200 -1 8266 -1 5316 6764 1868 -1 5486
8684 -1 9851 -1 -1 -1 5085 -1 -1 -1 7602 -1 -1 -1 6992 -1 7895 -1 621 -1 -1 -1 -1 -1 -1 -1 7132 -1 6641 -1 1151 -1 311 -1 -1 -1 4327 -1 173 -1 -1 -1 -1 -1 5344 -1 6295 -1 -1 -1 -1 -1 -1 -1 -1 -1 386 -1 3410 -1 7752 -1 -1
6206 -1 6962 1505 8574 -1 809 1746 1543 -1 6998 -1 8061 3781 9784 -1 752 -1 5841 5724 8605 9219 1258 7574 1122 -1 9501 3313 8100 -1 9102 537 2921 -1 7441 4116 2392 -1 3346 -1 4516 4862 9835 8600 2490 -1 8905 4200 4104 2844 3217 3098 2118 -1 7195 5023 9364 -1 9185 -1 8278 -1 4044
8779 -1 3331 -1 3933 -1 -1 -1 834 -1 -1 -1 5029 -1 -1 -1 -1 -1 6908 -1 -1 -1 -1 -1 2679 -1 -1 -1 -1 -1 -1 -1 -1 -1 7191 -1 -1 -1 116 -1 8817 -1 -1 -1 -1 -1 -1 -1 -1 -1 -1 -1 4345 -1 6314 -1 -1 -1 5936 -1 3067 -1 -1
3550 -1 6694 -1 6848 6351 6171 -1 8484 5911 6700 -1 8890 2751 3126 5647 2811 -1 1352 9922 9622 3073 2501 -1 5521 2108 3855 6954 3216 1181 1899 6047 6510 -1 3367 -1 1415 8278 6557 3997 9645 3045 3714 -1 7088 -1 9113 8010 1382 7354 2251 1143 231 -1 1758 -1 4808 4662 9212 -1 8028 -1 9859
7383 -1 5311 -1 -1 -1 4733 -1 -1 -1 6498 -1 -1 -1 -1 -1 3970 -1 165 -1 -1 -1 8286 -1 -1 -1 -1 -1 -1 -1 -1 -1 8194 -1 2636 -1 -1 -1 -1 -1 -1 -1 5168 -1 9974 -1 341 -1 -1 -1 -1 -1 -1 -1 9845 -1 -1 -1 7505 -1 7 -1 -1
5396 -1 9924 7542 9250 -1 8328 4672 6138 -1 6604 1188 1321 3470 820 8113 5830 -1 2781 7831 1761 -1 1326 9637 8043 490 8401 -1 7532 9270 6183 -1 5436 -1 6896 6505 6207 5770 9686 282 6802 -1 4419 6690 5711 -1 5916 -1 6881 7666 3728 971 1539 7555 7040 2083 7071 9078 6188 -1 7319 -1 6547
2687 -1 -1 -1 6450 -1 -1 -1 4587 -1 -1 -1 -1 -1 -1 -1 -1 -1 -1 -1 5487 -1 -1 -1 -1 -1 9115 -1 -1 -1 4604 -1 5000 -1 -1 -1 -1 -1 -1 -1 856 -1 -1 -1 1637 -1 5658 -1 2253 -1 -1 -1 -1 -1 -1 -1 -1 -1 -1 -1 7969 -1 -1
252 -1 4099 7740 1596 -1 7797 7410 6878 -1 3223 7041 5745 2236 8325 -1 3126 7530 3441 7917 6797 -1 2694 2568 8256 -1 250 1622 6184 -1 9640 -1 8799 163 7128 -1 7888 4620 9624 -1 4274 -1 1205 9653 7577 -1 2817 -1 8983 -1 6860 5992 3310 6604 3879 9618 5991 1815 79 -1 3951 -1 9851
4840 -1 -1 -1 -1 -1 1814 -1 -1 -1 3147 -1 -1 -1 3605 -1 8316 -1 -1 -1 -1 -1 6715 -1 9875 -1 -1 -1 9949 -1 8217 -1 -1 -1 1084 -1 6039 -1 7782 -1 6664 -1 4317 -1 -1 -1 1474 -1 -1 -1 3713 -1 -1 -1 -1 -1 -1 -1 7423 -1 6219 -1 -1
3552 -1 9932 2151 5724 7031 4103 -1 8458 -1 9692 2866 2282 -1 777 7757 4888 -1 8843 -1 9781 1916 3365 -1 2272 -1 4368 175 7445 -1 6624 8040 5447 4191 8411 -1 8675 -1 6258 -1 7801 -1 8022 1257 7968 -1 6821 3700 332 3614 8346 -1 6946 1694 8390 3436 3852 5567 3613 -1 5269 -1 9371
1552 -1 9185 -1 -1 -1 -1 -1 5015 -1 -1 -1 1049 -1 -1 -1 -1 -1 7318 -1 2775 -1 -1 -1 4166 -1 5492 -1 -1 -1 -1 -1 6570 -1 -1 -1 4021 -1 6723 -1 8080 -1 -1 -1 9241 -1 -1 -1 -1 -1 -1 -1 6744 -1 -1 -1 -1 -1 -1 -1 9516 -1 -1
606 3180 3880 -1 4761 2144 6479 8104 5754 3326 1719 -1 6473 6753 9816 -1 1536 2916 2746 -1 306 -1 7147 5275 3604 4144 8942 -1 8173 4792 9077 -1 9659 1416 5254 1904 4345 -1 1027 -1 9865 -1 1125 2248 6573 -1 8907 167 5750 252 8781 -1 3882 -1 4329 4153 5518 -1 6490 9092 8859 -1 9087
-1 -1 -1 -1 3059 -1 -1 -1 -1 -1 4355 -1 -1 -1 2066 -1 8181 -1 -1 -1 5761 -1 -1 -1 -1 -1 -1 -1 1921 -1 4133 -1 -1 -1 6448 -1 -1 -1 -1 -1 5886 -1 6074 -1 -1 -1 2625 -1 -1 -1 401 -1 7373 -1 6856 -1 7154 -1 3116 -1 -1 -1 -1
4114 3131 1794 9787 9092 3324 8093 -1 6654 1700 2993 8104 8010 -1 5452 -1 2079 9416 7155 -1 1721 5912 4651 464 3606 9509 6675 3030 3831 -1 3830 -1 5276 431 7603 -1 1817 6789 4059 955 2214 -1 5404 4885 691 -1 3291 641 7482 -1 6887 8026 5492 -1 2043 -1 7685 -1 1716 -1 3472 -1 8451
3467 -1 -1 -1 -1 -1 5321 -1 -1 -1 -1 -1 7572 -1 3281 -1 -1 -1 7091 -1 -1 -1 -1 -1 -1 -1 -1 -1 -1 -1 8299 -1 -1 -1 -1 -1 3253 -1 -1 -1 -1 -1 -1 -1 2927 -1 -1 -1 3719 -1 -1 -1 -1 -1 7553 -1 3125 -1 3069 -1 9528 -1 -1
1857 -1 4647 4825 7138 -1 7253 9571 4053 -1 362 7401 3244 -1 5765 9222 5307 3940 846 -1 9653 5791 8919 3194 7235 3468 910 5258 2523 -1 3776 -1 8764 7415 690 6920 3092 -1 2692 9603 6272 6337 3450 -1 9767 2174 613 -1 4893 2119 3355 6759 239 7942 3351 -1 3720 -1 6890 1925 7651 -1 8519
6740 -1 7426 -1 2551 -1 -1 -1 9573 -1 -1 -1 8102 -1 -1 -1 -1 -1 6764 -1 8055 -1 -1 -1 -1 -1 -1 -1 6487 -1 5438 -1 9771 -1 -1 -1 -1 -1 2357 -1 -1 -1 2504 -1 -1 -1 9250 -1 -1 -1 -1 -1 -1 -1 -1 -1 9193 -1 -1 -1 6998 -1 -1
8937 8381 3438 -1 2976 -1 1739 -1 4119 1327 2642 -1 5185 4525 4756 -1 6889 666 5802 -1 818 6358 7553 1345 1984 -1 6881 3894 2329 -1 2617 -1 613 1993 2587 -1 4087 9066 8747 -1 1807 -1 5121 -1 4915 5271 1234 8524 5869 5686 8086 -1 1963 9091 4792 -1 6275 2888 5351 -1 7664 -1 2954
-1 -1 -1 -1 5296 -1 5621 -1 -1 -1 6255 -1 -1 -1 5069 -1 5097 -1 -1 -1 -1 -1 -1 -1 4808 -1 318 -1 -1 -1 2166 -1 -1 -1 7750 -1 -1 -1 7441 -1 3495 -1 3989 -1 -1 -1 -1 -1 -1 -1 -1 -1 7705 -1 7790 -1 -1 -1 9016 -1 9779 -1 -1
2706 2187 293 9501 3853 -1 8996 8801 1349 -1 8682 -1 1672 3415 274 -1 2382 28 3251 8179 4155 -1 5075 3505 4043 -1 7499 3794 4545 8643 6115 7156 2240 -1 7420 2880 3207 7574 3015 -1 2937 8456 4860 -1 4098 3570 6738 2577 5335 6034 1765 4865 8081 -1 351 -1 2996 3260 6257 -1 8472 -1 7562
125 -1 -1 -1 -1 -1 6889 -1 1499 -1 3076 -1 -1 -1 -1 -1 -1 -1 -1 -1 9573 -1 884 -1 -1 -1 -1 -1 -1 -1 -1 -1 3198 -1 -1 -1 -1 -1 -1 -1 7679 -1 -1 -1 6962 -1 -1 -1 -1 -1 -1 -1 -1 -1 1790 -1 3304 -1 -1 -1 1193 -1 -1
91 -1 3540 5839 3489 5800 9470 -1 9274 -1 5672 8314 2572 6623 2119 4966 7032 -1 4652 5752 2575 -1 2382 6926 2474 4887 6397 -1 443 5595 7836 -1 2355 8215 569 -1 4077 5561 7608 -1 2441 -1 9927 2584 1654 -1 9219 5814 2223 6861 7326 -1 7289 543 9580 -1 151 -1 2603 5216 9823 -1 965
3175 -1 -1 -1 4301 -1 -1 -1 8798 -1 -1 -1 -1 -1 8247 -1 -1 -1 6515 -1 -1 -1 -1 -1 -1 -1 6279 -1 1345 -1 3709 -1 -1 -1 -1 -1 8435 -1 2888 -1 9289 -1 -1 -1 3872 -1 913 -1 -1 -1 -1 -1 6822 -1 -1 -1 972 -1 5374 -1 -1 -1 -1
7089 1268 7141 2567 6214 -1 9255 5364 527 2617 3351 7579 8667 -1 8851 5160 9609 6816 1925 6257 8552 4277 3629 9051 3360 -1 8144 2396 3352 -1 3421 3028 4916 8437 457 3791 1623 -1 9709 8224 5629 6260 6875 4252 2926 -1 9268 1402 6649 5089 5783 2027 276 3661 7578 570 4027 -1 9928 3424 310 -1 4842
-1 -1 -1 -1 -1 -1 -1 -1 -1 -1 -1 -1 -1 -1 -1 -1 -1 -1 -1 -1 -1 -1 -1 -1 -1 -1 -1 -1 -1 -1 -1 -1 -1 -1 -1 -1 -1 -1 -1 -1 -1 -1 -1 -1 -1 -1 -1 -1 -1 -1 -1 -1 -1 -1 -1 -1 -1 -1 -1 -1 -1 -1 -1
3569 -1 223 -1 3761 -1 8925 -1 466 -1 9 -1 3906 -1 5666 -1 6935 -1 2622 -1 4504 -1 5713 -1 1753 -1 3827 -1 1658 -1 7285 -1 5636 -1 8311 -1 4322 -1 6528 -1 8628 -1 2432 -1 2104 -1 8713 -1 1361 -1 4011 -1 1810 -1 9584 -1 9567 -1 1656 -1 5242 -1 3513
37 7
13 59
