22 6 830960790
5896 -1 6084 642 8868 -1
8293 -1 -1 -1 6707 -1
6386 1544 5648 8999 8154 -1
-1 -1 -1 -1 2885 -1
4615 -1 2636 9731 3195 -1
5076 -1 3910 -1 -1 -1
8629 -1 2712 -1 8033 -1
202 -1 5075 -1 9921 -1
4852 -1 152 1506 6966 -1
7733 -1 -1 -1 6234 -1
7319 104 6514 5152 5496 -1
2037 -1 -1 -1 -1 -1
3830 -1 4736 5138 2020 -1
8588 -1 3253 -1 5131 -1
6692 6569 2626 -1 9999 -1
-1 -1 -1 -1 5324 -1
6050 -1 6859 352 74 -1
5176 -1 56 -1 -1 -1
7464 -1 229 -1 2031 -1
8465 -1 7646 -1 4258 -1
6871 4017 6773 629 2283 -1
-1 -1 -1 -1 -1 -1
1 1
17 1
