30 30 824281996
4066 4324 2727 8125 7967 3022 6737 -1 4072 7947 3907 4331 8417 1476 5238 3721 2203 -1 9732 8562 846 126 3803 -1 9647 7634 8259 9863 8434 -1
-1 -1 -1 -1 9461 -1 6613 -1 7092 -1 -1 -1 -1 -1 -1 -1 9073 -1 -1 -1 7758 -1 4513 -1 -1 -1 7818 -1 -1 -1
1877 4419 4071 9918 6619 -1 1382 7418 9394 -1 3033 4219 6872 9883 1738 -1 5890 -1 9931 389 8430 -1 300 6362 8414 -1 1518 5651 6511 -1
2613 -1 -1 -1 -1 -1 -1 -1 -1 -1 5238 -1 -1 -1 8006 -1 6143 -1 5700 -1 -1 -1 -1 -1 7584 -1 -1 -1 4639 -1
1582 996 3268 4366 8703 -1 4124 3665 7317 -1 3367 -1 548 -1 9872 -1 833 -1 6153 -1 7968 7559 231 -1 3975 -1 3264 3191 9321 -1
49 -1 -1 -1 298 -1 9109 -1 9047 -1 775 -1 4426 -1 -1 -1 4823 -1 3136 -1 1886 -1 6727 -1 8161 -1 4490 -1 1160 -1
1580 1583 1354 -1 2539 4811 9380 -1 8457 -1 2464 -1 7947 -1 2348 6688 3301 -1 2414 -1 4032 -1 2711 -1 2686 5607 3389 -1 1029 -1
4006 -1 -1 -1 -1 -1 -1 -1 9835 -1 3795 -1 2485 -1 9844 -1 -1 -1 6804 -1 -1 -1 387 -1 -1 -1 -1 -1 9762 -1
2907 -1 5803 5884 1577 2870 9223 -1 4693 -1 8336 -1 5065 763 3622 8777 8478 8539 3854 -1 6708 2437 3712 -1 6690 2556 9985 3063 9973 -1
8050 -1 6927 -1 -1 -1 4736 -1 9541 -1 5754 -1 -1 -1 -1 -1 -1 -1 -1 -1 7595 -1 5117 -1 4173 -1 -1 -1 -1 -1
7027 -1 6955 -1 4078 5666 2411 6322 2204 -1 5958 -1 9837 364 757 6460 5883 264 9886 -1 3948 -1 9687 -1 5301 -1 4233 884 8275 -1
7825 -1 8523 -1 2911 -1 -1 -1 -1 -1 9120 -1 2276 -1 -1 -1 -1 -1 8956 -1 2205 -1 1547 -1 8065 -1 5859 -1 5477 -1
299 -1 6560 -1 6499 -1 9462 4468 3288 -1 3123 2305 6338 -1 7099 -1 248 5685 8485 -1 8285 -1 8132 -1 881 -1 626 -1 9572 -1
-1 -1 2327 -1 -1 -1 1408 -1 9982 -1 -1 -1 -1 -1 5764 -1 2121 -1 -1 -1 2616 -1 -1 -1 1465 -1 8582 -1 7809 -1
9900 1172 581 -1 9388 7494 7648 -1 4449 766 7671 9413 7334 1877 4428 -1 6078 5248 6733 -1 3346 -1 3270 9919 2042 -1 5428 -1 6737 -1
9437 -1 1333 -1 6436 -1 -1 -1 -1 -1 6127 -1 -1 -1 -1 -1 -1 -1 232 -1 6536 -1 8924 -1 -1 -1 5836 -1 2304 -1
4865 -1 4588 -1 2244 -1 7767 4631 1087 -1 4576 2258 7094 2876 2134 1699 8350 2090 5711 -1 805 -1 3869 -1 1756 3914 2258 -1 6814 -1
2119 -1 -1 -1 7615 -1 -1 -1 8462 -1 -1 -1 -1 -1 -1 -1 -1 -1 -1 -1 1774 -1 4501 -1 -1 -1 -1 -1 7816 -1
845 7560 2813 6909 2698 -1 5049 8842 5771 -1 3264 1973 40 -1 1349 5161 3682 141 9822 4694 9057 -1 2953 9664 8573 6359 1382 4326 7204 -1
-1 -1 -1 -1 -1 -1 3603 -1 1740 -1 2717 -1 2657 -1 -1 -1 6036 -1 1335 -1 -1 -1 -1 -1 -1 -1 -1 -1 9467 -1
6558 6633 8753 1743 4955 929 5616 -1 4212 4914 2090 -1 8325 9246 3757 -1 8090 -1 3027 -1 3914 8822 8834 5482 2705 -1 9756 679 7377 -1
6790 -1 -1 -1 -1 -1 -1 -1 -1 -1 -1 -1 -1 -1 9566 -1 6726 -1 713 -1 1106 -1 -1 -1 322 -1 7741 -1 -1 -1
7663 6412 6736 5741 309 475 5169 7170 4082 -1 7417 9177 198 -1 8390 2340 5751 -1 1841 -1 5914 -1 2853 5125 7332 -1 3474 -1 7102 -1
283 -1 -1 -1 -1 -1 -1 -1 9039 -1 4965 -1 3999 -1 -1 -1 -1 -1 9917 -1 2392 -1 2053 -1 -1 -1 2660 -1 7082 -1
3733 -1 4989 5622 6238 -1 981 5038 753 -1 5145 -1 2784 9444 2031 -1 6929 2328 3579 -1 1 -1 3095 9873 9837 -1 6993 -1 4015 -1
9881 -1 326 -1 7201 -1 1566 -1 -1 -1 7156 -1 -1 -1 1470 -1 -1 -1 -1 -1 4429 -1 -1 -1 1678 -1 2107 -1 6253 -1
6093 1312 3109 -1 2324 -1 7422 6461 2042 -1 7124 5117 1625 -1 7710 7989 9804 -1 7469 9688 3741 -1 6992 1730 8379 -1 9490 3443 9610 -1
-1 -1 -1 -1 1915 -1 -1 -1 343 -1 -1 -1 507 -1 -1 -1 8475 -1 3439 -1 -1 -1 1704 -1 -1 -1 -1 -1 9101 -1
716 7911 2471 4357 7902 6832 2915 -1 7297 6943 4060 781 7445 340 4202 -1 5701 4234 406 41 1605 -1 3502 6476 7375 2836 7704 693 9489 -1
-1 -1 -1 -1 -1 -1 -1 -1 -1 -1 -1 -1 -1 -1 -1 -1 -1 -1 -1 -1 -1 -1 -1 -1 -1 -1 -1 -1 -1 -1
5 15
7 21
