100 100 19594894
3206 3022 3003 5144 591 6575 587 9905 4857 -1 4841 7102 3296 6976 1323 8870 2529 6394 729 7774 6863 5298 5074 2357 3248 3762 3547 5115 6479 -1 4336 2631 6887 2357 4012 750 1059 -1 5944 8758 2412 7428 9965 7570 952 -1 6128 3340 4076 1888 4733 4526 4093 -1 6671 5182 6115 753 4215 6768 3081 2059 6810 6290 7447 7089 3370 8641 7094 9108 7098 9968 5068 6563 1311 6330 4105 9682 4157 3369 3678 -1 7373 3698 7161 3629 2928 1072 7569 194 6690 5863 4226 -1 850 1359 2423 447 4352 -1
2668 -1 6079 -1 -1 -1 5024 -1 -1 -1 3296 -1 2897 -1 -1 -1 -1 -1 -1 -1 -1 -1 -1 -1 -1 -1 -1 -1 4764 -1 3681 -1 7741 -1 -1 -1 -1 -1 172 -1 -1 -1 5911 -1 5650 -1 -1 -1 247 -1 4750 -1 -1 -1 6179 -1 -1 -1 -1 -1 -1 -1 -1 -1 -1 -1 7149 -1 -1 -1 -1 -1 -1 -1 -1 -1 -1 -1 -1 -1 5020 -1 6068 -1 -1 -1 -1 -1 -1 -1 4394 -1 7452 -1 9641 -1 4308 -1 -1 -1
2467 -1 3168 5612 9737 -1 8855 -1 7640 2984 3015 -1 2342 7417 2187 5373 3764 -1 9766 -1 8648 431 1026 4954 6935 -1 741 9970 5850 -1 8502 -1 3059 -1 2074 8657 8099 2016 5451 -1 7742 1587 3286 -1 2962 9966 670 7124 3388 -1 4852 -1 1790 6107 8195 1166 4000 4683 9046 8700 6363 -1 6698 6413 1688 9553 8685 -1 7799 4549 9284 7694 8313 1660 98 3167 5464 8022 3754 -1 3846 -1 4360 -1 4189 6904 8225 -1 4918 6809 4984 -1 1408 -1 2747 -1 2049 6510 6001 -1
5389 -1 -1 -1 8998 -1 8942 -1 3699 -1 -1 -1 -1 -1 -1 -1 9639 -1 2892 -1 7733 -1 8060 -1 2535 -1 1930 -1 -1 -1 5640 -1 9599 -1 1521 -1 -1 -1 -1 -1 4787 -1 -1 -1 -1 -1 -1 -1 635 -1 -1 -1 386 -1 -1 -1 -1 -1 -1 -1 -1 -1 5210 -1 -1 -1 -1 -1 7778 -1 -1 -1 4065 -1 -1 -1 -1 -1 -1 -1 8249 -1 236 -1 -1 -1 9982 -1 2026 -1 -1 -1 433 -1 -1 -1 -1 -1 4546 -1
1608 6532 1388 -1 9371 -1 4363 -1 6084 4366 5315 8066 4093 -1 4711 246 6815 -1 8095 8670 6985 -1 3467 -1 2888 -1 8756 9207 3209 -1 2682 -1 2652 8721 8285 7223 7752 2285 6757 -1 9693 751 4501 9675 79 -1 1220 2412 4114 -1 4228 1261 6247 -1 1650 7408 8923 3898 5366 3669 8964 543 1165 -1 7729 203 2754 -1 8075 5131 7990 -1 1566 -1 3349 965 4963 757 639 8986 7415 -1 7412 2420 7938 6790 7135 -1 9452 -1 811 -1 4541 -1 4827 5996 7594 5836 3124 -1
-1 -1 -1 -1 202 -1 -1 -1 -1 -1 3336 -1 -1 -1 6572 -1 -1 -1 7732 -1 -1 -1 5779 -1 -1 -1 -1 -1 977 -1 3660 -1 -1 -1 -1 -1 -1 -1 -1 -1 -1 -1 1524 -1 5516 -1 -1 -1 -1 -1 2348 -1 -1 -1 6889 -1 -1 -1 -1 -1 -1 -1 -1 -1 2103 -1 -1 -1 2469 -1 673 -1 -1 -1 1301 -1 -1 -1 -1 -1 -1 -1 -1 -1 -1 -1 -1 -1 1340 -1 275 -1 4169 -1 3098 -1 -1 -1 -1 -1
7473 821 7354 -1 3799 -1 9595 2422 9002 2906 211 -1 4332 1697 7891 -1 4151 9064 8647 5878 5628 -1 8102 9698 3848 6173 2973 -1 6205 -1 8592 8244 2424 -1 8785 9345 2332 143 3480 7037 6225 -1 4456 -1 3926 8689 2216 6568 754 67 3083 2704 4679 -1 7217 9793 6236 3963 3495 -1 6195 4740 8542 -1 1444 4778 998 2812 6060 -1 1851 5808 527 -1 4441 7847 2444 8239 3474 8297 2189 9428 2806 1918 4151 6976 7259 465 4379 -1 6476 2687 2585 -1 3358 -1 7957 7449 3224 -1
2660 -1 3698 -1 2205 -1 8804 -1 -1 -1 -1 -1 7608 -1 -1 -1 -1 -1 -1 -1 -1 -1 -1 -1 -1 -1 1742 -1 3495 -1 -1 -1 -1 -1 8941 -1 -1 -1 -1 -1 3676 -1 -1 -1 -1 -1 -1 -1 -1 -1 -1 -1 2971 -1 -1 -1 -1 -1 937 -1 -1 -1 1525 -1 112 -1 -1 -1 -1 -1 -1 -1 6188 -1 -1 -1 -1 -1 -1 -1 -1 -1 -1 -1 -1 -1 -1 -1 -1 -1 1673 -1 -1 -1 5667 -1 5323 -1 7870 -1
5420 -1 829 5389 569 -1 4962 5833 2180 981 9556 -1 9800 547 1242 5242 4109 424 6672 8203 2744 1905 3308 5542 3399 -1 1296 -1 9489 1971 6429 9596 8084 1199 586 -1 9193 1561 2002 -1 6488 -1 5187 9195 2257 893 3824 57 8996 -1 9190 8032 3246 1395 4673 6682 3597 -1 7881 1055 4404 -1 1602 -1 7068 878 945 8385 7830 5977 4444 -1 6411 9049 170 477 4057 9557 9927 3361 9509 -1 9747 8617 647 3206 374 -1 3072 1685 2268 -1 7438 5852 676 -1 8170 -1 9268 -1
5852 -1 -1 -1 -1 -1 -1 -1 -1 -1 8039 -1 -1 -1 -1 -1 -1 -1 -1 -1 -1 -1 -1 -1 4972 -1 241 -1 -1 -1 -1 -1 -1 -1 -1 -1 6398 -1 -1 -1 638 -1 8590 -1 -1 -1 -1 -1 9442 -1 8768 -1 -1 -1 -1 -1 -1 -1 -1 -1 4939 -1 5356 -1 -1 -1 6481 -1 -1 -1 -1 -1 5167 -1 -1 -1 -1 -1 -1 -1 855 -1 1097 -1 5525 -1 -1 -1 7846 -1 -1 -1 4251 -1 -1 -1 7738 -1 6658 -1
8437 8103 6659 4655 8179 4449 4144 1167 7940 -1 3620 3271 6900 -1 2473 7113 935 189 4425 6888 9628 -1 8787 -1 5491 -1 2530 5570 6883 4841 3731 196 6446 6852 5909 -1 8294 4236 8311 258 1817 -1 8441 3630 3697 7155 9862 -1 4787 -1 3763 528 4457 -1 4981 8661 5158 6656 7600 7501 1567 -1 6211 2865 1435 -1 1172 -1 3170 4806 3844 5603 4686 -1 4180 -1 1434 8354 4983 -1 3852 -1 1768 -1 4948 -1 1660 7212 7275 -1 9093 6412 9170 -1 4854 5705 9501 -1 3414 -1
2982 -1 -1 -1 -1 -1 -1 -1 1799 -1 -1 -1 4055 -1 -1 -1 3758 -1 -1 -1 4591 -1 82 -1 4611 -1 -1 -1 -1 -1 1029 -1 -1 -1 4094 -1 8819 -1 -1 -1 -1 -1 -1 -1 3716 -1 626 -1 5268 -1 -1 -1 4552 -1 8824 -1 -1 -1 -1 -1 -1 -1 3672 -1 2704 -1 9593 -1 601 -1 -1 -1 -1 -1 8995 -1 105 -1 2298 -1 3177 -1 1647 -1 -1 -1 2470 -1 -1 -1 4206 -1 -1 -1 8645 -1 -1 -1 98 -1
8767 8960 5743 9253 7547 -1 1879 -1 8251 4587 1423 -1 2863 1028 3649 2952 3266 -1 8024 -1 4130 -1 6246 -1 5298 7774 5320 4467 2590 -1 261 1204 9089 -1 3096 -1 4678 -1 7036 5014 4212 8837 8128 -1 8228 -1 6288 -1 7892 9664 6809 -1 2983 -1 1029 -1 4155 8842 7592 4478 1980 -1 4170 -1 2895 1320 9250 -1 7933 8677 6191 5663 3837 -1 3451 1256 7864 -1 346 7282 8299 1452 6796 -1 1951 5663 7046 -1 5370 -1 6325 5486 9012 6592 8135 -1 3252 -1 2306 -1
-1 -1 -1 -1 3326 -1 796 -1 3751 -1 -1 -1 -1 -1 -1 -1 -1 -1 3528 -1 8505 -1 7071 -1 -1 -1 -1 -1 6567 -1 -1 -1 -1 -1 3675 -1 9292 -1 -1 -1 8609 -1 5502 -1 -1 -1 985 -1 -1 -1 2137 -1 -1 -1 4350 -1 5674 -1 -1 -1 -1 -1 7051 -1 -1 -1 -1 -1 -1 -1 -1 -1 8072 -1 1460 -1 -1 -1 -1 -1 -1 -1 -1 -1 8291 -1 -1 -1 2750 -1 2785 -1 -1 -1 -1 -1 6254 -1 8015 -1
6215 2927 3033 -1 8594 9720 5925 -1 1547 4330 2555 3274 9124 -1 1647 8976 9730 -1 3089 4326 2534 -1 3507 9723 4160 6655 6981 -1 4946 8828 9075 -1 3486 6208 8562 -1 5628 6334 7292 1294 5595 -1 7311 -1 7697 6008 6497 -1 4742 -1 6436 2339 7402 7712 7654 -1 911 7717 9919 4157 5601 -1 9176 7348 6814 -1 1388 10 5200 5857 7262 -1 8035 -1 5464 4633 9995 -1 8199 4006 1215 4359 2102 -1 6529 -1 7923 2375 5632 9756 4098 906 5488 3177 3187 2319 8004 -1 1778 -1
365 -1 -1 -1 -1 -1 5344 -1 -1 -1 5936 -1 -1 -1 7263 -1 1917 -1 6681 -1 -1 -1 9732 -1 -1 -1 3212 -1 -1 -1 7717 -1 1406 -1 1892 -1 -1 -1 -1 -1 -1 -1 5669 -1 1745 -1 -1 -1 2274 -1 -1 -1 -1 -1 -1 -1 -1 -1 -1 -1 8016 -1 -1 -1 6598 -1 -1 -1 -1 -1 537 -1 9614 -1 240 -1 -1 -1 8117 -1 -1 -1 5953 -1 857 -1 -1 -1 -1 -1 -1 -1 -1 -1 -1 -1 7306 -1 5267 -1
6540 143 1165 -1 4512 4007 4187 -1 8300 -1 9585 9689 4854 -1 6405 -1 7707 7114 4354 -1 6430 6096 970 6046 1677 -1 8133 1935 3287 -1 6063 -1 7521 -1 1481 8750 8610 -1 6043 9116 7343 -1 2309 2943 5274 -1 5488 848 2719 -1 2419 7957 968 9545 1905 615 4735 2424 878 -1 7072 -1 5914 1353 1203 -1 2547 8051 8373 9752 6043 -1 6726 -1 6864 -1 2391 37 7027 -1 1453 -1 8756 4978 8005 -1 1613 6124 2278 8161 883 5495 8061 -1 2631 3359 8629 -1 6011 -1
9850 -1 2371 -1 745 -1 -1 -1 9095 -1 -1 -1 3960 -1 2491 -1 -1 -1 -1 -1 -1 -1 -1 -1 4291 -1 -1 -1 -1 -1 474 -1 7621 -1 -1 -1 4132 -1 6719 -1 2214 -1 -1 -1 -1 -1 342 -1 4555 -1 954 -1 -1 -1 5162 -1 -1 -1 7583 -1 3341 -1 6086 -1 -1 -1 9020 -1 2804 -1 -1 -1 9763 -1 871 -1 1220 -1 -1 -1 3828 -1 -1 -1 -1 -1 3672 -1 -1 -1 -1 -1 6786 -1 -1 -1 8488 -1 9670 -1
1007 -1 6404 -1 9780 -1 1622 9699 6331 -1 8138 4807 6652 -1 9506 3980 6777 5093 2000 35 9492 -1 6857 1080 8004 -1 3404 8412 9371 8054 3902 -1 29 -1 7745 8554 4867 -1 8693 -1 1202 7797 266 8145 1691 -1 9056 -1 4938 9579 6480 8250 450 -1 1404 -1 777 6977 2842 6292 1349 -1 3594 1867 5724 -1 2019 -1 5882 -1 8814 7205 3971 -1 1434 -1 8391 -1 2396 9506 9757 6031 2573 3459 5988 1244 6324 -1 6209 8488 1068 -1 4666 2259 5610 -1 3137 -1 4443 -1
377 -1 4471 -1 2281 -1 9337 -1 6844 -1 7200 -1 -1 -1 -1 -1 -1 -1 -1 -1 2246 -1 5278 -1 -1 -1 322 -1 -1 -1 -1 -1 5415 -1 -1 -1 -1 -1 4985 -1 -1 -1 -1 -1 5827 -1 3927 -1 -1 -1 -1 -1 -1 -1 1539 -1 -1 -1 -1 -1 -1 -1 -1 -1 8609 -1 752 -1 -1 -1 313 -1 -1 -1 8801 -1 9571 -1 7719 -1 -1 -1 -1 -1 -1 -1 -1 -1 -1 -1 5734 -1 -1 -1 9097 -1 8663 -1 683 -1
8623 -1 1397 -1 3935 -1 240 -1 670 -1 3716 3927 866 7813 1018 -1 9848 6882 7951 -1 4286 9087 3318 -1 7513 8134 7550 -1 7077 5037 6524 -1 8462 6291 8831 5061 1771 9684 2561 4654 1260 4985 890 -1 4982 -1 8355 -1 8071 -1 6284 7898 2106 3645 2603 -1 7999 1400 8735 4218 9470 6658 3386 7862 7217 -1 4247 -1 1012 8732 5493 -1 4401 516 9000 -1 1011 2895 7290 -1 9251 8920 1403 5667 6087 3928 559 4784 3050 9480 8657 9183 4647 -1 4723 -1 3888 -1 2909 -1
-1 -1 737 -1 4151 -1 4608 -1 3403 -1 -1 -1 9646 -1 7030 -1 9785 -1 -1 -1 3541 -1 -1 -1 8729 -1 -1 -1 -1 -1 4283 -1 9970 -1 -1 -1 -1 -1 -1 -1 -1 -1 -1 -1 5649 -1 4039 -1 6516 -1 2725 -1 -1 -1 -1 -1 1521 -1 -1 -1 -1 -1 -1 -1 -1 -1 8634 -1 846 -1 -1 -1 -1 -1 6165 -1 -1 -1 -1 -1 6883 -1 -1 -1 6841 -1 -1 -1 3332 -1 -1 -1 -1 -1 4953 -1 5954 -1 7454 -1
1759 9474 4970 -1 2419 -1 1185 -1 4047 -1 5906 6262 8369 -1 9073 787 8688 -1 7131 7477 76 -1 8821 1301 597 -1 539 9117 6653 1027 5282 -1 5168 -1 1700 -1 2239 5101 6055 5019 7396 7370 4942 3090 1397 -1 326 1512 9004 -1 9472 7564 628 -1 7880 2780 1380 -1 582 2583 5411 5155 6426 7897 4608 7692 691 -1 8364 7867 4401 8568 4012 -1 3489 -1 6331 8121 8873 9077 6644 3804 3531 -1 8294 -1 1032 7644 8693 -1 8757 584 7487 -1 7955 -1 7338 -1 1376 -1
3034 -1 -1 -1 5060 -1 8262 -1 -1 -1 160 -1 -1 -1 -1 -1 -1 -1 9300 -1 -1 -1 9711 -1 -1 -1 4593 -1 5277 -1 -1 -1 3457 -1 3943 -1 3618 -1 -1 -1 -1 -1 -1 -1 -1 -1 -1 -1 5698 -1 -1 -1 7218 -1 8401 -1 -1 -1 6828 -1 -1 -1 -1 -1 -1 -1 9423 -1 -1 -1 -1 -1 4121 -1 -1 -1 9780 -1 -1 -1 -1 -1 -1 -1 6449 -1 -1 -1 -1 -1 7758 -1 4016 -1 4211 -1 2103 -1 5624 -1
4951 9401 5068 -1 3053 -1 7122 -1 3837 3623 4642 -1 104 4849 7554 6895 2844 1726 2458 -1 5861 7581 2479 -1 4246 7106 6073 -1 2654 2438 4344 -1 4117 9344 4446 -1 818 8635 8321 1137 9691 6546 3253 3098 1581 -1 1190 2464 1258 -1 8396 -1 3476 111 7766 -1 657 746 115 2843 7560 2198 8759 -1 205 4565 3108 2922 518 1753 600 -1 5493 6970 9944 7965 2311 1391 4274 7777 6561 -1 8172 9491 8175 -1 3260 5856 4699 8107 9322 -1 9096 -1 2597 -1 7256 -1 5521 -1
-1 -1 3268 -1 2179 -1 3757 -1 5182 -1 -1 -1 9735 -1 -1 -1 -1 -1 -1 -1 1814 -1 6924 -1 -1 -1 -1 -1 -1 -1 6883 -1 -1 -1 5858 -1 -1 -1 -1 -1 -1 -1 -1 -1 9199 -1 7418 -1 -1 -1 2864 -1 -1 -1 -1 -1 5876 -1 -1 -1 -1 -1 8101 -1 156 -1 -1 -1 -1 -1 -1 -1 -1 -1 -1 -1 -1 -1 -1 -1 -1 -1 3399 -1 -1 -1 2456 -1 -1 -1 -1 -1 6587 -1 1849 -1 7412 -1 8672 -1
9910 3732 3075 -1 2126 -1 3835 -1 7729 8306 6514 5965 5493 7287 1808 7378 8276 -1 4385 957 7216 -1 9177 -1 5223 2086 2702 8430 1163 -1 5255 8009 2304 8689 9621 3974 8819 3329 5241 -1 9009 -1 4044 2605 8122 -1 21 7824 4863 -1 5355 2033 4091 8925 7294 -1 9501 -1 5130 1088 5876 6440 9973 -1 2600 -1 2003 7384 7745 1612 4667 7018 858 4707 2845 2690 6054 -1 9751 5362 2919 1827 7101 -1 1472 5119 2504 -1 2127 1639 5403 -1 2085 8390 6598 -1 3044 -1 5635 -1
9810 -1 -1 -1 1458 -1 1255 -1 -1 -1 -1 -1 -1 -1 -1 -1 -1 -1 7614 -1 -1 -1 -1 -1 8014 -1 -1 -1 5509 -1 -1 -1 -1 -1 -1 -1 -1 -1 1303 -1 7765 -1 5452 -1 -1 -1 -1 -1 1027 -1 -1 -1 -1 -1 492 -1 6233 -1 3216 -1 -1 -1 -1 -1 -1 -1 4179 -1 -1 -1 -1 -1 -1 -1 -1 -1 5936 -1 6846 -1 -1 -1 766 -1 8766 -1 -1 -1 -1 -1 703 -1 -1 -1 -1 -1 -1 -1 6771 -1
5645 4477 728 7721 8292 1082 1605 8095 8268 7858 4289 9377 4148 -1 5262 4593 8346 -1 6274 5085 8915 7225 2834 7955 7817 1923 1366 -1 847 8448 9598 2859 3679 8626 5773 -1 6108 -1 9851 7343 7399 -1 7799 1827 1768 8578 6775 -1 3049 3209 1388 4597 2552 -1 6554 -1 8700 -1 9756 3853 1161 -1 8719 3906 7839 7081 1750 -1 4648 6625 3238 9600 6509 2802 5572 -1 536 -1 5403 6090 4961 -1 4272 -1 9012 8512 1540 5009 5827 51 8438 -1 5518 337 8912 973 9087 -1 5266 -1
-1 -1 -1 -1 -1 -1 -1 -1 -1 -1 638 -1 -1 -1 6399 -1 3723 -1 -1 -1 -1 -1 -1 -1 -1 -1 -1 -1 -1 -1 -1 -1 -1 -1 4692 -1 3015 -1 -1 -1 6438 -1 -1 -1 1667 -1 -1 -1 -1 -1 -1 -1 6826 -1 9344 -1 9443 -1 -1 -1 6763 -1 6375 -1 -1 -1 -1 -1 1803 -1 -1 -1 -1 -1 8736 -1 1514 -1 -1 -1 7927 -1 -1 -1 -1 -1 -1 -1 -1 -1 5481 -1 7272 -1 -1 -1 5314 -1 2937 -1
4468 3237 7415 1268 1016 6389 5 1506 7461 -1 8873 -1 6871 244 6105 -1 5603 -1 3861 3913 5458 3312 2677 3493 8141 3182 9822 -1 1939 1465 4665 6960 6218 6479 3310 -1 4772 2222 9174 -1 5365 8770 2420 -1 2579 -1 2352 8888 4688 941 6643 -1 9530 -1 2184 1444 1080 -1 4166 -1 2290 3543 3756 -1 5321 2107 6386 -1 1272 6161 1905 -1 7727 6427 2429 -1 5228 3930 3185 -1 3534 -1 3542 7954 4348 4334 8924 1742 7981 -1 2865 4596 7547 -1 3864 -1 4668 1043 919 -1
7622 -1 -1 -1 -1 -1 -1 -1 1309 -1 -1 -1 3298 -1 -1 -1 9355 -1 1517 -1 -1 -1 -1 -1 -1 -1 5595 -1 4469 -1 -1 -1 -1 -1 -1 -1 8399 -1 1470 -1 -1 -1 4451 -1 984 -1 7362 -1 -1 -1 7831 -1 3010 -1 -1 -1 170 -1 7412 -1 -1 -1 -1 -1 3660 -1 8470 -1 -1 -1 4269 -1 8203 -1 -1 -1 -1 -1 6317 -1 4326 -1 3152 -1 3629 -1 -1 -1 -1 -1 -1 -1 -1 -1 5571 -1 -1 -1 8788 -1
1170 7765 6071 -1 4214 9189 6594 -1 2833 1138 4780 -1 4392 8493 348 -1 6852 4123 4636 -1 1785 -1 5860 2224 6655 5657 6198 -1 1271 8222 1784 5413 946 -1 7812 -1 9025 -1 6341 3972 1111 7961 295 -1 3245 2866 8971 9906 4002 -1 5274 -1 3895 7110 7836 -1 2883 5060 3479 9845 3954 -1 8559 1016 4261 -1 399 -1 2315 8855 199 -1 1139 7048 7128 -1 1091 2881 588 -1 4091 4012 3049 -1 1887 9785 8302 -1 2021 9779 871 7180 3980 -1 4942 -1 3505 477 389 -1
-1 -1 1780 -1 4514 -1 3962 -1 -1 -1 6047 -1 263 -1 307 -1 -1 -1 -1 -1 8067 -1 4451 -1 -1 -1 -1 -1 -1 -1 6508 -1 2227 -1 3508 -1 4081 -1 -1 -1 -1 -1 -1 -1 -1 -1 -1 -1 -1 -1 4705 -1 -1 -1 171 -1 -1 -1 -1 -1 7540 -1 5246 -1 -1 -1 5106 -1 9090 -1 -1 -1 -1 -1 2070 -1 2137 -1 6289 -1 -1 -1 -1 -1 -1 -1 3066 -1 7349 -1 236 -1 2219 -1 6141 -1 2535 -1 -1 -1
7648 2827 128 -1 8395 -1 4957 2884 336 8807 601 -1 1816 -1 7271 -1 7062 4627 4774 -1 265 4061 6357 -1 7393 5524 8176 2347 6020 -1 5173 -1 7326 -1 1521 9566 3720 -1 8266 6010 5287 1474 2424 9221 5095 -1 246 6648 7936 367 4620 -1 5976 8365 4827 -1 1131 9153 8354 8158 4395 6018 5180 -1 857 -1 3525 -1 5990 2543 7611 154 8198 -1 5490 -1 6889 -1 8271 1125 6760 8493 3287 -1 1164 -1 6752 6111 6642 -1 5722 -1 905 3912 5704 -1 1953 4666 2355 -1
1938 -1 -1 -1 -1 -1 -1 -1 -1 -1 4601 -1 -1 -1 8654 -1 7151 -1 9888 -1 7019 -1 -1 -1 1529 -1 -1 -1 3660 -1 893 -1 3631 -1 -1 -1 -1 -1 8021 -1 -1 -1 -1 -1 9444 -1 2227 -1 -1 -1 2553 -1 4703 -1 -1 -1 5254 -1 -1 -1 -1 -1 -1 -1 1847 -1 2198 -1 -1 -1 -1 -1 5458 -1 1419 -1 7058 -1 -1 -1 -1 -1 2347 -1 633 -1 -1 -1 -1 -1 3453 -1 -1 -1 4933 -1 -1 -1 5908 -1
8392 3156 6191 5397 6783 5393 8850 9827 3209 -1 7097 -1 9572 177 5204 -1 6002 -1 4699 -1 5620 -1 2805 2852 4289 -1 7591 -1 3548 -1 7739 -1 3328 -1 8938 8161 3079 -1 8216 2957 2899 6990 3003 -1 8982 -1 2624 -1 6970 2386 2882 -1 3283 -1 2238 3583 1081 -1 4356 1574 4198 -1 332 2868 3042 -1 6447 -1 6867 -1 3458 4004 3358 -1 893 -1 5981 4678 6654 -1 9251 9023 7960 -1 8181 3684 9393 9832 8282 -1 8677 8754 7136 -1 2256 1115 5960 -1 2519 -1
2717 -1 -1 -1 -1 -1 -1 -1 3972 -1 7357 -1 7847 -1 -1 -1 -1 -1 1792 -1 2252 -1 9153 -1 -1 -1 3545 -1 6094 -1 -1 -1 421 -1 4804 -1 8567 -1 5929 -1 -1 -1 -1 -1 8202 -1 8028 -1 -1 -1 -1 -1 2428 -1 -1 -1 -1 -1 9317 -1 5318 -1 2353 -1 -1 -1 6179 -1 8006 -1 3666 -1 -1 -1 4611 -1 -1 -1 2648 -1 1649 -1 -1 -1 -1 -1 5983 -1 -1 -1 -1 -1 866 -1 -1 -1 -1 -1 4867 -1
3615 8819 2407 1873 9108 2304 954 -1 7420 -1 8929 -1 2491 6761 2586 4037 7759 -1 2187 -1 4341 -1 4732 -1 564 7486 7464 -1 6724 5149 5388 -1 1382 3728 504 -1 7944 933 2081 -1 4273 5885 496 7291 4720 -1 2050 -1 6718 1518 9364 3467 3136 -1 2948 5206 7022 9822 6802 -1 7497 -1 689 5238 7983 8993 621 -1 1207 -1 5596 7515 6157 -1 5708 4965 19 -1 8952 -1 9933 9866 6651 11 3110 763 9163 -1 4983 7330 8967 -1 1316 1003 9274 -1 2056 8670 986 -1
-1 -1 1687 -1 -1 -1 -1 -1 2862 -1 4000 -1 -1 -1 8333 -1 5445 -1 8826 -1 9014 -1 1648 -1 4062 -1 -1 -1 -1 -1 2331 -1 -1 -1 -1 -1 3652 -1 -1 -1 6118 -1 -1 -1 -1 -1 1738 -1 7469 -1 -1 -1 -1 -1 2978 -1 -1 -1 -1 -1 7724 -1 4324 -1 -1 -1 -1 -1 7797 -1 -1 -1 4109 -1 -1 -1 5379 -1 5791 -1 -1 -1 5016 -1 -1 -1 -1 -1 3629 -1 2468 -1 -1 -1 4630 -1 4319 -1 -1 -1
702 7554 5475 -1 8360 2881 8901 -1 7642 -1 7732 3647 4711 -1 5756 -1 5181 -1 4020 -1 445 4622 586 -1 8324 6937 1787 -1 9873 1480 5433 -1 9816 2775 8126 -1 7605 4166 7523 -1 9545 -1 3868 -1 3518 7488 1581 1909 1619 -1 2494 5260 6836 9288 9438 -1 731 697 5609 -1 1141 -1 9019 2228 805 2711 3049 6398 2490 7195 9002 -1 3268 -1 5024 -1 3936 -1 3627 -1 1249 -1 3117 -1 6345 412 8120 2001 8658 -1 256 4603 8039 -1 6129 2070 8010 1805 832 -1
-1 -1 -1 -1 6317 -1 7619 -1 6222 -1 -1 -1 5593 -1 -1 -1 190 -1 1208 -1 -1 -1 -1 -1 -1 -1 5807 -1 487 -1 -1 -1 115 -1 2806 -1 -1 -1 5995 -1 4098 -1 7278 -1 3043 -1 -1 -1 -1 -1 6962 -1 -1 -1 -1 -1 685 -1 9170 -1 8412 -1 -1 -1 -1 -1 -1 -1 -1 -1 7329 -1 764 -1 4035 -1 5098 -1 3010 -1 5497 -1 -1 -1 9472 -1 -1 -1 -1 -1 -1 -1 2678 -1 -1 -1 -1 -1 -1 -1
2299 8766 1979 4594 1440 -1 8673 -1 4178 6723 9640 -1 6832 1857 3639 8757 7022 -1 509 8284 2713 4506 83 1032 7905 3299 5761 -1 5399 9358 6752 4310 2333 -1 2286 7751 7496 -1 7947 -1 3500 -1 9539 7111 3038 8494 6256 -1 7823 2926 1196 -1 4902 3778 2617 7172 5336 -1 6753 -1 9072 5011 5989 2149 9206 -1 7670 -1 6658 4177 2483 -1 3474 -1 477 1771 9431 4184 1774 -1 2765 3571 4743 7440 3368 -1 7086 2252 6294 1169 795 -1 6784 -1 1958 4319 5988 3110 6320 -1
8558 -1 -1 -1 -1 -1 1469 -1 2213 -1 8447 -1 -1 -1 -1 -1 -1 -1 9130 -1 -1 -1 -1 -1 9903 -1 -1 -1 -1 -1 -1 -1 -1 -1 -1 -1 7215 -1 9705 -1 5439 -1 -1 -1 -1 -1 787 -1 2601 -1 -1 -1 8883 -1 -1 -1 670 -1 9112 -1 -1 -1 -1 -1 3626 -1 2372 -1 1975 -1 -1 -1 4614 -1 -1 -1 -1 -1 -1 -1 -1 -1 -1 -1 -1 -1 7019 -1 -1 -1 1430 -1 7195 -1 8567 -1 -1 -1 1970 -1
1169 5479 8292 7182 5924 -1 8805 -1 4872 -1 909 9203 7678 -1 4739 7165 3050 -1 2921 6238 4924 -1 705 3824 1087 -1 496 3908 2386 -1 800 4427 7141 8193 2815 -1 1434 -1 3032 -1 8217 2311 6849 1453 1366 -1 9814 1831 1311 -1 8412 9981 4724 -1 9398 -1 8013 -1 7117 9772 5477 -1 670 4620 1977 -1 7282 4559 4867 4034 4088 -1 9591 768 5404 -1 4087 9280 119 7261 7921 5303 6647 -1 7753 6190 2208 5207 9965 -1 5071 -1 8341 -1 3783 -1 2047 -1 2100 -1
2603 -1 -1 -1 9575 -1 8916 -1 -1 -1 -1 -1 3615 -1 9086 -1 -1 -1 -1 -1 6634 -1 427 -1 -1 -1 2395 -1 819 -1 6191 -1 -1 -1 4485 -1 5656 -1 5141 -1 -1 -1 -1 -1 4594 -1 -1 -1 -1 -1 167 -1 -1 -1 6944 -1 9723 -1 2058 -1 -1 -1 1807 -1 -1 -1 -1 -1 -1 -1 1468 -1 -1 -1 6353 -1 7874 -1 -1 -1 9956 -1 -1 -1 7073 -1 -1 -1 2848 -1 7567 -1 1378 -1 3158 -1 3879 -1 8432 -1
2912 5393 9879 -1 791 -1 363 3644 5097 5724 7348 1808 6979 -1 7268 8482 2573 1203 138 2455 4817 -1 1729 6177 5910 1551 7347 -1 2043 -1 859 -1 9013 -1 6313 7994 5971 -1 9752 1043 8950 9276 5175 -1 4057 -1 7196 3223 7021 643 1443 -1 3102 1052 6578 -1 7711 -1 1541 -1 4250 833 2977 -1 289 6633 9161 -1 2504 6586 7238 5919 4663 -1 5529 -1 5369 -1 1279 -1 1110 9431 8043 7632 6670 3873 8332 -1 1356 -1 281 -1 1603 -1 3571 -1 8694 77 5227 -1
-1 -1 -1 -1 9597 -1 -1 -1 -1 -1 -1 -1 -1 -1 3529 -1 -1 -1 -1 -1 -1 -1 -1 -1 -1 -1 -1 -1 5653 -1 8511 -1 9390 -1 -1 -1 -1 -1 -1 -1 -1 -1 323 -1 7265 -1 8878 -1 -1 -1 -1 -1 -1 -1 4137 -1 9472 -1 8058 -1 7719 -1 -1 -1 6114 -1 6606 -1 -1 -1 -1 -1 -1 -1 3760 -1 7051 -1 4480 -1 -1 -1 -1 -1 -1 -1 -1 -1 5538 -1 4545 -1 9609 -1 4827 -1 6627 -1 -1 -1
8000 4766 6233 374 6073 -1 4256 3843 3059 -1 2526 3675 3385 3078 830 -1 2347 -1 5534 990 2529 9598 4250 7101 4104 391 4447 -1 1975 -1 7994 9495 2629 1663 978 -1 2316 1367 9418 -1 5199 6140 8301 -1 898 -1 6223 4370 5108 2619 6601 2988 8269 9690 6377 -1 5700 -1 8039 -1 9593 -1 6734 4566 4876 -1 3084 528 5721 567 2917 1206 1567 -1 9838 3380 4485 1970 8253 3859 7178 3315 5821 335 5876 -1 5619 2461 9870 -1 5144 -1 9289 3342 3545 -1 3974 -1 2871 -1
8666 -1 -1 -1 -1 -1 8716 -1 5470 -1 7445 -1 -1 -1 -1 -1 1727 -1 2677 -1 -1 -1 -1 -1 7386 -1 4719 -1 1373 -1 -1 -1 -1 -1 8439 -1 6784 -1 8415 -1 2691 -1 -1 -1 7780 -1 -1 -1 -1 -1 -1 -1 -1 -1 977 -1 9638 -1 -1 -1 8690 -1 -1 -1 7916 -1 -1 -1 -1 -1 -1 -1 517 -1 -1 -1 -1 -1 5149 -1 -1 -1 -1 -1 301 -1 8184 -1 -1 -1 4018 -1 -1 -1 -1 -1 5304 -1 2173 -1
7021 -1 4087 7474 7257 2876 8702 -1 2499 -1 7614 -1 7604 2589 4284 799 2332 -1 4820 6775 945 4311 8138 -1 3396 -1 3644 -1 2233 6993 5770 -1 1201 1726 9509 -1 2754 -1 9747 -1 2249 -1 4684 3408 5258 -1 8739 9769 6949 7809 878 -1 3484 6916 419 -1 1762 5645 5002 -1 5418 5474 7606 -1 9338 -1 5312 7815 8523 6345 9306 -1 4018 9611 7118 -1 3965 6786 8077 -1 856 5458 7526 -1 5151 -1 1080 -1 9963 -1 5740 220 8764 1249 5492 -1 1382 3417 7675 -1
8318 -1 -1 -1 7998 -1 2195 -1 -1 -1 3131 -1 -1 -1 -1 -1 3613 -1 1723 -1 -1 -1 -1 -1 3108 -1 -1 -1 3784 -1 6899 -1 5601 -1 -1 -1 1033 -1 -1 -1 6969 -1 6746 -1 -1 -1 2488 -1 -1 -1 9455 -1 -1 -1 -1 -1 -1 -1 3911 -1 -1 -1 9168 -1 8875 -1 5287 -1 -1 -1 1 -1 -1 -1 4630 -1 8541 -1 -1 -1 7755 -1 7454 -1 -1 -1 9631 -1 3756 -1 -1 -1 -1 -1 8733 -1 -1 -1 145 -1
4012 9311 1757 -1 8096 -1 5944 9650 7480 2069 8854 -1 1183 2989 573 -1 401 8645 5431 -1 2345 7825 2586 -1 6375 2501 4108 -1 4539 -1 156 -1 5798 -1 7972 1795 2076 759 7291 6235 86 -1 326 -1 8072 5542 8129 -1 7139 1476 3635 2698 4121 -1 7699 9456 2930 3800 1716 2185 5668 -1 6470 8567 1486 -1 9024 -1 2008 4460 864 -1 802 6350 7786 -1 4951 6045 7363 -1 321 -1 2981 533 6282 666 3507 -1 4561 1491 3947 1956 6726 3927 5302 -1 638 2924 5676 -1
7114 -1 4239 -1 6514 -1 -1 -1 -1 -1 -1 -1 416 -1 4623 -1 -1 -1 -1 -1 3782 -1 2726 -1 -1 -1 2278 -1 3134 -1 -1 -1 2201 -1 -1 -1 -1 -1 2089 -1 -1 -1 738 -1 2155 -1 -1 -1 -1 -1 -1 -1 9604 -1 5649 -1 -1 -1 -1 -1 -1 -1 -1 -1 -1 -1 -1 -1 9659 -1 257 -1 5995 -1 -1 -1 -1 -1 -1 -1 6008 -1 -1 -1 3883 -1 -1 -1 -1 -1 -1 -1 -1 -1 -1 -1 6123 -1 -1 -1
9559 -1 1570 -1 4567 -1 204 4099 8810 2617 1455 9685 9722 -1 7477 4423 9865 8821 4794 9435 3218 -1 4397 1000 5342 -1 6026 -1 3693 2127 2227 -1 2578 9762 7494 5922 5746 -1 8203 7324 1255 -1 7130 -1 3469 4135 8870 7652 4789 2011 5595 -1 8689 4250 9746 -1 5935 7549 6189 6544 764 9859 9470 -1 9220 7808 5632 6833 1268 -1 2949 -1 6157 2936 4531 4681 4438 -1 4678 753 843 -1 3078 6250 3525 -1 6787 8520 4584 5483 5603 8415 3520 2834 6814 1265 1452 -1 505 -1
8349 -1 956 -1 9089 -1 -1 -1 4868 -1 1039 -1 -1 -1 -1 -1 -1 -1 -1 -1 -1 -1 -1 -1 4820 -1 5979 -1 -1 -1 9348 -1 -1 -1 -1 -1 692 -1 -1 -1 7807 -1 4047 -1 -1 -1 -1 -1 -1 -1 6931 -1 9509 -1 -1 -1 4683 -1 -1 -1 3096 -1 -1 -1 4594 -1 6236 -1 -1 -1 1483 -1 -1 -1 -1 -1 5559 -1 1412 -1 -1 -1 1353 -1 -1 -1 795 -1 -1 -1 -1 -1 -1 -1 -1 -1 -1 -1 9404 -1
73 -1 9566 -1 3275 1672 9761 -1 7056 -1 6233 9691 6849 -1 6837 7349 6371 7964 777 8681 1221 479 2507 8865 3275 -1 8361 3433 5113 -1 6018 765 5513 4673 7625 -1 7859 8223 5097 -1 1888 -1 6262 5907 4492 3239 6900 -1 4261 7977 2270 -1 5504 -1 497 877 682 -1 24 -1 900 2458 5963 3090 3469 -1 4130 -1 6723 -1 3791 10 662 3510 3595 -1 3671 -1 1753 5192 1581 -1 9813 742 5259 -1 3216 -1 6139 9349 9489 -1 2634 2326 790 8738 210 9110 2838 -1
8518 -1 84 -1 -1 -1 3586 -1 -1 -1 753 -1 88 -1 8499 -1 -1 -1 -1 -1 -1 -1 -1 -1 -1 -1 4975 -1 3836 -1 -1 -1 2896 -1 -1 -1 -1 -1 649 -1 9345 -1 -1 -1 -1 -1 8392 -1 6912 -1 -1 -1 -1 -1 514 -1 -1 -1 4757 -1 -1 -1 -1 -1 -1 -1 404 -1 3890 -1 -1 -1 8162 -1 -1 -1 9844 -1 4117 -1 7194 -1 -1 -1 1884 -1 6664 -1 9394 -1 5247 -1 6207 -1 2423 -1 -1 -1 -1 -1
6974 -1 4203 -1 6750 -1 5936 4340 6130 -1 7656 -1 4164 -1 4614 2429 9756 5017 3535 -1 7287 3172 5764 9882 3380 -1 2362 -1 6381 2201 8058 -1 286 3279 7355 2997 7470 -1 5991 -1 7543 3750 2038 113 8790 -1 4128 -1 5657 6255 1911 2213 2083 4620 9757 -1 5363 8227 1090 4355 464 6397 920 -1 7110 9358 7499 -1 9962 4841 1945 4111 3268 -1 7942 521 1139 -1 8761 -1 8128 -1 432 7207 931 -1 7291 9301 8859 -1 8951 -1 1143 -1 7965 8555 4371 9771 4598 -1
9699 -1 8418 -1 4699 -1 -1 -1 1817 -1 -1 -1 4973 -1 -1 -1 -1 -1 7320 -1 5299 -1 -1 -1 9090 -1 -1 -1 -1 -1 9949 -1 -1 -1 9931 -1 -1 -1 565 -1 -1 -1 -1 -1 -1 -1 6951 -1 -1 -1 -1 -1 944 -1 -1 -1 -1 -1 4808 -1 -1 -1 5741 -1 4595 -1 -1 -1 3387 -1 -1 -1 -1 -1 6062 -1 -1 -1 -1 -1 1851 -1 9707 -1 -1 -1 -1 -1 -1 -1 6058 -1 -1 -1 -1 -1 -1 -1 9052 -1
511 -1 1683 -1 5358 8425 8185 -1 4108 7882 6527 6825 197 -1 2011 5514 3516 -1 7088 -1 2845 2402 8034 -1 391 -1 3323 3970 6779 -1 8658 7635 3434 -1 6118 5207 3907 -1 5923 -1 7566 3359 4461 6213 3652 -1 9627 1266 6606 3321 5279 -1 1066 -1 4067 3128 9115 9523 505 -1 3082 808 2916 -1 2430 -1 1558 2612 2443 7403 4696 7409 8378 -1 1074 -1 8538 6615 1881 4501 9791 -1 3846 7337 8670 308 662 -1 9067 -1 307 -1 2910 3068 5374 4657 4008 -1 4703 -1
-1 -1 2597 -1 4657 -1 -1 -1 -1 -1 -1 -1 -1 -1 8534 -1 6396 -1 345 -1 -1 -1 745 -1 1914 -1 1771 -1 8775 -1 4849 -1 -1 -1 -1 -1 9614 -1 8885 -1 648 -1 -1 -1 3807 -1 3488 -1 -1 -1 1655 -1 1683 -1 3361 -1 -1 -1 -1 -1 9914 -1 -1 -1 5801 -1 -1 -1 -1 -1 -1 -1 -1 -1 8700 -1 3233 -1 6301 -1 3937 -1 -1 -1 -1 -1 2180 -1 8122 -1 5130 -1 3736 -1 -1 -1 3497 -1 5696 -1
4975 186 3232 -1 5795 1568 3131 6120 6865 3126 9619 6653 1655 -1 3649 -1 6573 4886 4299 -1 3994 2285 5819 -1 9197 -1 83 -1 3523 8960 4959 -1 2281 3843 4267 5509 8000 -1 4503 1001 7172 -1 4788 -1 5980 -1 1813 5453 6722 -1 6157 -1 9597 7188 8553 -1 2835 5851 8512 -1 5327 -1 8302 -1 6964 8193 8 8480 432 5918 602 -1 167 7322 8788 -1 3660 -1 6812 -1 504 -1 4187 68 6473 -1 872 6729 1602 -1 8521 -1 2486 -1 8240 9485 2 -1 6633 -1
3182 -1 -1 -1 -1 -1 3770 -1 -1 -1 -1 -1 7835 -1 6559 -1 -1 -1 -1 -1 501 -1 -1 -1 7054 -1 1029 -1 -1 -1 -1 -1 8457 -1 -1 -1 -1 -1 -1 -1 -1 -1 1031 -1 1699 -1 -1 -1 -1 -1 8814 -1 -1 -1 -1 -1 6450 -1 9849 -1 3139 -1 3194 -1 -1 -1 -1 -1 -1 -1 9177 -1 5913 -1 -1 -1 -1 -1 3651 -1 -1 -1 5344 -1 9539 -1 -1 -1 -1 -1 5758 -1 228 -1 8510 -1 -1 -1 6037 -1
1526 -1 7052 5119 3175 4240 8164 -1 3370 1684 696 3927 3742 -1 8968 -1 944 4096 6019 7833 4626 -1 9081 5715 1478 6077 9944 -1 7015 2207 5988 -1 2629 -1 4681 9444 3322 1754 6830 3244 4939 -1 8209 7277 4216 -1 3048 1545 4638 787 9970 -1 3538 5887 576 -1 6406 -1 5262 702 8360 -1 373 -1 8323 1117 4981 -1 3805 4335 139 -1 1408 5264 1922 5799 1190 -1 1643 -1 9515 9945 1808 -1 2651 5309 5577 2328 8721 -1 6393 1524 9927 -1 8411 -1 4085 7486 9360 -1
6482 -1 -1 -1 5398 -1 -1 -1 -1 -1 -1 -1 8325 -1 1908 -1 3498 -1 -1 -1 -1 -1 -1 -1 -1 -1 2055 -1 3175 -1 4080 -1 2445 -1 7941 -1 -1 -1 -1 -1 8055 -1 3018 -1 -1 -1 2629 -1 -1 -1 -1 -1 3846 -1 205 -1 1409 -1 -1 -1 -1 -1 9227 -1 9355 -1 6463 -1 1100 -1 7590 -1 -1 -1 -1 -1 5418 -1 2857 -1 1774 -1 -1 -1 -1 -1 -1 -1 1021 -1 -1 -1 -1 -1 2348 -1 8923 -1 3064 -1
8604 1611 5682 -1 3754 -1 1222 364 358 7755 8223 -1 6477 -1 1597 -1 5373 4469 4335 -1 9115 9980 8599 -1 7277 -1 5437 -1 9595 -1 3704 -1 7241 -1 8310 -1 6986 5024 1965 -1 2807 -1 2880 8119 2650 7159 4281 -1 838 -1 2475 2797 808 -1 1331 -1 6565 -1 1947 9534 9542 3447 3395 -1 5208 -1 3648 -1 1337 -1 7003 369 7954 -1 1091 8321 8212 -1 1572 6185 6624 -1 4204 9119 1497 793 5710 9402 4513 -1 5955 4630 7063 -1 3943 -1 2266 -1 4512 -1
-1 -1 217 -1 3232 -1 8551 -1 -1 -1 4597 -1 7794 -1 8221 -1 -1 -1 1325 -1 8402 -1 782 -1 3474 -1 4672 -1 7923 -1 2653 -1 9783 -1 5082 -1 -1 -1 1873 -1 2 -1 -1 -1 -1 -1 -1 -1 6837 -1 3823 -1 -1 -1 9207 -1 5377 -1 9686 -1 -1 -1 6415 -1 5827 -1 5636 -1 6409 -1 -1 -1 6517 -1 4451 -1 -1 -1 6550 -1 -1 -1 4470 -1 -1 -1 -1 -1 2729 -1 2733 -1 7490 -1 4588 -1 -1 -1 2458 -1
483 5538 807 -1 4258 7433 5080 1614 3655 -1 6313 -1 8080 -1 5027 4887 3511 -1 6639 5039 5822 -1 78 -1 9076 -1 7457 -1 9452 -1 9960 6187 2066 -1 80 8857 3483 -1 1685 -1 9947 4645 7960 3950 7321 -1 2013 9940 3740 -1 6973 -1 2906 -1 1301 8008 9627 -1 3323 -1 6433 3374 3986 -1 7567 -1 7026 -1 2688 -1 2988 6329 4318 -1 2760 9526 6305 -1 8734 -1 2332 7315 8852 -1 7739 1859 2525 1818 7764 7349 4333 -1 2624 -1 8246 6294 1315 -1 5416 -1
8629 -1 -1 -1 -1 -1 -1 -1 131 -1 9752 -1 -1 -1 -1 -1 1661 -1 -1 -1 -1 -1 5863 -1 7151 -1 6428 -1 2976 -1 -1 -1 -1 -1 -1 -1 4719 -1 920 -1 6570 -1 -1 -1 8928 -1 9560 -1 8081 -1 1855 -1 4014 -1 -1 -1 -1 -1 -1 -1 9262 -1 -1 -1 619 -1 9379 -1 5872 -1 -1 -1 -1 -1 -1 -1 5001 -1 776 -1 4213 -1 -1 -1 -1 -1 -1 -1 -1 -1 -1 -1 -1 -1 -1 -1 2528 -1 4687 -1
8845 5790 8115 777 6521 -1 9461 8781 2276 -1 2587 -1 964 8970 6920 -1 1096 1297 1249 -1 2396 6344 2369 -1 3234 -1 2052 -1 6485 353 9407 8124 3215 8807 156 2903 2237 3199 5247 -1 4852 -1 3758 6940 7269 7000 3160 -1 614 -1 4611 6147 6270 -1 1652 2441 8628 5174 1500 -1 919 444 746 -1 3057 -1 8112 -1 6363 6008 4078 8484 276 8650 6473 5618 4194 -1 2748 -1 3047 8999 2709 3910 9972 5304 743 1526 7646 -1 7437 3661 8996 8160 2960 -1 2873 -1 1220 -1
9013 -1 -1 -1 2750 -1 -1 -1 -1 -1 396 -1 2655 -1 2334 -1 -1 -1 7663 -1 4838 -1 -1 -1 7965 -1 6643 -1 -1 -1 -1 -1 -1 -1 -1 -1 -1 -1 -1 -1 8685 -1 -1 -1 -1 -1 -1 -1 9377 -1 -1 -1 1963 -1 680 -1 -1 -1 3407 -1 -1 -1 2600 -1 2926 -1 2376 -1 4367 -1 -1 -1 -1 -1 -1 -1 -1 -1 7554 -1 -1 -1 -1 -1 -1 -1 -1 -1 5220 -1 2652 -1 5480 -1 -1 -1 6811 -1 5376 -1
5189 4250 2871 -1 837 -1 9359 7348 495 -1 8749 -1 8113 -1 3833 -1 1288 3071 4036 -1 9433 -1 4103 4536 9141 -1 6038 1772 7362 -1 8813 3512 4189 -1 2885 8525 1536 4292 6585 5924 4817 -1 7290 4954 1861 -1 3339 8510 5476 -1 3561 -1 4109 -1 3234 863 7065 -1 7195 8446 6939 539 5137 -1 693 -1 6768 -1 2342 -1 4550 5886 9133 -1 5304 955 7500 -1 223 674 7436 -1 3262 -1 6572 9519 3164 -1 6263 -1 3018 -1 4329 9644 1223 -1 9151 -1 8167 -1
-1 -1 -1 -1 9930 -1 2937 -1 6502 -1 4313 -1 3468 -1 82 -1 9761 -1 -1 -1 4669 -1 -1 -1 4872 -1 -1 -1 8663 -1 8243 -1 -1 -1 6456 -1 -1 -1 -1 -1 -1 -1 7509 -1 8728 -1 8746 -1 -1 -1 8624 -1 8632 -1 -1 -1 4820 -1 -1 -1 -1 -1 -1 -1 190 -1 630 -1 7771 -1 7102 -1 1015 -1 -1 -1 2368 -1 -1 -1 4848 -1 4562 -1 1861 -1 4917 -1 8207 -1 1330 -1 -1 -1 6784 -1 7857 -1 8555 -1
2525 6320 9769 -1 8313 8849 1088 -1 4172 -1 2590 4436 6825 -1 9210 9390 6812 -1 5897 3185 6414 8432 5421 -1 3196 -1 4659 3273 1837 -1 5381 -1 9747 7784 5772 -1 7793 1019 2997 1653 108 1729 7893 -1 6699 -1 2556 1285 1150 -1 7523 -1 121 -1 1968 5566 7095 -1 6376 9234 9341 4662 6577 1233 8921 -1 7553 -1 1305 -1 3345 -1 5776 664 6078 -1 3161 1312 5464 4188 8720 1409 5501 -1 8837 -1 7701 3981 3553 -1 9851 -1 903 -1 1494 -1 9993 4614 9374 -1
2468 -1 3984 -1 5686 -1 -1 -1 3779 -1 4387 -1 -1 -1 -1 -1 6492 -1 9320 -1 -1 -1 5390 -1 4694 -1 468 -1 -1 -1 3883 -1 2695 -1 -1 -1 47 -1 -1 -1 -1 -1 -1 -1 3643 -1 -1 -1 7068 -1 6159 -1 62 -1 9154 -1 -1 -1 3572 -1 -1 -1 -1 -1 -1 -1 3086 -1 7532 -1 7118 -1 -1 -1 2948 -1 -1 -1 -1 -1 -1 -1 -1 -1 3164 -1 -1 -1 -1 -1 1042 -1 383 -1 3506 -1 -1 -1 5623 -1
7565 -1 832 -1 257 7240 3825 -1 5777 -1 810 -1 8876 1175 5771 -1 8130 -1 1819 769 7119 -1 5886 -1 1533 -1 9699 -1 2287 63 1500 -1 6710 6420 2935 337 3074 -1 8031 3887 3384 3907 4430 -1 1849 72 5160 -1 8679 8565 9104 -1 8021 -1 5067 -1 4202 2642 922 -1 5767 850 7673 169 6653 -1 6913 -1 4053 -1 6494 -1 4342 -1 6796 -1 5040 4040 935 3808 6693 1661 4959 -1 2039 -1 7902 3161 9467 1927 986 -1 6454 -1 5830 9887 5925 3054 1047 -1
2437 -1 6237 -1 -1 -1 -1 -1 9141 -1 5656 -1 287 -1 8754 -1 2750 -1 -1 -1 -1 -1 5534 -1 6637 -1 1952 -1 8539 -1 3590 -1 -1 -1 -1 -1 -1 -1 4067 -1 -1 -1 5164 -1 -1 -1 2733 -1 -1 -1 5755 -1 3892 -1 5096 -1 1817 -1 -1 -1 498 -1 2314 -1 -1 -1 7972 -1 2562 -1 2575 -1 7573 -1 8774 -1 942 -1 -1 -1 -1 -1 1557 -1 599 -1 633 -1 -1 -1 -1 -1 458 -1 -1 -1 -1 -1 -1 -1
4070 -1 5007 7477 8270 3987 4441 8085 4563 -1 6106 -1 2658 -1 4324 -1 9037 241 1799 307 347 2123 974 -1 8661 -1 5133 5040 3408 -1 3488 7533 8460 -1 5555 682 2732 701 5190 2155 6565 -1 9106 -1 1742 -1 1889 7987 7379 -1 2315 -1 1595 8541 8040 -1 2216 1753 2823 -1 1729 -1 7053 -1 4531 3467 9853 -1 8932 9592 6158 -1 1143 -1 5694 4049 6409 -1 4574 84 4642 -1 7968 -1 163 -1 4600 524 6940 5175 6003 -1 3474 1388 1545 6166 7885 -1 6300 -1
2463 -1 -1 -1 -1 -1 -1 -1 -1 -1 -1 -1 7455 -1 8782 -1 -1 -1 -1 -1 -1 -1 -1 -1 6345 -1 2522 -1 -1 -1 -1 -1 479 -1 -1 -1 -1 -1 -1 -1 7890 -1 714 -1 1735 -1 -1 -1 1969 -1 7807 -1 5288 -1 -1 -1 -1 -1 2553 -1 445 -1 -1 -1 5667 -1 -1 -1 -1 -1 -1 -1 1906 -1 -1 -1 -1 -1 6541 -1 -1 -1 6621 -1 1811 -1 -1 -1 -1 -1 2534 -1 -1 -1 2383 -1 9059 -1 1972 -1
2769 2369 6863 8253 7181 8123 8280 5920 6864 -1 5245 5571 9831 -1 7167 -1 8346 5446 3677 4284 9166 5780 3542 -1 8948 1801 6068 -1 9871 6233 733 -1 3984 352 2637 -1 8187 8376 4661 -1 3521 -1 5625 3018 3900 -1 3691 -1 9922 -1 914 -1 9727 -1 368 2670 6808 -1 8210 -1 5639 7498 4025 -1 8200 -1 2144 7602 9814 3729 5622 -1 5106 1204 869 -1 7060 4335 9388 2211 6969 487 9355 -1 4057 2338 4725 7916 8171 -1 303 -1 202 4279 4360 -1 7300 2620 9535 -1
3205 -1 -1 -1 -1 -1 -1 -1 1524 -1 5044 -1 -1 -1 7058 -1 1448 -1 -1 -1 -1 -1 2280 -1 -1 -1 -1 -1 1012 -1 2502 -1 -1 -1 1137 -1 2208 -1 6311 -1 3694 -1 -1 -1 2621 -1 1803 -1 8702 -1 -1 -1 6337 -1 481 -1 4991 -1 7191 -1 -1 -1 5436 -1 432 -1 6714 -1 -1 -1 1926 -1 -1 -1 503 -1 4948 -1 -1 -1 -1 -1 -1 -1 -1 -1 7330 -1 -1 -1 9967 -1 6286 -1 -1 -1 -1 -1 1524 -1
7763 3687 9539 -1 6391 8613 8401 4299 9511 -1 9574 -1 9587 -1 9643 8695 1351 -1 6549 6515 5610 -1 3584 1481 6144 5016 9670 8412 3087 -1 4540 6715 467 -1 9138 7303 5867 -1 6344 -1 2411 -1 9215 2746 2676 -1 773 -1 5148 8605 5473 -1 6030 -1 1434 -1 8066 4133 2887 -1 5269 9945 7528 -1 1964 5748 4087 5123 9511 -1 9891 -1 8352 3144 6033 -1 301 6894 3958 -1 367 1226 5500 4192 6417 -1 8432 102 6351 -1 533 4346 4986 -1 804 -1 9907 9691 4571 -1
-1 -1 -1 -1 8841 -1 -1 -1 -1 -1 2114 -1 7374 -1 -1 -1 -1 -1 5477 -1 7882 -1 -1 -1 -1 -1 -1 -1 -1 -1 -1 -1 8869 -1 -1 -1 -1 -1 3412 -1 7333 -1 4121 -1 -1 -1 555 -1 -1 -1 4731 -1 7127 -1 5618 -1 -1 -1 -1 -1 1800 -1 -1 -1 -1 -1 -1 -1 5720 -1 8190 -1 8977 -1 -1 -1 -1 -1 5162 -1 8937 -1 680 -1 6268 -1 701 -1 5293 -1 -1 -1 -1 -1 2704 -1 1714 -1 -1 -1
8129 1833 6798 9661 5913 -1 8587 1296 9521 3880 2786 -1 4396 5856 3339 7738 2884 2192 1231 -1 1012 -1 4604 413 3190 -1 3560 4677 8960 -1 8337 7909 6226 -1 865 9959 3315 1344 6811 -1 1972 -1 331 8454 2272 7426 4852 7502 3139 -1 2361 6716 4757 -1 668 -1 2598 2062 2602 1662 6289 -1 8855 1660 5153 5343 2754 -1 8864 -1 9447 -1 3716 2017 3026 7945 4495 -1 9564 -1 4194 -1 7005 -1 633 -1 774 -1 3576 7515 4409 -1 5574 5625 6701 -1 4066 -1 6858 -1
6396 -1 -1 -1 -1 -1 7619 -1 -1 -1 -1 -1 3927 -1 -1 -1 -1 -1 -1 -1 3890 -1 1157 -1 8430 -1 1344 -1 276 -1 4418 -1 -1 -1 681 -1 -1 -1 -1 -1 5795 -1 1193 -1 -1 -1 -1 -1 -1 -1 -1 -1 -1 -1 8189 -1 1540 -1 -1 -1 -1 -1 7855 -1 -1 -1 8158 -1 -1 -1 6263 -1 -1 -1 6056 -1 -1 -1 7866 -1 -1 -1 606 -1 6384 -1 -1 -1 6509 -1 -1 -1 3187 -1 2978 -1 5856 -1 6736 -1
5789 -1 7440 5654 3502 3227 786 -1 2015 1770 7404 -1 8924 -1 867 2830 1077 -1 9576 7210 6238 -1 3086 -1 810 -1 3715 -1 7689 6648 8998 -1 5109 8238 2972 -1 7695 8576 8347 2340 6176 -1 7553 -1 8816 2499 7504 -1 2190 2676 1451 2827 155 -1 5861 -1 2945 6898 8369 652 4333 -1 8538 -1 9920 8330 307 1771 1907 -1 484 1474 9568 -1 2880 9983 4956 1450 4130 1095 5884 -1 1977 -1 3551 2145 3919 1263 3561 -1 6762 8307 3029 -1 9319 -1 9353 -1 8175 -1
5950 -1 5397 -1 -1 -1 -1 -1 2447 -1 5169 -1 5181 -1 2605 -1 -1 -1 2254 -1 -1 -1 3892 -1 9932 -1 5291 -1 -1 -1 -1 -1 5049 -1 -1 -1 7338 -1 392 -1 -1 -1 7018 -1 3234 -1 4991 -1 9742 -1 -1 -1 1516 -1 781 -1 -1 -1 -1 -1 1951 -1 2569 -1 -1 -1 -1 -1 4871 -1 6898 -1 3852 -1 -1 -1 -1 -1 -1 -1 6636 -1 3819 -1 -1 -1 -1 -1 2288 -1 6051 -1 -1 -1 4311 -1 5504 -1 5074 -1
463 5791 7711 -1 4036 8031 5830 8618 1380 -1 3633 1216 2115 -1 9655 1598 1838 -1 2589 9799 1809 6799 9413 -1 5312 -1 4811 1141 1131 -1 9166 1435 245 -1 7382 9150 8135 -1 1039 -1 5090 5838 1848 -1 249 -1 4111 9865 7348 -1 832 -1 2627 -1 9903 8240 4744 5257 1002 -1 8294 -1 860 4208 9653 9817 6156 -1 3812 -1 962 -1 2168 -1 7662 3905 3245 -1 2172 -1 6821 -1 8546 -1 5871 2519 1180 -1 4141 -1 7201 5671 7499 -1 7320 -1 2584 -1 2699 -1
6688 -1 -1 -1 1540 -1 -1 -1 -1 -1 -1 -1 -1 -1 -1 -1 3343 -1 -1 -1 -1 -1 -1 -1 3732 -1 -1 -1 5445 -1 6398 -1 -1 -1 -1 -1 -1 -1 3091 -1 -1 -1 -1 -1 8866 -1 -1 -1 -1 -1 9725 -1 2349 -1 -1 -1 -1 -1 1433 -1 214 -1 -1 -1 -1 -1 4055 -1 1145 -1 -1 -1 3705 -1 6947 -1 2835 -1 7003 -1 3444 -1 6164 -1 -1 -1 1661 -1 6559 -1 -1 -1 4185 -1 170 -1 7605 -1 2815 -1
7046 2494 4595 4469 9346 -1 9069 1448 14 3367 6028 7941 8385 5864 5597 -1 6551 1081 1286 6373 4640 9942 3093 -1 527 -1 2094 3599 5493 -1 9635 9021 8757 8091 8587 3513 5363 2975 2264 -1 7172 4040 6829 8489 1594 -1 8273 1911 6122 976 5018 -1 795 7184 9992 7216 4149 -1 8217 4260 2757 2609 6703 -1 8134 9808 1280 -1 6876 3046 4096 3476 7064 -1 3019 -1 6740 -1 8308 5422 8178 6423 2399 -1 5185 9745 3964 -1 8312 -1 2377 8976 5313 -1 2979 6136 7251 -1 9546 -1
-1 -1 -1 -1 -1 -1 3967 -1 -1 -1 -1 -1 -1 -1 8014 -1 -1 -1 -1 -1 2076 -1 -1 -1 7476 -1 5277 -1 -1 -1 -1 -1 -1 -1 -1 -1 816 -1 -1 -1 6313 -1 -1 -1 -1 -1 -1 -1 -1 -1 2578 -1 4531 -1 -1 -1 -1 -1 -1 -1 -1 -1 9464 -1 2985 -1 -1 -1 -1 -1 -1 -1 6060 -1 3308 -1 4847 -1 -1 -1 -1 -1 -1 -1 1903 -1 -1 -1 6207 -1 560 -1 -1 -1 -1 -1 -1 -1 4507 -1
6407 7871 4615 4920 5393 4762 5873 -1 8448 4676 7219 2595 6766 326 7221 8307 8725 -1 1445 6586 5886 -1 9349 6413 3111 -1 292 3683 9166 -1 9018 1734 5111 -1 6209 2124 3216 -1 4974 3020 3925 -1 565 3796 5459 1589 9553 9424 4045 4730 1105 -1 9220 2969 1703 -1 43 5080 137 -1 5524 2399 1954 -1 340 7378 5106 4015 6686 1002 961 -1 4305 -1 7096 -1 4973 1973 7402 6301 8177 6539 5725 -1 2117 6670 5112 515 6039 -1 9074 3238 972 878 5589 -1 3655 5327 5067 -1
3720 -1 -1 -1 -1 -1 -1 -1 -1 -1 -1 -1 -1 -1 -1 -1 6960 -1 1456 -1 -1 -1 5571 -1 -1 -1 -1 -1 1745 -1 -1 -1 4370 -1 4991 -1 -1 -1 712 -1 -1 -1 4462 -1 366 -1 -1 -1 -1 -1 2600 -1 -1 -1 1353 -1 6087 -1 6461 -1 4932 -1 -1 -1 -1 -1 -1 -1 -1 -1 1631 -1 8780 -1 7393 -1 -1 -1 -1 -1 -1 -1 2391 -1 -1 -1 -1 -1 -1 -1 -1 -1 -1 -1 6162 -1 9580 -1 3202 -1
7524 722 1470 -1 7995 9901 3335 -1 9942 2268 897 1203 7582 828 5442 -1 1851 625 7614 -1 390 1595 2643 -1 8538 2633 4204 -1 7491 5113 9286 -1 5854 8852 1714 -1 83 5317 3233 -1 3039 2590 5804 -1 3638 -1 5816 7930 1766 -1 1172 4526 4961 -1 9334 -1 3986 -1 6133 -1 3112 1043 7803 -1 4136 1460 2177 3999 191 -1 8203 -1 119 -1 2578 8162 4704 7795 1428 -1 8063 -1 5879 1260 7175 557 5971 5922 5058 3292 6125 5374 9826 -1 2464 -1 6986 -1 7487 -1
-1 -1 3594 -1 9673 -1 2286 -1 8118 -1 -1 -1 -1 -1 2715 -1 -1 -1 2128 -1 6674 -1 -1 -1 542 -1 4267 -1 -1 -1 8651 -1 -1 -1 -1 -1 6390 -1 -1 -1 -1 -1 -1 -1 5729 -1 2366 -1 251 -1 9326 -1 -1 -1 6579 -1 7716 -1 627 -1 -1 -1 1173 -1 387 -1 -1 -1 4673 -1 3127 -1 -1 -1 -1 -1 -1 -1 5433 -1 3770 -1 -1 -1 -1 -1 -1 -1 -1 -1 9471 -1 8470 -1 8461 -1 -1 -1 3302 -1
2536 6876 8156 -1 3123 -1 3291 -1 9080 -1 5143 -1 4116 2757 6162 -1 170 8265 8996 -1 8640 -1 3609 2985 8377 -1 248 -1 906 -1 3575 8855 7833 1206 2889 -1 3108 1852 9583 4729 9648 5766 7983 6697 1293 -1 1315 -1 7788 -1 6703 -1 167 752 6908 -1 6410 -1 9827 6625 6511 -1 4425 -1 3941 -1 6065 9262 8480 -1 7357 4996 3515 4821 2372 3958 8739 -1 6704 -1 2199 4052 6424 -1 4228 -1 9419 2448 6900 9116 3199 -1 504 -1 8739 2987 444 -1 2035 -1
5632 -1 -1 -1 9841 -1 9196 -1 6758 -1 8450 -1 6653 -1 -1 -1 -1 -1 -1 -1 2019 -1 -1 -1 1639 -1 9750 -1 4593 -1 -1 -1 -1 -1 7445 -1 -1 -1 -1 -1 -1 -1 -1 -1 -1 -1 1092 -1 2709 -1 8150 -1 7571 -1 -1 -1 5714 -1 7338 -1 -1 -1 1326 -1 -1 -1 2635 -1 3451 -1 -1 -1 -1 -1 -1 -1 3211 -1 8261 -1 8546 -1 2205 -1 7160 -1 4867 -1 -1 -1 -1 -1 -1 -1 -1 -1 6418 -1 7481 -1
7231 7133 3156 8859 2437 -1 2705 1437 4693 6279 9139 -1 6797 5827 1440 5919 6029 5612 7576 9733 1365 3358 5556 7465 2420 -1 7867 3405 4853 1206 3426 9147 8657 -1 8795 3068 3658 4498 7941 6100 9757 514 9247 8996 6649 9497 2050 -1 3913 6915 2776 -1 7259 6734 6841 3223 8888 -1 3185 8736 6350 1023 3626 6019 5161 7208 876 -1 8530 685 9140 4349 4569 3976 3487 -1 6236 2962 3459 6787 8455 -1 3609 9261 817 -1 3635 8738 8238 7279 2446 3665 3959 1805 9320 4439 940 6400 5309 -1
-1 -1 -1 -1 -1 -1 -1 -1 -1 -1 -1 -1 -1 -1 -1 -1 -1 -1 -1 -1 -1 -1 -1 -1 -1 -1 -1 -1 -1 -1 -1 -1 -1 -1 -1 -1 -1 -1 -1 -1 -1 -1 -1 -1 -1 -1 -1 -1 -1 -1 -1 -1 -1 -1 -1 -1 -1 -1 -1 -1 -1 -1 -1 -1 -1 -1 -1 -1 -1 -1 -1 -1 -1 -1 -1 -1 -1 -1 -1 -1 -1 -1 -1 -1 -1 -1 -1 -1 -1 -1 -1 -1 -1 -1 -1 -1 -1 -1 -1 -1
41 81
81 47
