100 100 432821625
8014 7413 2219 1062 643 3741 3126 4343 7909 4757 8681 7502 8619 9028 6840 7453 339 135 6410 -1 2167 6149 4471 1033 5359 8650 3064 3726 7052 3481 6096 6789 1489 1103 5815 -1 8669 7835 2889 1085 3499 4199 8058 -1 6501 1590 4772 1467 8486 436 6355 2036 282 5483 8568 1504 3188 -1 6968 1462 2321 672 3803 3926 9311 -1 7248 -1 8538 3114 2528 8099 7552 2805 9973 2120 1673 6114 3808 3947 2802 -1 2841 6566 6663 8003 5596 855 6080 9276 329 3286 6720 -1 6484 1212 1094 6423 8437 -1
7729 -1 -1 -1 -1 -1 -1 -1 -1 -1 -1 -1 -1 -1 -1 -1 -1 -1 2275 -1 -1 -1 4633 -1 -1 -1 -1 -1 -1 -1 -1 -1 -1 -1 -1 -1 7570 -1 -1 -1 4623 -1 5801 -1 427 -1 -1 -1 -1 -1 -1 -1 -1 -1 2200 -1 6848 -1 5116 -1 -1 -1 -1 -1 6571 -1 4031 -1 1289 -1 9964 -1 5935 -1 -1 -1 -1 -1 -1 -1 7421 -1 -1 -1 7514 -1 -1 -1 -1 -1 -1 -1 618 -1 9449 -1 8535 -1 -1 -1
6644 9989 9896 -1 9321 189 784 815 3038 -1 5252 8262 2118 7464 5021 5844 2972 -1 7841 4037 408 -1 5236 -1 4179 4659 1254 1847 1925 2909 9629 5482 8935 2514 754 5027 2956 5849 6039 -1 7114 -1 7245 -1 2167 3176 2068 -1 1266 4764 147 2226 6967 9585 6715 -1 3777 2782 9751 -1 1484 6469 4684 1664 8231 3325 2625 -1 3720 -1 8718 -1 1185 -1 919 4368 1392 7233 703 -1 9144 6214 3157 689 4063 -1 6369 1278 3176 5227 4576 -1 4977 -1 5350 -1 7914 9372 2119 -1
4007 -1 7091 -1 4977 -1 6202 -1 5791 -1 557 -1 863 -1 -1 -1 -1 -1 -1 -1 9495 -1 6663 -1 7493 -1 -1 -1 -1 -1 -1 -1 -1 -1 -1 -1 -1 -1 8962 -1 291 -1 -1 -1 -1 -1 1190 -1 4311 -1 -1 -1 -1 -1 -1 -1 -1 -1 -1 -1 1321 -1 -1 -1 -1 -1 -1 -1 3656 -1 1594 -1 -1 -1 810 -1 -1 -1 5585 -1 -1 -1 -1 -1 3544 -1 2743 -1 -1 -1 6999 -1 3213 -1 8013 -1 -1 -1 6515 -1
9088 -1 5333 -1 8174 -1 7948 -1 1985 -1 7798 -1 2605 4537 7545 -1 9727 5509 2324 1475 5972 -1 6535 8069 3125 314 2055 8887 7637 7051 8526 9615 3063 -1 6004 3021 218 -1 3789 -1 6570 9408 1617 7208 481 -1 7734 -1 9355 8334 8973 1090 4445 4380 597 -1 1629 3231 2996 -1 1841 9693 8006 -1 7238 875 6614 8464 8820 -1 6219 -1 9412 6708 6231 -1 8157 6093 4708 -1 8860 6672 7957 2541 4917 -1 7135 2373 954 -1 1856 -1 8072 -1 3032 -1 1247 8990 7828 -1
-1 -1 2851 -1 -1 -1 4219 -1 4604 -1 8743 -1 -1 -1 4564 -1 1055 -1 -1 -1 -1 -1 -1 -1 -1 -1 5860 -1 -1 -1 -1 -1 6567 -1 889 -1 3004 -1 -1 -1 -1 -1 749 -1 9765 -1 8786 -1 -1 -1 -1 -1 -1 -1 1102 -1 7296 -1 -1 -1 3466 -1 -1 -1 3752 -1 -1 -1 -1 -1 8062 -1 4702 -1 -1 -1 2487 -1 -1 -1 -1 -1 -1 -1 -1 -1 2939 -1 -1 -1 9017 -1 347 -1 2629 -1 6716 -1 -1 -1
9043 9311 6457 -1 8869 2713 7726 -1 6840 -1 6379 1470 9838 -1 1145 -1 1556 6915 736 -1 5323 5725 8462 835 7085 -1 9963 -1 9705 492 8030 -1 8717 -1 3772 -1 1179 8384 8153 -1 2189 2480 2780 -1 1610 -1 740 -1 7174 4 7812 2445 8700 -1 8495 -1 4964 1295 6402 9932 1538 -1 121 3885 5014 -1 8501 -1 3536 1380 4982 -1 7372 -1 3190 -1 1105 -1 1684 8285 7042 -1 2055 732 2453 4698 4077 -1 3670 7841 6184 -1 2719 -1 4948 -1 7747 8766 9573 -1
9962 -1 -1 -1 82 -1 -1 -1 -1 -1 -1 -1 9200 -1 585 -1 -1 -1 7009 -1 6373 -1 -1 -1 4058 -1 -1 -1 1735 -1 8466 -1 -1 -1 7040 -1 -1 -1 8415 -1 568 -1 -1 -1 9495 -1 7617 -1 1977 -1 -1 -1 1615 -1 7067 -1 8447 -1 -1 -1 -1 -1 5202 -1 -1 -1 175 -1 7896 -1 -1 -1 4247 -1 6571 -1 7284 -1 279 -1 4150 -1 3930 -1 -1 -1 -1 -1 587 -1 73 -1 -1 -1 2549 -1 -1 -1 3927 -1
5568 -1 5271 6771 982 273 7782 7286 6951 4917 8446 942 9235 -1 6538 5954 1072 -1 6403 -1 5939 -1 7298 -1 2789 -1 8489 9433 3159 -1 8505 5721 273 8474 9812 -1 2558 8795 8885 -1 28 4051 5860 -1 708 -1 9784 -1 9220 -1 1208 5469 3797 -1 9605 -1 8319 -1 2751 -1 8578 9138 7058 -1 142 1125 5676 -1 6564 1531 5119 -1 6917 5706 7228 -1 332 -1 1003 -1 1395 -1 551 5902 383 -1 1826 -1 1675 -1 7902 -1 1931 7520 7333 6054 4025 -1 7263 -1
4615 -1 2460 -1 -1 -1 -1 -1 -1 -1 -1 -1 -1 -1 4697 -1 3392 -1 4914 -1 9060 -1 9391 -1 3411 -1 5938 -1 -1 -1 -1 -1 -1 -1 -1 -1 7676 -1 -1 -1 -1 -1 1893 -1 7760 -1 4394 -1 -1 -1 3592 -1 2415 -1 2638 -1 8581 -1 1614 -1 9394 -1 -1 -1 9320 -1 4176 -1 -1 -1 8727 -1 -1 -1 5647 -1 5065 -1 2418 -1 3982 -1 -1 -1 4689 -1 5558 -1 6292 -1 -1 -1 4442 -1 -1 -1 -1 -1 7448 -1
3161 -1 8032 9413 6115 4911 4980 -1 7399 7100 3440 -1 6135 6943 5518 -1 6143 -1 8948 9433 5833 -1 3320 -1 5054 -1 5934 -1 7312 4881 2083 4156 8475 6233 6164 2408 4968 -1 2903 9201 6177 438 6445 -1 8394 -1 9248 4802 6378 -1 8865 -1 2807 -1 6113 -1 2568 -1 8112 -1 5201 4579 2659 -1 4608 -1 5509 392 4348 -1 5503 1472 1497 2421 5603 -1 8804 -1 1024 -1 7769 -1 7913 7235 4285 -1 454 -1 8611 4083 9081 -1 1021 -1 4562 931 2951 -1 5506 -1
5504 -1 -1 -1 -1 -1 2535 -1 7850 -1 4582 -1 1743 -1 -1 -1 -1 -1 -1 -1 -1 -1 8542 -1 7596 -1 6310 -1 -1 -1 -1 -1 403 -1 -1 -1 -1 -1 1896 -1 -1 -1 -1 -1 3934 -1 -1 -1 7367 -1 7189 -1 -1 -1 3771 -1 4651 -1 3830 -1 -1 -1 7093 -1 -1 -1 1153 -1 889 -1 -1 -1 -1 -1 -1 -1 1291 -1 4755 -1 6274 -1 7599 -1 -1 -1 6893 -1 -1 -1 4875 -1 6502 -1 3360 -1 3651 -1 7915 -1
5371 7574 2640 6485 197 -1 7970 123 2826 -1 8431 -1 5972 -1 5618 2785 720 9618 2708 5403 9170 4936 5560 -1 6401 -1 2722 5546 8935 3341 4774 -1 7931 9596 7344 8207 9545 1830 6996 -1 9918 6754 3674 -1 7059 6140 2146 -1 9456 9418 2550 -1 5221 6061 7917 -1 5505 8247 2659 3411 4650 -1 7559 7924 6696 1749 6411 -1 3365 533 3852 -1 4191 7790 4250 -1 1953 6998 8813 -1 763 -1 8893 -1 9484 2882 2465 7079 7011 -1 6497 -1 8233 -1 448 -1 7244 7356 9459 -1
9949 -1 -1 -1 3065 -1 -1 -1 -1 -1 3601 -1 8583 -1 3423 -1 -1 -1 8642 -1 -1 -1 -1 -1 9100 -1 -1 -1 -1 -1 1436 -1 -1 -1 -1 -1 -1 -1 -1 -1 9211 -1 6118 -1 -1 -1 2524 -1 -1 -1 6855 -1 1272 -1 -1 -1 -1 -1 3779 -1 -1 -1 -1 -1 -1 -1 -1 -1 -1 -1 848 -1 4719 -1 1756 -1 -1 -1 -1 -1 5733 -1 6177 -1 -1 -1 -1 -1 4320 -1 4011 -1 5803 -1 9218 -1 -1 -1 5077 -1
8657 9428 2480 -1 420 7382 5885 1379 2896 -1 9355 -1 7986 5727 2450 -1 8665 -1 3128 -1 3845 2955 7711 -1 9937 698 531 710 4174 -1 4286 -1 4963 2097 2000 3854 2327 1326 2025 368 7027 -1 6340 -1 1093 2684 4709 -1 7225 -1 8627 -1 3332 1605 4145 6790 2375 -1 4641 -1 3682 310 3912 5000 2012 7169 348 -1 6546 2125 4941 -1 9821 -1 3978 -1 2590 1611 4076 1083 6979 -1 9244 9458 9103 -1 4562 2372 795 -1 2793 -1 8780 -1 65 3467 9346 -1 5458 -1
6713 -1 -1 -1 -1 -1 -1 -1 4705 -1 3604 -1 -1 -1 -1 -1 6288 -1 662 -1 6577 -1 3261 -1 -1 -1 -1 -1 9571 -1 2905 -1 8052 -1 -1 -1 4930 -1 -1 -1 -1 -1 4183 -1 5793 -1 -1 -1 9972 -1 2574 -1 -1 -1 -1 -1 2178 -1 83 -1 1467 -1 6637 -1 -1 -1 -1 -1 9177 -1 -1 -1 -1 -1 8375 -1 5497 -1 -1 -1 -1 -1 -1 -1 8649 -1 5484 -1 -1 -1 7962 -1 5969 -1 -1 -1 6083 -1 7226 -1
4460 -1 7792 7650 7002 7809 5488 9223 440 -1 6549 -1 8777 8700 4958 8141 3701 -1 5207 162 7410 -1 2298 8545 2025 8510 1428 -1 1093 9875 7320 -1 8403 -1 7999 7665 9862 -1 4200 5799 1449 -1 9930 -1 7160 8327 6917 -1 2934 -1 9626 1858 5317 -1 1229 6773 4653 -1 3368 -1 7 -1 4451 191 4551 1226 6819 9645 8458 -1 7612 132 7095 -1 1079 -1 5646 4224 6699 -1 8549 8447 8272 -1 1757 -1 5867 8917 5152 -1 6639 3441 7243 2718 7931 -1 5800 -1 8226 -1
7970 -1 2949 -1 -1 -1 -1 -1 -1 -1 4852 -1 6989 -1 -1 -1 -1 -1 -1 -1 -1 -1 4091 -1 -1 -1 -1 -1 -1 -1 -1 -1 -1 -1 876 -1 -1 -1 8980 -1 7489 -1 -1 -1 -1 -1 3940 -1 2566 -1 5903 -1 -1 -1 2283 -1 -1 -1 8473 -1 8091 -1 -1 -1 -1 -1 -1 -1 -1 -1 1121 -1 45 -1 3296 -1 -1 -1 8560 -1 8484 -1 4092 -1 6030 -1 -1 -1 8111 -1 -1 -1 -1 -1 -1 -1 7355 -1 7479 -1
7329 -1 1399 6601 4669 -1 3072 -1 5243 4489 6189 -1 7509 8756 1712 787 9130 3320 8488 1074 8652 -1 3348 6807 5106 3670 8993 9022 6842 2002 3950 8635 4984 384 4609 -1 8881 7426 7236 -1 6764 926 8458 9282 805 -1 3508 2590 6871 -1 8559 -1 3337 7783 7742 -1 5770 -1 2147 -1 6665 -1 430 1394 4889 5445 8306 3723 7911 1427 5646 -1 3777 461 8714 2613 6965 -1 566 -1 1204 -1 9748 7099 1852 -1 713 3968 7281 920 1650 859 8858 -1 362 7519 835 -1 7650 -1
1356 -1 -1 -1 751 -1 196 -1 8662 -1 -1 -1 5868 -1 -1 -1 9903 -1 -1 -1 -1 -1 -1 -1 -1 -1 -1 -1 -1 -1 -1 -1 1539 -1 3471 -1 7722 -1 -1 -1 -1 -1 -1 -1 1452 -1 7371 -1 -1 -1 1557 -1 385 -1 -1 -1 3180 -1 1791 -1 1972 -1 -1 -1 -1 -1 -1 -1 2331 -1 -1 -1 -1 -1 -1 -1 -1 -1 9950 -1 1801 -1 -1 -1 -1 -1 5987 -1 9805 -1 -1 -1 -1 -1 4743 -1 -1 -1 5933 -1
9597 -1 9211 -1 7720 -1 2330 3343 5193 -1 6201 -1 2433 8452 6389 -1 1724 -1 4754 5813 3568 1790 5806 9922 2226 8415 9393 818 8937 1178 7662 -1 9003 -1 4099 -1 6053 9678 4727 -1 689 6284 4966 -1 4996 8852 5166 -1 1742 2728 9737 -1 2356 -1 6952 7020 3451 -1 126 -1 181 -1 717 6761 1111 5130 956 -1 5764 2652 5397 1573 7714 -1 878 4223 3267 8828 9966 -1 7079 6691 705 -1 4594 1503 167 -1 3692 -1 5132 7653 2899 -1 2173 5025 3324 -1 4944 -1
2766 -1 6764 -1 5245 -1 382 -1 -1 -1 2968 -1 -1 -1 623 -1 741 -1 4383 -1 -1 -1 -1 -1 3647 -1 -1 -1 -1 -1 3698 -1 7689 -1 -1 -1 -1 -1 3871 -1 610 -1 1840 -1 -1 -1 -1 -1 5616 -1 -1 -1 4385 -1 -1 -1 300 -1 9267 -1 3891 -1 1307 -1 -1 -1 4469 -1 -1 -1 -1 -1 9454 -1 3513 -1 -1 -1 2871 -1 -1 -1 218 -1 7336 -1 -1 -1 -1 -1 7633 -1 4369 -1 -1 -1 2015 -1 4743 -1
7281 3225 7036 -1 530 -1 6267 3425 4702 -1 3015 1642 1402 1786 8688 -1 9858 1707 6729 -1 275 3019 323 6333 3928 -1 7453 -1 2121 4727 5902 -1 5335 9339 5548 5816 1879 2028 9616 -1 9329 -1 9296 495 9686 4262 4805 -1 3347 325 4915 -1 5688 3902 6406 -1 2612 -1 1679 -1 5772 6699 4940 -1 8017 -1 5001 5506 7253 7209 4849 3436 577 -1 9927 -1 9170 5747 3286 -1 435 8199 4333 -1 1589 -1 4361 6617 2943 8288 6023 -1 5153 7707 3568 8687 2323 -1 5477 -1
-1 -1 9173 -1 1884 -1 -1 -1 524 -1 -1 -1 -1 -1 -1 -1 -1 -1 -1 -1 7147 -1 -1 -1 -1 -1 999 -1 2419 -1 -1 -1 -1 -1 -1 -1 -1 -1 -1 -1 8342 -1 -1 -1 -1 -1 -1 -1 -1 -1 7175 -1 -1 -1 8118 -1 9222 -1 1235 -1 -1 -1 -1 -1 255 -1 -1 -1 -1 -1 -1 -1 9321 -1 2417 -1 -1 -1 9563 -1 6152 -1 -1 -1 417 -1 4349 -1 -1 -1 7461 -1 -1 -1 -1 -1 -1 -1 1188 -1
5929 9175 1867 -1 8605 -1 7225 1635 9351 6313 5433 4435 9979 5573 8379 2956 2332 8485 8034 8516 6414 -1 1453 7130 5491 3330 8718 -1 7643 -1 6461 8016 9720 2358 4720 2588 1671 6914 3192 -1 4597 -1 5885 519 6546 8278 768 1056 7273 5798 5204 -1 2244 8323 5145 -1 8208 5724 4735 6715 2431 6327 2297 1215 3357 4755 5485 409 4153 -1 8591 3436 1762 -1 2692 6096 7371 -1 6315 -1 2360 1239 791 -1 7449 -1 9708 -1 9806 1735 6144 -1 7871 9690 3302 9091 1253 -1 9087 -1
319 -1 -1 -1 1464 -1 -1 -1 -1 -1 -1 -1 -1 -1 -1 -1 -1 -1 -1 -1 -1 -1 -1 -1 4073 -1 4946 -1 4348 -1 -1 -1 -1 -1 2430 -1 -1 -1 389 -1 6201 -1 2269 -1 -1 -1 -1 -1 -1 -1 -1 -1 2862 -1 -1 -1 -1 -1 -1 -1 365 -1 -1 -1 -1 -1 -1 -1 6724 -1 6336 -1 -1 -1 -1 -1 5568 -1 -1 -1 -1 -1 9473 -1 849 -1 1154 -1 8940 -1 -1 -1 7558 -1 -1 -1 288 -1 -1 -1
7622 2537 9486 -1 136 9916 5410 6018 4873 -1 2489 2725 1020 -1 3945 8228 5541 -1 9399 3725 8187 4226 5596 3278 2524 -1 3280 -1 2656 -1 3397 310 3288 5787 6890 -1 645 -1 5693 6518 8940 -1 6487 3381 3102 -1 300 6497 2343 8600 874 -1 4261 299 1641 -1 9275 8157 9830 -1 7004 -1 3859 8468 8246 -1 9788 3029 3574 -1 1791 -1 9032 9397 5426 -1 1176 8901 3531 9286 8886 5849 3079 5154 9181 -1 6849 -1 2355 7630 1065 -1 5383 11 6159 -1 2787 3829 1422 -1
-1 -1 8261 -1 -1 -1 -1 -1 5493 -1 3803 -1 5539 -1 5513 -1 6969 -1 2173 -1 6079 -1 -1 -1 -1 -1 9645 -1 3701 -1 1237 -1 -1 -1 -1 -1 533 -1 -1 -1 7525 -1 -1 -1 1848 -1 -1 -1 -1 -1 8165 -1 -1 -1 203 -1 1228 -1 7552 -1 -1 -1 6371 -1 8785 -1 2947 -1 -1 -1 4790 -1 -1 -1 2925 -1 -1 -1 -1 -1 -1 -1 -1 -1 -1 -1 7607 -1 -1 -1 1644 -1 -1 -1 2236 -1 -1 -1 2783 -1
80 -1 7230 107 8765 1179 545 -1 3048 -1 3527 -1 5975 1128 7665 -1 1606 4323 6266 -1 792 -1 9488 8023 2680 -1 9105 -1 9652 -1 360 3324 1702 -1 4349 5287 4718 4621 5122 -1 8906 139 8873 -1 7888 1292 699 -1 8258 8210 5792 7200 1286 -1 4700 8449 3192 -1 1541 -1 5253 9183 9297 -1 5026 -1 7687 2356 9589 -1 3034 8086 3292 -1 4153 4731 7773 1574 678 -1 3444 4818 4721 -1 56 2947 4133 -1 2147 6189 9852 1275 3701 -1 8296 5339 9432 -1 157 -1
7242 -1 -1 -1 -1 -1 1090 -1 7087 -1 2918 -1 -1 -1 -1 -1 -1 -1 -1 -1 5108 -1 7225 -1 2229 -1 -1 -1 6152 -1 276 -1 4697 -1 6450 -1 4217 -1 -1 -1 3582 -1 -1 -1 -1 -1 7476 -1 1322 -1 -1 -1 7783 -1 -1 -1 -1 -1 7558 -1 2993 -1 -1 -1 8730 -1 -1 -1 7736 -1 -1 -1 811 -1 -1 -1 -1 -1 3094 -1 9150 -1 7188 -1 4668 -1 -1 -1 -1 -1 -1 -1 -1 -1 -1 -1 3766 -1 5959 -1
4931 8509 4042 3955 5888 6724 6642 -1 1246 -1 13 5182 4330 -1 2874 1155 4915 7852 5935 -1 3047 239 2352 -1 4915 1014 7356 6589 7988 -1 2099 -1 8007 -1 2410 -1 5056 1972 1745 -1 5100 -1 5014 5262 3671 -1 7375 7837 4783 -1 7627 9618 3463 -1 9258 -1 576 7756 8421 -1 3021 -1 8140 -1 4352 9858 199 -1 5594 846 1711 -1 7699 6118 4227 -1 2831 7304 1803 -1 3403 -1 3206 -1 4225 1931 3003 -1 6653 3062 2331 2436 2045 9586 8190 9485 8601 -1 1612 -1
7247 -1 -1 -1 -1 -1 -1 -1 9125 -1 -1 -1 -1 -1 4684 -1 -1 -1 9959 -1 4700 -1 -1 -1 -1 -1 -1 -1 2791 -1 -1 -1 2999 -1 7552 -1 -1 -1 3019 -1 1227 -1 9577 -1 3888 -1 -1 -1 -1 -1 6454 -1 -1 -1 6585 -1 3637 -1 -1 -1 7056 -1 7029 -1 -1 -1 5393 -1 -1 -1 804 -1 -1 -1 2431 -1 3636 -1 -1 -1 7443 -1 5460 -1 9004 -1 6250 -1 7059 -1 -1 -1 -1 -1 -1 -1 -1 -1 6883 -1
4487 -1 6537 4852 6689 935 5861 -1 631 7515 5561 -1 4607 2916 7057 3501 5415 -1 8086 -1 7847 -1 9087 280 5370 4947 4789 -1 4009 3502 3695 6768 7512 -1 2052 5461 925 -1 5528 2249 6347 -1 8816 -1 5854 181 1029 5677 7374 -1 6304 1417 5510 -1 2001 -1 9707 -1 4006 1673 4852 -1 6227 209 9063 -1 4546 -1 2011 -1 4057 -1 4732 -1 7512 -1 4192 5671 7171 -1 4972 -1 5087 -1 3185 -1 1682 8369 3641 9571 8539 2812 6383 -1 4298 1986 3064 2066 841 -1
-1 -1 7123 -1 -1 -1 9763 -1 -1 -1 3691 -1 9437 -1 -1 -1 -1 -1 3943 -1 -1 -1 2810 -1 -1 -1 2467 -1 -1 -1 -1 -1 -1 -1 -1 -1 2907 -1 -1 -1 -1 -1 6074 -1 -1 -1 1989 -1 -1 -1 -1 -1 2747 -1 8494 -1 3715 -1 3845 -1 -1 -1 -1 -1 8949 -1 5760 -1 2734 -1 4480 -1 5156 -1 5319 -1 -1 -1 2074 -1 1783 -1 1849 -1 -1 -1 -1 -1 -1 -1 -1 -1 -1 -1 3344 -1 -1 -1 9828 -1
944 209 7116 -1 6103 -1 8865 2357 346 -1 3558 -1 6582 7344 8226 -1 3534 5399 473 -1 976 4712 6794 8441 8155 -1 8105 -1 5013 7771 1595 2958 9689 7048 4952 -1 4992 -1 3057 8051 9800 9205 7907 -1 4371 -1 2723 4649 2870 2739 7952 148 276 9058 2438 -1 1167 -1 2787 -1 2922 1851 8095 7544 4063 -1 4795 -1 7698 -1 7059 5409 4398 -1 6584 7659 7157 -1 1948 -1 1674 -1 4037 9104 6661 2464 97 350 9816 4387 7262 7424 8075 330 3860 -1 1832 1342 7352 -1
4524 -1 -1 -1 1952 -1 -1 -1 8781 -1 9561 -1 9530 -1 -1 -1 6491 -1 -1 -1 1833 -1 -1 -1 -1 -1 8767 -1 1471 -1 -1 -1 -1 -1 6914 -1 -1 -1 7454 -1 -1 -1 -1 -1 1787 -1 -1 -1 -1 -1 -1 -1 -1 -1 -1 -1 5203 -1 7764 -1 7096 -1 -1 -1 -1 -1 5951 -1 7373 -1 -1 -1 9489 -1 -1 -1 7109 -1 5979 -1 4313 -1 -1 -1 -1 -1 -1 -1 -1 -1 -1 -1 -1 -1 -1 -1 8367 -1 -1 -1
894 -1 8875 6771 3220 -1 8898 7052 2770 3136 2563 -1 3196 -1 7635 5166 3291 -1 5917 9473 5003 -1 9202 -1 1987 4044 4397 -1 405 -1 4172 9019 5981 -1 7991 -1 2543 7252 1849 2667 9523 2077 633 9923 7347 9380 428 -1 5053 577 6118 486 23 8803 461 -1 6739 4310 7105 -1 8614 -1 9691 7568 1138 -1 6407 -1 8136 4741 4786 6848 9779 5802 3201 -1 9034 -1 6629 -1 881 8764 3896 4956 5009 -1 4771 2424 3984 6160 2776 608 1722 2022 720 -1 9316 3174 8006 -1
4884 -1 2775 -1 2969 -1 818 -1 -1 -1 -1 -1 8076 -1 7130 -1 -1 -1 6992 -1 -1 -1 7042 -1 3388 -1 -1 -1 6585 -1 6824 -1 -1 -1 8236 -1 6870 -1 -1 -1 -1 -1 -1 -1 -1 -1 1513 -1 3473 -1 -1 -1 -1 -1 5729 -1 -1 -1 5046 -1 1229 -1 7450 -1 3602 -1 895 -1 -1 -1 -1 -1 -1 -1 -1 -1 5369 -1 127 -1 -1 -1 -1 -1 8887 -1 -1 -1 2868 -1 -1 -1 -1 -1 889 -1 -1 -1 3896 -1
8606 -1 4478 -1 3552 787 8243 64 3166 -1 7439 6425 4846 -1 9884 -1 7499 9523 1183 -1 6228 6709 969 -1 5907 2343 9334 -1 8995 -1 190 6820 3414 -1 6767 8101 4517 -1 1716 3567 5887 -1 3333 721 8226 -1 3128 -1 3201 -1 5320 3053 1417 -1 8963 8844 850 -1 8863 7240 1020 -1 7456 -1 6149 2052 6423 -1 5025 4386 5035 8956 8491 3133 5250 9667 1719 -1 5830 -1 9954 5297 7056 -1 6639 377 3675 -1 7407 -1 427 9704 3322 -1 6062 9294 6556 -1 3035 -1
8967 -1 -1 -1 -1 -1 -1 -1 -1 -1 3789 -1 -1 -1 8111 -1 1432 -1 -1 -1 -1 -1 528 -1 -1 -1 4487 -1 8904 -1 -1 -1 3766 -1 -1 -1 -1 -1 6597 -1 576 -1 8104 -1 6958 -1 -1 -1 1666 -1 -1 -1 2966 -1 -1 -1 1859 -1 6790 -1 -1 -1 8159 -1 -1 -1 -1 -1 18 -1 -1 -1 -1 -1 -1 -1 -1 -1 3245 -1 6717 -1 2315 -1 -1 -1 4259 -1 690 -1 6450 -1 8732 -1 -1 -1 -1 -1 7723 -1
3970 -1 9583 7127 5045 505 5167 3752 6425 3464 3466 9978 3600 -1 7107 -1 9333 -1 9733 3749 8742 3172 4803 4184 612 -1 6525 4643 6367 4305 3230 1960 4945 7356 8261 -1 2445 3260 927 -1 8353 3052 5160 -1 2947 3299 2755 -1 4236 6220 8954 2536 7075 3175 2395 -1 5836 -1 5106 -1 4176 8987 1472 -1 9558 4698 3155 -1 8068 -1 3567 8798 3806 -1 335 300 7461 1279 9962 4504 3090 -1 3530 520 2511 -1 2816 -1 6207 8890 5550 -1 9435 -1 3815 113 4625 6644 6123 -1
5365 -1 8528 -1 -1 -1 -1 -1 -1 -1 -1 -1 -1 -1 8227 -1 6853 -1 4390 -1 -1 -1 -1 -1 939 -1 -1 -1 -1 -1 -1 -1 -1 -1 -1 -1 375 -1 -1 -1 -1 -1 -1 -1 -1 -1 3826 -1 -1 -1 -1 -1 2861 -1 -1 -1 9395 -1 8225 -1 6525 -1 -1 -1 2610 -1 4715 -1 7666 -1 6380 -1 3958 -1 -1 -1 -1 -1 9153 -1 -1 -1 -1 -1 9788 -1 7427 -1 -1 -1 -1 -1 6448 -1 9456 -1 -1 -1 -1 -1
6021 -1 337 9470 8743 8537 5848 1778 2045 -1 7375 9741 5063 -1 5207 6382 8629 3266 9961 -1 5963 3858 5107 -1 4063 -1 9762 1510 7707 5342 1171 487 4771 5777 9796 9070 6877 1512 121 8026 3563 -1 253 5969 4498 7439 8236 -1 1255 9471 2100 -1 8165 -1 5229 7136 9363 -1 7888 -1 2232 -1 2722 1360 6392 -1 3091 -1 3936 -1 1069 -1 6409 1081 8330 480 2332 -1 3201 -1 3678 9929 3940 8016 940 -1 6880 6879 363 7660 3049 -1 2455 7834 5255 8028 5484 -1 4364 -1
729 -1 -1 -1 -1 -1 -1 -1 6203 -1 2926 -1 8574 -1 -1 -1 -1 -1 -1 -1 4285 -1 4032 -1 5564 -1 792 -1 -1 -1 -1 -1 -1 -1 -1 -1 -1 -1 -1 -1 -1 -1 4192 -1 2843 -1 -1 -1 8163 -1 4939 -1 2494 -1 5203 -1 -1 -1 3501 -1 8075 -1 8994 -1 -1 -1 1642 -1 7798 -1 7064 -1 -1 -1 -1 -1 6631 -1 -1 -1 7344 -1 -1 -1 -1 -1 -1 -1 -1 -1 2416 -1 -1 -1 -1 -1 6276 -1 5605 -1
2023 9705 1715 4668 7403 7131 9018 -1 3104 -1 8262 -1 8366 3387 9148 3721 9901 6208 3810 5823 3682 -1 1477 -1 8726 -1 2156 6204 7174 -1 5446 5423 378 5595 4092 -1 2536 1713 5359 6554 784 76 2139 -1 2014 -1 5431 8346 5245 -1 7159 8935 103 -1 1940 -1 8670 -1 5341 -1 1684 -1 6152 -1 5452 -1 5283 8872 8471 -1 5044 6540 6094 -1 5886 762 557 -1 8628 1875 8391 -1 7635 3549 6104 312 7704 4904 1373 -1 8353 8998 3217 -1 7925 9796 2632 -1 8886 -1
3552 -1 6494 -1 -1 -1 -1 -1 2275 -1 7866 -1 -1 -1 -1 -1 -1 -1 -1 -1 -1 -1 3036 -1 3341 -1 -1 -1 9144 -1 7651 -1 -1 -1 -1 -1 2766 -1 -1 -1 -1 -1 -1 -1 -1 -1 9942 -1 -1 -1 -1 -1 -1 -1 6079 -1 4039 -1 5347 -1 6126 -1 3737 -1 2914 -1 -1 -1 -1 -1 -1 -1 8869 -1 477 -1 -1 -1 4370 -1 -1 -1 5597 -1 8637 -1 -1 -1 -1 -1 -1 -1 1592 -1 5753 -1 -1 -1 6233 -1
8569 -1 3365 -1 3790 5539 3164 7428 226 -1 6422 -1 2058 3219 3168 6112 4240 842 5069 -1 3945 583 373 -1 4087 3455 2563 -1 6096 -1 4381 2330 5379 5606 7540 -1 4192 7835 9897 8257 8058 304 110 4880 8407 -1 5268 -1 519 1741 184 -1 4992 1388 8883 -1 1779 -1 3732 -1 9274 -1 1937 -1 9346 2861 5100 4548 3869 4506 3683 152 1131 -1 6305 -1 3753 3071 7729 1028 5531 -1 5750 -1 901 3168 1237 6967 2928 4050 4396 -1 1983 -1 5640 4293 6340 -1 3431 -1
2931 -1 -1 -1 3335 -1 -1 -1 -1 -1 683 -1 936 -1 -1 -1 -1 -1 4991 -1 5975 -1 -1 -1 -1 -1 -1 -1 2810 -1 9496 -1 -1 -1 2887 -1 -1 -1 -1 -1 -1 -1 -1 -1 6790 -1 6860 -1 -1 -1 9479 -1 2314 -1 -1 -1 4063 -1 444 -1 3326 -1 915 -1 2857 -1 -1 -1 -1 -1 -1 -1 -1 -1 8959 -1 5672 -1 -1 -1 4959 -1 3338 -1 -1 -1 -1 -1 3062 -1 2228 -1 4668 -1 -1 -1 458 -1 7624 -1
6352 -1 9139 8825 9499 -1 7802 5747 7246 8344 8328 -1 87 -1 9020 -1 7149 6369 80 -1 8682 2080 462 3242 9900 1165 6439 2629 4143 -1 2453 7233 2452 -1 5788 4459 718 -1 9549 8697 7986 6834 4008 9280 1370 -1 8318 5484 7132 5035 442 -1 8304 -1 6645 -1 3084 7223 1952 -1 1656 -1 4113 -1 8056 9977 6158 3970 9483 988 9040 -1 3036 4862 9821 -1 3660 -1 9014 4527 4128 -1 8022 -1 3965 7639 6501 873 2473 -1 7409 -1 3784 4132 1008 -1 1188 4412 8364 -1
2735 -1 3591 -1 -1 -1 2554 -1 -1 -1 -1 -1 7447 -1 9900 -1 155 -1 -1 -1 -1 -1 -1 -1 -1 -1 -1 -1 -1 -1 -1 -1 5160 -1 1589 -1 5538 -1 4134 -1 -1 -1 -1 -1 -1 -1 -1 -1 -1 -1 8697 -1 8229 -1 1108 -1 4147 -1 -1 -1 6661 -1 1687 -1 -1 -1 -1 -1 -1 -1 8999 -1 8086 -1 -1 -1 -1 -1 4865 -1 -1 -1 8750 -1 1760 -1 -1 -1 -1 -1 -1 -1 -1 -1 1816 -1 -1 -1 8732 -1
7654 6440 6243 -1 7774 -1 1758 -1 3610 7028 2176 4012 6211 -1 5150 -1 1284 3581 478 5082 1186 -1 2967 6985 8081 5481 7080 3568 4482 8625 171 896 6181 -1 6740 -1 1155 -1 484 3642 2247 -1 1332 5206 2312 8327 2105 8502 2705 -1 3185 -1 1038 -1 7484 -1 4850 6001 1532 -1 6671 -1 8189 8092 984 3234 4097 7275 683 7536 6835 -1 9536 -1 7986 8735 4460 8153 6761 -1 2240 1140 7261 -1 563 -1 559 2849 8438 730 2669 7733 2259 9559 8063 -1 4822 7022 3001 -1
4287 -1 -1 -1 5075 -1 1562 -1 6284 -1 9257 -1 -1 -1 5950 -1 -1 -1 -1 -1 5824 -1 -1 -1 -1 -1 2230 -1 -1 -1 -1 -1 -1 -1 3183 -1 5533 -1 -1 -1 8061 -1 5458 -1 6627 -1 -1 -1 -1 -1 8098 -1 7759 -1 9284 -1 6523 -1 -1 -1 6765 -1 -1 -1 -1 -1 -1 -1 -1 -1 -1 -1 3493 -1 2492 -1 -1 -1 -1 -1 7574 -1 -1 -1 3881 -1 1259 -1 -1 -1 -1 -1 -1 -1 -1 -1 5300 -1 -1 -1
2050 2327 4312 -1 6957 -1 4967 -1 3260 -1 1170 -1 3864 7445 858 2657 5970 455 3828 -1 8924 5334 6813 9705 3170 -1 6257 4504 1268 9732 5858 -1 640 3605 6406 -1 6381 -1 8690 -1 5649 9161 6478 -1 5385 6979 2042 9928 8559 1062 1867 -1 606 -1 4634 5653 708 -1 1063 9704 7044 -1 1162 8274 2452 7511 2717 2925 9257 8156 5960 -1 2718 -1 1367 4261 8122 -1 2833 4247 9290 7910 9126 -1 6201 -1 4528 9977 6536 -1 9931 9558 5753 5368 6659 -1 9824 4380 8158 -1
-1 -1 9232 -1 4293 -1 9075 -1 -1 -1 7287 -1 3127 -1 -1 -1 7564 -1 -1 -1 -1 -1 -1 -1 8756 -1 -1 -1 -1 -1 -1 -1 4930 -1 -1 -1 1207 -1 2202 -1 -1 -1 -1 -1 -1 -1 -1 -1 -1 -1 -1 -1 8077 -1 3640 -1 -1 -1 5101 -1 -1 -1 408 -1 -1 -1 -1 -1 -1 -1 7016 -1 8639 -1 -1 -1 5198 -1 869 -1 -1 -1 -1 -1 4939 -1 -1 -1 8364 -1 -1 -1 2320 -1 7130 -1 -1 -1 7657 -1
2966 -1 394 -1 8887 -1 1819 -1 9552 5575 2247 -1 6783 121 9324 -1 4094 6421 1867 6731 6415 9569 9957 -1 4405 -1 1702 2431 3347 -1 7262 4124 4870 -1 4627 -1 9139 -1 8313 141 1029 7483 498 3407 7838 5551 77 2514 8172 -1 9262 9395 6726 -1 4272 2440 2684 -1 5266 1363 2940 -1 3469 8969 1226 8036 7144 -1 5483 2927 6557 -1 9619 4056 3264 -1 5274 -1 8729 -1 9106 -1 9557 6548 2380 8124 11 -1 7132 1388 4967 -1 1148 -1 3536 3807 9014 8145 4889 -1
5993 -1 2830 -1 3605 -1 8907 -1 1868 -1 -1 -1 -1 -1 9595 -1 -1 -1 -1 -1 -1 -1 6277 -1 9919 -1 374 -1 4927 -1 8451 -1 -1 -1 8333 -1 3722 -1 7911 -1 -1 -1 -1 -1 -1 -1 2181 -1 4850 -1 1141 -1 -1 -1 -1 -1 -1 -1 -1 -1 1389 -1 -1 -1 -1 -1 7863 -1 3443 -1 -1 -1 -1 -1 2599 -1 7365 -1 3272 -1 1779 -1 3171 -1 -1 -1 3085 -1 -1 -1 5467 -1 5797 -1 -1 -1 -1 -1 -1 -1
9236 3634 8926 -1 5989 -1 3429 -1 2361 -1 1693 3933 1996 2620 7209 -1 4430 3208 1085 6332 8877 -1 1894 7289 483 -1 3770 -1 3983 -1 8650 -1 9970 4356 9420 -1 4313 -1 127 -1 2587 5848 3556 -1 6178 4234 1833 -1 6677 -1 4389 5495 1694 5628 9686 332 1918 173 7375 -1 5262 5137 1036 -1 4853 6838 2359 -1 2811 978 7666 23 8408 5845 1405 -1 2604 -1 9630 1689 92 -1 4624 7401 6422 -1 1163 -1 4696 4142 7006 -1 6527 6878 6965 -1 7927 3277 9683 -1
378 -1 -1 -1 9928 -1 2828 -1 6515 -1 2897 -1 -1 -1 -1 -1 -1 -1 7583 -1 7437 -1 -1 -1 -1 -1 6491 -1 486 -1 5333 -1 1686 -1 -1 -1 6329 -1 -1 -1 9116 -1 2170 -1 1036 -1 -1 -1 2690 -1 -1 -1 -1 -1 -1 -1 -1 -1 3870 -1 369 -1 -1 -1 6600 -1 -1 -1 -1 -1 -1 -1 -1 -1 -1 -1 869 -1 3993 -1 -1 -1 -1 -1 6224 -1 -1 -1 8991 -1 -1 -1 -1 -1 3461 -1 7159 -1 4443 -1
2022 -1 4527 6924 5880 -1 5801 -1 6422 -1 9258 -1 9965 8636 1581 -1 2905 4535 9826 -1 5683 7678 7981 9346 5587 -1 6951 -1 1113 7911 519 -1 7917 -1 5131 5407 3042 6146 5645 4970 7662 -1 9152 -1 1978 -1 3059 -1 4689 -1 4452 2438 518 4572 9311 6092 9969 -1 1454 -1 2773 -1 6892 8644 8045 -1 3369 6938 2382 719 8266 -1 8642 -1 5814 5235 1186 5290 5940 -1 6221 9411 9777 8367 7672 -1 3298 9695 6377 -1 8580 7637 323 2390 1045 -1 4555 -1 4852 -1
8184 -1 2460 -1 -1 -1 6595 -1 1933 -1 6011 -1 6369 -1 8810 -1 6668 -1 -1 -1 -1 -1 -1 -1 4932 -1 2516 -1 -1 -1 -1 -1 9052 -1 8531 -1 -1 -1 -1 -1 -1 -1 8707 -1 4894 -1 116 -1 4862 -1 -1 -1 4301 -1 -1 -1 -1 -1 1782 -1 4791 -1 2879 -1 -1 -1 1014 -1 -1 -1 156 -1 7511 -1 518 -1 -1 -1 -1 -1 733 -1 -1 -1 -1 -1 5305 -1 -1 -1 7111 -1 -1 -1 -1 -1 1618 -1 1373 -1
5113 -1 5854 -1 5252 9293 5637 -1 5661 -1 6781 1952 4543 -1 8637 -1 5660 3610 6799 6892 4827 -1 9251 3100 6144 -1 1658 3540 9308 7584 4176 -1 9639 407 2604 -1 3993 1474 428 6543 4874 -1 6496 305 9692 -1 4879 7372 2030 -1 4182 8625 7031 -1 5633 1171 5033 -1 5222 -1 9626 -1 7900 1545 4731 8053 793 -1 7801 636 9580 -1 7090 -1 8709 -1 7893 1342 6610 -1 5494 7892 2867 8364 618 -1 5839 -1 1334 5646 514 9903 925 -1 9082 4529 7750 -1 9735 -1
6585 -1 9595 -1 1378 -1 -1 -1 4159 -1 -1 -1 -1 -1 4115 -1 -1 -1 -1 -1 9534 -1 2340 -1 -1 -1 -1 -1 -1 -1 3790 -1 6934 -1 -1 -1 3165 -1 -1 -1 2299 -1 -1 -1 -1 -1 1166 -1 -1 -1 6166 -1 3291 -1 9157 -1 2518 -1 2422 -1 1841 -1 -1 -1 -1 -1 -1 -1 7339 -1 -1 -1 1908 -1 8256 -1 -1 -1 4600 -1 -1 -1 -1 -1 8506 -1 5774 -1 -1 -1 -1 -1 140 -1 3188 -1 -1 -1 3176 -1
7248 8061 5726 -1 5997 -1 2121 -1 1265 2553 6904 -1 7207 1916 382 8559 1714 8282 2769 -1 6123 -1 7835 9606 6282 5850 9528 -1 8398 3796 7995 -1 961 -1 164 3138 68 -1 9619 -1 5870 -1 1399 -1 9299 9067 4641 -1 1071 3261 7112 -1 7322 -1 6070 -1 4816 1541 9430 -1 775 8776 3397 9857 7426 -1 1436 7069 7873 -1 776 1240 1508 -1 8157 4680 5404 9384 8291 2626 2602 -1 4000 9451 9711 -1 1077 3106 6394 8906 8500 -1 3073 1493 5479 -1 6055 -1 3245 -1
-1 -1 60 -1 7088 -1 9691 -1 6530 -1 5583 -1 -1 -1 -1 -1 -1 -1 5924 -1 574 -1 -1 -1 -1 -1 4539 -1 3382 -1 -1 -1 -1 -1 7533 -1 -1 -1 8232 -1 1744 -1 2638 -1 6744 -1 -1 -1 4306 -1 -1 -1 -1 -1 6873 -1 -1 -1 -1 -1 4899 -1 -1 -1 -1 -1 1403 -1 -1 -1 3261 -1 -1 -1 -1 -1 6334 -1 -1 -1 -1 -1 5397 -1 6148 -1 -1 -1 -1 -1 3922 -1 -1 -1 -1 -1 5160 -1 3277 -1
4748 7504 6860 -1 4248 -1 1070 -1 1902 -1 4715 -1 3319 8838 966 3097 5998 -1 2045 9035 1319 -1 2434 3550 7489 -1 2636 -1 7410 -1 7338 5119 66 743 1407 2830 4949 -1 188 -1 2906 -1 2817 -1 1217 7730 2059 -1 8116 6560 6620 998 6436 -1 2553 -1 485 8698 8693 -1 5911 1868 9163 7154 2366 -1 3639 5729 7059 -1 2011 9612 2004 390 2535 -1 9605 -1 4085 541 3407 -1 5368 -1 9404 3952 3091 -1 7157 8535 7305 -1 1322 -1 9548 9692 2959 3364 648 -1
3446 -1 -1 -1 8097 -1 1335 -1 8151 -1 6841 -1 9739 -1 -1 -1 2385 -1 -1 -1 -1 -1 626 -1 8170 -1 4004 -1 1881 -1 4068 -1 -1 -1 -1 -1 4132 -1 193 -1 8626 -1 7693 -1 -1 -1 3111 -1 -1 -1 1449 -1 78 -1 7062 -1 6664 -1 -1 -1 4178 -1 -1 -1 6291 -1 -1 -1 465 -1 4192 -1 -1 -1 460 -1 8368 -1 6840 -1 5490 -1 182 -1 -1 -1 -1 -1 6648 -1 -1 -1 1444 -1 9023 -1 -1 -1 -1 -1
9240 4329 8681 -1 593 -1 3431 9072 9515 -1 6321 652 6156 2179 8461 -1 3956 5424 9291 -1 7421 9479 7882 -1 2054 -1 1338 -1 6919 7669 4682 -1 3680 7855 6634 -1 6561 5613 7344 -1 3292 -1 4973 2108 394 -1 7560 3117 555 -1 5337 -1 8785 -1 1156 -1 7809 -1 5461 7527 4186 -1 6417 -1 7141 -1 4362 9730 44 -1 9334 1668 7823 -1 2784 6546 8498 -1 8383 -1 189 -1 9425 -1 1429 9775 4800 -1 2043 -1 9687 5554 4415 -1 1370 -1 2907 647 6882 -1
-1 -1 1296 -1 9044 -1 -1 -1 -1 -1 -1 -1 -1 -1 1631 -1 -1 -1 9923 -1 4540 -1 -1 -1 3507 -1 8234 -1 887 -1 -1 -1 5999 -1 8551 -1 -1 -1 7495 -1 1019 -1 6532 -1 8068 -1 -1 -1 637 -1 -1 -1 3571 -1 4558 -1 9763 -1 7760 -1 -1 -1 7894 -1 9561 -1 7352 -1 -1 -1 -1 -1 -1 -1 -1 -1 -1 -1 5890 -1 8854 -1 9942 -1 1389 -1 5184 -1 3291 -1 776 -1 -1 -1 2337 -1 8732 -1 -1 -1
5060 -1 9700 -1 7716 1446 5654 3118 4287 853 8367 4868 7772 -1 124 2679 6196 -1 4431 1725 3145 8734 5034 -1 7411 -1 3617 -1 9899 2861 2707 -1 7257 -1 447 4035 9485 -1 695 -1 3563 -1 9118 -1 6706 5919 1804 -1 8783 -1 7598 1046 1934 -1 4329 -1 2884 3788 6123 3758 3927 7905 3545 -1 8480 -1 8696 2528 4801 -1 246 2975 5051 423 4748 1706 227 7715 6768 -1 5399 -1 8839 -1 6354 -1 6962 2890 7998 -1 4372 -1 6320 997 7031 -1 121 4529 9121 -1
5737 -1 5194 -1 -1 -1 -1 -1 -1 -1 -1 -1 1181 -1 -1 -1 2980 -1 -1 -1 -1 -1 -1 -1 6473 -1 7830 -1 -1 -1 5145 -1 8203 -1 -1 -1 9743 -1 -1 -1 4143 -1 -1 -1 1264 -1 -1 -1 4391 -1 4614 -1 -1 -1 5901 -1 -1 -1 -1 -1 -1 -1 9181 -1 4499 -1 -1 -1 5168 -1 7675 -1 -1 -1 -1 -1 -1 -1 -1 -1 9387 -1 367 -1 8514 -1 -1 -1 -1 -1 3871 -1 1249 -1 -1 -1 -1 -1 1485 -1
9443 5694 5215 -1 1878 176 9317 5794 9814 1912 9283 -1 6609 -1 1559 607 3470 -1 3636 2593 8629 -1 3433 8677 4815 -1 7614 8470 785 -1 475 -1 86 -1 8008 -1 4106 3115 8872 4097 7372 -1 7518 3625 7871 -1 6909 371 1819 -1 3687 2659 467 -1 4889 2353 1915 2376 4753 -1 7169 8399 278 -1 8243 9076 580 8827 8215 7621 6096 -1 3209 4735 448 7459 1680 3333 8354 -1 6381 2625 5715 -1 2242 1060 5490 -1 7961 -1 3504 9591 5106 -1 6729 6306 9143 4239 3904 -1
9429 -1 -1 -1 8085 -1 -1 -1 -1 -1 8424 -1 494 -1 -1 -1 1611 -1 6822 -1 4986 -1 8405 -1 -1 -1 -1 -1 6183 -1 3457 -1 6131 -1 8197 -1 -1 -1 -1 -1 -1 -1 8898 -1 -1 -1 8143 -1 -1 -1 5037 -1 8443 -1 -1 -1 -1 -1 8232 -1 941 -1 -1 -1 -1 -1 -1 -1 -1 -1 -1 -1 4380 -1 -1 -1 -1 -1 4502 -1 -1 -1 6150 -1 -1 -1 8754 -1 7163 -1 1412 -1 -1 -1 -1 -1 3009 -1 5312 -1
3507 1586 222 -1 2743 -1 4307 -1 7806 7949 9809 -1 4105 9574 1345 -1 5414 -1 1642 -1 1342 -1 6366 800 6713 -1 4703 983 6761 -1 6946 -1 4999 -1 6961 8765 9491 -1 9169 2064 8059 -1 373 8378 69 6632 1965 -1 7412 487 6545 -1 9251 1920 760 7877 6868 -1 7955 -1 931 -1 9974 7747 7823 8372 8198 2433 5772 3028 3537 3269 1918 -1 9423 -1 2236 1749 6738 -1 5832 8099 2588 -1 6311 -1 5922 -1 49 6269 417 3084 4925 8421 7402 9971 7506 -1 5285 -1
-1 -1 4875 -1 4006 -1 7237 -1 9964 -1 -1 -1 -1 -1 4470 -1 8488 -1 9743 -1 -1 -1 -1 -1 7443 -1 5631 -1 -1 -1 2299 -1 113 -1 2994 -1 2551 -1 -1 -1 5369 -1 2795 -1 -1 -1 -1 -1 -1 -1 -1 -1 4650 -1 -1 -1 4536 -1 5433 -1 -1 -1 5385 -1 -1 -1 -1 -1 -1 -1 -1 -1 -1 -1 2253 -1 1096 -1 -1 -1 -1 -1 3113 -1 1522 -1 1291 -1 -1 -1 -1 -1 -1 -1 -1 -1 -1 -1 -1 -1
8195 -1 6205 8364 5067 -1 1774 9299 8702 -1 8822 8070 680 -1 3008 -1 609 4234 9250 -1 5825 8900 9069 107 1141 -1 4886 3009 7008 -1 3693 -1 5340 -1 3019 -1 2160 6440 6284 -1 5303 -1 6667 9338 7935 -1 555 2351 8306 8542 3213 -1 7932 -1 4938 -1 7828 -1 5247 9475 1869 1069 1213 -1 324 6062 3820 7434 2766 4237 403 -1 1432 9909 2875 -1 175 1210 213 8251 7725 -1 7394 5976 1163 -1 7682 4908 1988 -1 6389 4088 5615 5765 652 9864 6997 3302 6752 -1
2751 -1 -1 -1 -1 -1 2435 -1 -1 -1 -1 -1 6879 -1 5490 -1 -1 -1 -1 -1 2211 -1 -1 -1 -1 -1 -1 -1 1724 -1 -1 -1 3174 -1 7801 -1 -1 -1 3453 -1 141 -1 -1 -1 3714 -1 7021 -1 -1 -1 4939 -1 9147 -1 9932 -1 4398 -1 -1 -1 -1 -1 -1 -1 -1 -1 -1 -1 6644 -1 9334 -1 -1 -1 7584 -1 -1 -1 -1 -1 1022 -1 -1 -1 -1 -1 3327 -1 1384 -1 8506 -1 -1 -1 -1 -1 -1 -1 2140 -1
8697 1366 827 4672 4852 -1 1139 -1 1393 4789 2266 9924 9205 -1 8823 9323 2097 -1 7166 9809 5375 -1 8522 4257 3333 -1 8774 -1 7326 6421 5608 8545 2365 -1 3192 -1 6862 6940 7526 2054 8027 5795 7179 -1 574 8848 42 -1 9866 -1 8375 5920 8474 -1 194 4926 5205 -1 4654 7856 4896 7019 3136 8400 3474 2615 9069 2995 1460 -1 7204 4977 6109 7244 9226 -1 4789 2787 773 -1 5292 5306 6382 4681 8914 -1 8332 -1 1540 9770 4338 -1 2946 2445 5643 -1 3647 9607 8444 -1
-1 -1 -1 -1 2897 -1 181 -1 2160 -1 -1 -1 9034 -1 -1 -1 797 -1 1039 -1 694 -1 7147 -1 1339 -1 6677 -1 -1 -1 -1 -1 -1 -1 3940 -1 -1 -1 -1 -1 -1 -1 2002 -1 -1 -1 -1 -1 3598 -1 -1 -1 -1 -1 6013 -1 -1 -1 6336 -1 -1 -1 -1 -1 -1 -1 -1 -1 -1 -1 -1 -1 -1 -1 1256 -1 7528 -1 -1 -1 -1 -1 -1 -1 9294 -1 8087 -1 -1 -1 -1 -1 -1 -1 5956 -1 4299 -1 8374 -1
6690 7381 9804 9737 8626 -1 1330 -1 95 -1 3993 1093 4580 6443 6638 -1 6828 -1 3914 -1 3144 -1 8982 -1 7519 -1 647 4016 4211 -1 7207 7934 6125 -1 1299 9107 48 1285 2787 -1 3058 7255 8167 9847 6947 9089 1238 -1 2024 3237 1653 8619 6297 -1 3111 -1 9391 4128 773 5061 155 2991 5421 -1 7015 5455 8432 6492 3642 -1 8095 5143 4444 9785 1558 9242 7753 -1 1786 2919 4800 8880 198 5485 9057 -1 8160 8265 2116 -1 8024 3797 6726 -1 5648 -1 2774 -1 1948 -1
3499 -1 9724 -1 -1 -1 3379 -1 9060 -1 -1 -1 6606 -1 -1 -1 5352 -1 648 -1 -1 -1 1109 -1 7563 -1 6903 -1 8533 -1 1265 -1 6396 -1 8306 -1 -1 -1 9289 -1 -1 -1 -1 -1 8710 -1 -1 -1 8049 -1 -1 -1 3414 -1 1674 -1 -1 -1 -1 -1 4080 -1 9264 -1 3922 -1 -1 -1 921 -1 9594 -1 -1 -1 -1 -1 -1 -1 9140 -1 -1 -1 -1 -1 -1 -1 -1 -1 989 -1 5065 -1 2026 -1 4055 -1 245 -1 -1 -1
3651 -1 4847 -1 1430 3998 4238 -1 371 799 1968 -1 8489 -1 8068 3399 5489 -1 2184 1488 4337 3764 422 -1 4184 -1 7658 -1 4463 6347 5805 -1 1382 233 2465 -1 717 -1 2989 2535 2862 2016 707 -1 5930 -1 3942 3465 9355 2590 7486 -1 3189 -1 7864 -1 5291 1314 1440 -1 923 -1 4193 -1 7386 -1 2524 -1 5824 -1 4976 -1 4907 501 8825 -1 4925 2019 2325 -1 1846 279 6264 585 9671 8866 2312 -1 8645 1953 9313 -1 3446 7774 6812 -1 2212 5023 5402 -1
7497 -1 9350 -1 8739 -1 -1 -1 8064 -1 1262 -1 8885 -1 3551 -1 -1 -1 -1 -1 -1 -1 -1 -1 3389 -1 -1 -1 -1 -1 -1 -1 8754 -1 -1 -1 43 -1 -1 -1 -1 -1 4232 -1 -1 -1 5355 -1 -1 -1 -1 -1 9911 -1 9938 -1 4296 -1 3001 -1 -1 -1 4106 -1 1267 -1 6982 -1 7636 -1 5444 -1 2571 -1 -1 -1 -1 -1 -1 -1 -1 -1 -1 -1 5951 -1 -1 -1 -1 -1 7446 -1 -1 -1 -1 -1 -1 -1 1498 -1
4013 -1 5721 -1 4362 -1 9229 -1 6294 -1 7792 -1 5604 -1 4 7853 7413 3589 2966 5626 1777 6074 6868 -1 2872 380 2124 2343 4046 7027 6949 -1 6313 5681 734 -1 8616 6930 2305 4573 2366 -1 7940 3437 186 2855 5631 -1 2690 8711 1919 4608 6169 -1 2479 1186 7545 -1 7592 2736 9954 -1 532 -1 8518 222 6412 -1 2899 -1 5354 -1 9677 9047 5205 1447 8049 2749 9592 9152 2966 831 7617 -1 7368 3090 1396 4617 5858 4168 6284 -1 4716 7905 6294 6645 7972 -1 2604 -1
4571 -1 -1 -1 6839 -1 9205 -1 6347 -1 195 -1 -1 -1 -1 -1 -1 -1 -1 -1 -1 -1 2214 -1 -1 -1 -1 -1 -1 -1 1386 -1 -1 -1 9624 -1 -1 -1 3189 -1 -1 -1 -1 -1 -1 -1 280 -1 6202 -1 -1 -1 -1 -1 -1 -1 -1 -1 -1 -1 1258 -1 3180 -1 -1 -1 -1 -1 6253 -1 1125 -1 5328 -1 4271 -1 -1 -1 -1 -1 -1 -1 9160 -1 5137 -1 -1 -1 -1 -1 -1 -1 2681 -1 -1 -1 816 -1 9408 -1
4861 -1 3683 233 469 -1 9783 2234 4474 -1 3612 2448 1632 375 6367 2370 7772 -1 8960 1533 1645 -1 3289 8921 4518 423 4425 462 4944 -1 985 3821 9368 -1 5699 2554 1476 9724 4137 -1 8401 5938 7140 5185 1451 -1 9148 -1 7973 -1 3621 5968 7928 5188 1532 630 9478 -1 9725 -1 6574 -1 2692 6338 9903 -1 5428 2359 4314 -1 330 -1 4 -1 86 -1 2139 6379 1720 8554 2776 -1 7789 -1 5379 8795 3998 656 2353 2546 6441 -1 2259 -1 9321 9135 3564 9527 5724 -1
2227 -1 8247 -1 -1 -1 7495 -1 -1 -1 -1 -1 3128 -1 -1 -1 1559 -1 -1 -1 9486 -1 -1 -1 -1 -1 -1 -1 8725 -1 -1 -1 6560 -1 -1 -1 -1 -1 5315 -1 5606 -1 -1 -1 4316 -1 842 -1 6619 -1 8432 -1 1691 -1 -1 -1 1810 -1 271 -1 5783 -1 -1 -1 5015 -1 8058 -1 7002 -1 8002 -1 -1 -1 8817 -1 8596 -1 7626 -1 -1 -1 9987 -1 -1 -1 -1 -1 -1 -1 1233 -1 7419 -1 -1 -1 -1 -1 1818 -1
4441 8388 4146 -1 2165 2755 618 9742 1864 7657 2006 -1 6594 -1 1711 -1 3521 -1 3318 526 1116 -1 9429 8183 1333 3641 3152 -1 6153 4818 4086 1867 9261 -1 8154 6745 3113 7468 5559 -1 9291 -1 5366 4788 4674 -1 6 -1 3200 8255 1410 -1 9563 -1 2432 -1 340 -1 5650 -1 1663 6211 3974 -1 6894 -1 1867 -1 6709 -1 6357 -1 7909 583 4913 -1 9419 -1 9741 1775 8368 4029 8606 5835 6951 -1 3730 1880 9548 -1 2463 -1 2712 -1 6990 2887 3022 -1 9748 -1
8732 -1 -1 -1 -1 -1 -1 -1 -1 -1 -1 -1 7801 -1 4273 -1 8958 -1 9839 -1 -1 -1 5156 -1 9280 -1 -1 -1 -1 -1 -1 -1 -1 -1 -1 -1 -1 -1 -1 -1 3197 -1 3238 -1 -1 -1 -1 -1 -1 -1 -1 -1 9782 -1 1756 -1 4719 -1 5333 -1 -1 -1 8105 -1 6451 -1 1784 -1 -1 -1 142 -1 8698 -1 -1 -1 -1 -1 -1 -1 -1 -1 -1 -1 5544 -1 4306 -1 5628 -1 1527 -1 6952 -1 9666 -1 7744 -1 5273 -1
7302 3793 2964 2051 8469 6238 8797 -1 5538 1726 4691 7436 2591 -1 8518 -1 505 -1 5318 8606 5474 5435 9492 -1 5242 8793 9434 1217 8996 9698 129 1699 7463 -1 237 6830 5941 8362 857 7701 1422 -1 7427 6528 4713 1013 9835 -1 9728 5274 7170 -1 2675 -1 6184 -1 616 2078 3104 6748 3036 -1 6483 -1 7401 -1 4532 2586 7763 -1 7581 -1 935 5985 4110 6563 5122 8172 6713 948 7598 5401 6362 -1 5339 -1 1885 -1 6748 -1 6141 -1 4394 2648 4219 -1 2733 -1 9531 -1
-1 -1 -1 -1 -1 -1 6452 -1 9293 -1 -1 -1 -1 -1 6418 -1 4307 -1 -1 -1 -1 -1 -1 -1 -1 -1 3833 -1 3167 -1 -1 -1 9401 -1 6363 -1 -1 -1 -1 -1 -1 -1 -1 -1 -1 -1 4820 -1 5306 -1 8092 -1 5877 -1 3507 -1 -1 -1 9964 -1 -1 -1 9929 -1 1726 -1 -1 -1 8065 -1 2305 -1 -1 -1 -1 -1 -1 -1 6886 -1 -1 -1 8244 -1 6872 -1 370 -1 4950 -1 9285 -1 -1 -1 -1 -1 240 -1 3712 -1
5963 8131 6116 7222 9280 -1 9678 -1 8233 -1 2523 3121 9503 -1 1060 7852 9833 -1 2085 6294 1610 3780 6192 2895 493 -1 5710 -1 2951 8333 8149 -1 6881 -1 8315 9591 1578 8799 3747 4324 9294 -1 1306 6502 320 -1 2872 9805 6171 -1 9521 2807 8956 -1 5116 4781 471 3226 3901 -1 4537 3718 7950 -1 7 -1 9002 8049 9772 -1 9105 8947 9472 436 3588 2121 2257 -1 5594 -1 9533 2073 8093 -1 493 9043 147 -1 704 -1 9387 4683 5523 -1 6828 5169 9463 -1 3466 -1
8847 -1 -1 -1 5841 -1 1184 -1 1199 -1 8172 -1 1055 -1 1116 -1 -1 -1 3954 -1 -1 -1 -1 -1 1390 -1 2514 -1 -1 -1 9662 -1 8928 -1 6405 -1 -1 -1 -1 -1 9696 -1 3694 -1 4585 -1 -1 -1 -1 -1 -1 -1 -1 -1 8293 -1 -1 -1 -1 -1 2439 -1 -1 -1 9147 -1 7805 -1 -1 -1 -1 -1 -1 -1 -1 -1 1416 -1 -1 -1 6729 -1 -1 -1 -1 -1 -1 -1 6818 -1 -1 -1 2942 -1 5928 -1 -1 -1 2724 -1
6199 9490 6125 -1 2276 -1 7195 -1 239 -1 6946 -1 4994 -1 417 4680 8753 -1 4447 9230 8398 -1 3531 -1 8221 -1 9946 764 180 -1 1388 -1 7121 -1 6302 -1 8375 4727 4954 5483 3370 -1 2952 -1 804 -1 1689 1407 6969 2162 1194 3542 1862 -1 1574 9457 4074 7217 723 -1 9321 -1 2896 3470 8530 -1 6453 4463 9472 1440 3479 7609 9204 6816 2065 -1 1360 7257 8830 -1 79 1543 2868 -1 3404 6751 439 -1 3460 6520 3128 -1 6682 -1 9857 -1 6433 -1 4399 -1
5840 -1 -1 -1 3958 -1 547 -1 5772 -1 1867 -1 1388 -1 -1 -1 8104 -1 -1 -1 7098 -1 2902 -1 8192 -1 -1 -1 -1 -1 1571 -1 230 -1 -1 -1 8228 -1 -1 -1 -1 -1 3066 -1 -1 -1 4282 -1 7639 -1 -1 -1 -1 -1 -1 -1 -1 -1 2423 -1 5625 -1 -1 -1 2128 -1 -1 -1 -1 -1 6391 -1 -1 -1 -1 -1 -1 -1 3635 -1 -1 -1 1601 -1 6726 -1 -1 -1 -1 -1 5582 -1 -1 -1 4523 -1 599 -1 9973 -1
2061 -1 475 3860 8683 -1 4423 1615 1709 -1 2402 -1 6250 -1 4667 6282 2822 -1 9714 3880 7885 -1 2859 -1 8261 5333 4091 -1 7921 518 8123 -1 4298 7613 2090 6170 906 -1 5483 6729 5824 -1 8024 7599 4485 1826 5292 -1 4445 396 9517 -1 23 3390 6418 9786 9126 -1 8686 -1 372 3103 8553 9970 7290 -1 9309 3716 5192 -1 9416 6804 1095 -1 5749 4103 7903 5514 3450 -1 3169 5429 4794 -1 8014 9241 3689 6237 4794 5162 5211 -1 7362 8464 7282 -1 7092 -1 1892 -1
4290 -1 877 -1 -1 -1 -1 -1 -1 -1 7864 -1 -1 -1 5292 -1 -1 -1 6014 -1 -1 -1 2371 -1 -1 -1 6204 -1 3825 -1 -1 -1 -1 -1 -1 -1 -1 -1 2678 -1 8640 -1 5312 -1 -1 -1 -1 -1 -1 -1 1198 -1 5346 -1 -1 -1 5650 -1 6932 -1 -1 -1 -1 -1 -1 -1 6947 -1 2831 -1 2969 -1 3870 -1 9458 -1 -1 -1 -1 -1 6235 -1 -1 -1 1081 -1 -1 -1 -1 -1 -1 -1 8989 -1 -1 -1 7670 -1 1841 -1
7579 -1 2933 2472 8997 -1 2731 9715 3107 -1 2730 5378 8440 -1 5666 -1 1128 2512 4051 -1 2568 2276 2854 9405 6443 -1 4929 -1 4794 -1 6998 -1 3558 6973 7351 6703 7171 4832 5655 -1 743 -1 9980 -1 2731 6301 5997 4708 8982 -1 3918 -1 9130 6567 3312 -1 2770 -1 2451 9415 8774 753 8629 -1 261 2777 3819 -1 1896 -1 5486 -1 231 -1 1228 -1 7705 2971 5406 -1 7214 9059 4796 -1 5325 -1 5753 6505 350 2331 5277 5447 7888 -1 4607 9634 2515 6437 350 -1
8230 -1 -1 -1 4219 -1 2069 -1 3300 -1 4103 -1 3437 -1 1721 -1 7353 -1 -1 -1 9288 -1 -1 -1 -1 -1 1336 -1 378 -1 8701 -1 247 -1 -1 -1 1637 -1 -1 -1 -1 -1 4537 -1 -1 -1 -1 -1 9857 -1 3836 -1 -1 -1 7494 -1 505 -1 -1 -1 -1 -1 9096 -1 -1 -1 7052 -1 8133 -1 -1 -1 807 -1 5235 -1 6539 -1 9436 -1 -1 -1 2627 -1 7598 -1 -1 -1 -1 -1 -1 -1 890 -1 3028 -1 -1 -1 -1 -1
1762 1372 8486 -1 4470 9054 9649 -1 4369 3300 2021 -1 2333 6124 7551 2032 310 -1 4390 7371 115 5649 9605 9833 364 54 2994 205 5451 -1 9555 3541 9344 642 3162 -1 5579 1469 8280 9525 2907 4822 7746 8389 9457 8380 1013 9955 1913 -1 7040 276 4505 2304 5151 -1 6968 7306 1732 5924 2402 4166 127 9775 4876 7188 342 -1 3023 4834 7251 4494 4267 -1 2829 8684 2908 -1 4338 3531 8890 5655 2043 -1 9795 8550 5624 3194 1051 5775 9722 7615 3615 -1 742 868 1209 8380 9920 -1
-1 -1 -1 -1 -1 -1 -1 -1 -1 -1 -1 -1 -1 -1 -1 -1 -1 -1 -1 -1 -1 -1 -1 -1 -1 -1 -1 -1 -1 -1 -1 -1 -1 -1 -1 -1 -1 -1 -1 -1 -1 -1 -1 -1 -1 -1 -1 -1 -1 -1 -1 -1 -1 -1 -1 -1 -1 -1 -1 -1 -1 -1 -1 -1 -1 -1 -1 -1 -1 -1 -1 -1 -1 -1 -1 -1 -1 -1 -1 -1 -1 -1 -1 -1 -1 -1 -1 -1 -1 -1 -1 -1 -1 -1 -1 -1 -1 -1 -1 -1
81 77
35 37
