949
598
284463
723425
259939
36845
767247
294787
182767
481974
984714
526651
701466
597010
58380
845517
50020
283295
878594
615632
294243
385060
609007
88263
380856
42565
944254
262310
17317
762707
908400
617216
163667
734749
670017
653675
351013
22440
839476
704146
777651
169685
700308
348569
617709
192281
23564
879159
845114
590194
85839
149325
358299
765557
45073
969489
640842
431696
556354
303521
393383
28307
135609
97784
910808
675531
225108
808233
341201
772455
414215
151126
935816
527511
388702
139824
789705
325967
804619
503361
66707
222425
955839
220249
921795
589134
487515
545613
730140
298019
478153
435958
834722
341861
995260
753016
818719
839250
253062
320627
994404
611027
41719
980615
661561
580196
348300
499146
912189
477054
427677
523331
573612
880979
290903
158657
184669
419439
940967
824867
523088
551656
773518
558709
799459
679656
650190
56276
321036
762405
991461
44968
963071
412599
949339
65566
525790
127643
880719
557682
492669
220379
33002
590756
32813
568488
212873
676130
797636
592480
139050
873653
433814
615897
453823
414067
668390
467630
722654
274021
361207
516714
950413
809607
289295
34452
229053
821246
922361
524945
590671
267440
385627
426729
702326
753519
270022
754193
205262
645958
240421
411917
94064
696587
464267
347762
457958
876861
231058
233484
863021
558553
481397
610583
506148
805656
266432
294050
186070
849958
761433
79319
297674
565395
338126
798643
928876
461502
472545
457863
110334
703718
387588
900138
787655
211401
635814
329360
261906
439799
853126
347247
390022
910522
43065
472329
378320
831710
613873
17212
173853
700034
427260
976814
168212
346299
657839
112216
699843
623584
646217
162967
134214
951084
127020
854133
778750
532849
966588
103107
213283
957243
474000
913119
771215
407429
139706
936754
375404
127890
491892
605526
536522
143860
580123
207828
569542
548027
318683
206111
863078
719610
292335
572324
536144
530475
898530
391249
708143
475420
18654
121493
341837
388262
319749
948563
244487
57749
793363
182900
892541
801729
105531
951836
763655
29233
869447
186248
652347
224516
115333
567821
298385
179536
493540
515969
36667
800926
790206
114395
952198
886380
158687
422758
726662
769163
721914
6056
89193
981405
753817
81738
816319
588365
808723
844757
258035
219488
915258
339878
907707
81225
142236
637136
840591
667876
260454
595407
899306
653787
266101
76431
103500
448183
912362
428516
722846
207212
720403
69574
630341
799779
341964
148380
627351
371244
217124
73739
625761
829486
566218
710297
938071
393389
474871
694304
114542
404140
876957
978287
111110
81118
385936
566850
661109
274906
783313
216562
98483
73159
68188
906993
129927
468562
555065
28859
987636
235739
273867
902695
718444
477809
482741
717968
43984
776929
30289
735550
599143
681634
683539
876648
483891
450219
652523
819349
782190
980376
28721
151021
732255
980163
179058
16148
406295
12946
898285
859119
870739
794178
657377
159687
426740
418059
751188
373180
972498
529969
653798
102605
868564
281588
655130
689370
588382
684384
523995
624835
850520
757691
172992
111581
560938
94115
75563
20046
473778
916980
424725
280782
426365
436827
838452
71854
193482
553391
273859
972378
6053
1232
38587
63987
273647
589400
978419
238134
567967
890943
663103
519686
180085
295536
506425
25363
530420
388732
483102
282877
410013
398344
879570
305781
943417
245773
919320
741723
835162
240027
441818
216852
446869
735572
138545
691437
98627
94003
234064
71394
596456
881800
912478
428490
62790
773340
119359
846853
467226
937272
102408
21727
187639
362704
162911
484204
208700
138961
622598
80075
964632
597309
283867
283139
91592
20865
545356
412751
833851
125152
923704
760902
49603
969373
378779
409027
937809
563714
891285
303422
156293
905422
819379
882298
847409
607814
482242
197557
322400
757450
629885
686227
613443
546431
855888
593194
212378
968146
993798
299416
169616
44668
793562
309215
576138
750529
466635
965658
143762
487339
825831
786548
376440
81063
316523
185786
289576
683300
374342
168954
912020
983719
992552
298214
436561
737784
570779
146317
13434
382214
897616
468040
744638
597165
735744
436780
614359
370685
617611
812634
625589
421037
908306
226857
966055
525886
277758
207797
195142
973949
665824
49700
866311
699301
933949
717416
126896
391859
238867
231851
974392
605553
497346
214134
619704
57798
234897
569126
23236
911261
819083
701713
732319
660790
248842
184876
365095
637979
312523
527598
512391
618699
46112
983016
855042
277476
726774
343354
538117
283495
496600
257175
370914
908284
800747
645194
81833
357412
843207
156182
644163
900530
817340
778480
50097
542410
484273
192572
448913
670641
865792
371353
229920
39706
366211
656342
282344
841715
995820
933763
743518
141977
326015
185733
831585
264844
762833
268174
482908
298259
671467
46869
745945
236976
631222
929756
966759
320186
219668
393651
181071
63691
468368
60106
192928
1857
759769
627493
223953
80253
208864
931210
322109
900615
872751
15286
554111
471223
548754
535637
323700
595010
412451
735379
374153
359004
758014
534459
396613
752821
734723
139876
731275
735716
222031
510471
192641
28131
37319
580508
449657
312393
603751
472541
560339
159956
61743
146523
399050
451954
344807
249825
123074
722201
795858
139676
985658
558336
551567
223492
876409
538054
968990
802292
649505
506691
975887
919390
94928
157555
581365
423041
149283
944030
975818
351630
420958
33380
302157
113567
867263
5701
753801
507958
726777
309273
52473
674594
437318
728557
774195
19597
348819
701833
547521
232327
566609
584747
275831
345131
608694
385584
831492
852968
506277
345442
958272
680545
180973
899017
113884
115227
956489
37563
644057
541023
671956
374508
231653
650568
519015
834438
214384
328993
937583
486621
10766
68312
133485
106710
309693
474294
245901
843252
48218
830269
492290
674188
286393
537943
887718
888903
227993
534787
779783
652651
307157
222640
140853
74374
839485
512241
360446
182659
266250
65402
113638
288649
253678
793783
780290
674838
171230
209588
63773
128833
80564
909395
352019
942547
8545
222108
148123
661923
710964
106531
984483
680570
276453
708307
634909
101260
82444
935403
243723
188919
53156
415282
879529
293298
943924
643377
405985
479975
685456
215475
537674
584969
79693
801222
640435
429134
639332
874991
270998
907002
384618
838453
654940
557635
515165
191063
3936
983053
926300
906037
793332
759251
565218
379478
413555
732378
398045
302974
545475
279597
984807
15342
894435
344294
247933
626421
919076
522411
650137
357794
867324
339799
477985
539821
256515
855983
356391
39435
40690
855508
872291
644093
287641
651395
36427
481070
157947
352982
320812
572173
288703
719907
315506
238363
742744
769443
886760
135839
92147
720353
395658
211573
710987
91834
935614
118687
215017
748835
921313
724893
843455
348932
171327
543901
63073
802393
924441
606828
110178
105135
213016
342607
95594
53361
749690
353648
413400
275655
104612
625418
22885
774034
769742
558278
372740
153995
355056
295696
277508
778282
895228
312257
723382
973276
701943
501297
5721
502829
591124
808297
858350
748705
731484
165191
225554
823331
222825
600211
462442
788935
946005
73106
754937
893696
529262
510856
256407
968153
586583
539903
653072
16604
382469
933041
836305
140320
699131
613864
964968
746853
861571
241184
706217
105894
117834
827808
220185
145333
9367
662456
851626
144044
207310
370204
132108
625938
265465
591000
642972
605650
50888
579075
228531
121739
872191
938930
547568
646283
797423
618645
538848
441831
889043
662763
322816
39313
360492
479739
469164
406072
230694
16013
772990
826461
517163
737199
829388
128699
185390
159457
571691
181478
336018
444782
900249
526036
372175
911563
632511
476465
689116
33777
322668
802887
356592
599748
252146
87463
175
943194
531794
340635
48649
963435
973701
382945
6098
50236
797370
101308
311881
271152
696761
738050
744661
584446
537514
275326
197452
719068
981058
754828
544670
966947
713936
135861
202802
818805
385533
105105
788523
594752
778451
782386
145096
208584
706212
978756
866211
726233
532277
694376
923357
851037
653399
147540
678083
77900
624702
685103
684068
432804
868204
927653
350126
479254
88341
143006
663543
112893
730078
244397
798748
751465
566416
905958
245502
810107
788422
739345
251559
717349
113266
808740
246122
751929
758740
763967
302997
656958
480350
29763
984891
780707
513331
479663
749266
188972
524606
546216
264326
371406
368135
566213
750573
994771
327099
489568
442562
165274
428468
328183
340156
898674
716519
491524
201226
696094
199129
364047
299015
866853
627982
351957
386755
976222
176015
892401
453395
221741
682215
11640
10018
829903
521882
950065
531215
437409
333298
164208
255175
346811
324916
691795
561723
505019
939691
592954
404591
495481
478879
164250
137385
515289
939716
939829
706967
943018
456816
892184
95096
732288
962320
638760
441219
345219
911582
730619
954155
571305
945494
31322
799257
857207
875261
130695
664491
126797
125505
291364
534780
217219
692966
590882
435718
441741
73472
784243
255971
739170
378447
741049
573672
337781
172820
399129
348609
905263
331984
109505
634262
349770
443988
182136
623529
238239
378374
571186
130933
837509
781881
682808
2138
917284
300322
541394
699734
324531
85853
114442
406787
122577
168375
48222
37377
302264
610142
921228
161211
177216
110071
711737
572080
323095
602654
979517
100153
407003
905125
455523
908900
910066
658808
788303
224160
887967
915594
715651
485936
572360
521660
955390
592494
665319
421035
649824
786383
369717
730684
252180
147888
333446
220638
331168
860688
518873
896148
150123
461323
718527
657885
959944
748728
307283
344706
98166
719205
869653
100412
866326
25624
779816
306506
368546
219513
139120
472698
983384
119215
786628
544651
992201
785687
886571
726608
28912
260213
23474
192847
139674
210190
151285
425508
837138
18972
569104
466844
804003
280230
833437
423924
24649
820913
522246
198034
607098
395469
90965
962963
616611
377441
193299
323798
151013
982438
659846
148253
57690
691230
860377
701904
188706
444405
780420
533721
525142
486675
387920
228567
480762
603593
373324
369551
367406
448513
630233
404874
879297
664239
565825
614783
800905
353760
755198
869291
310051
686164
77990
317922
755495
148944
794988
651510
672830
418237
685254
861672
671775
143834
781878
862749
389081
4499
4155
495096
582772
478353
762464
421183
923529
987234
815358
184653
869348
542900
951036
127720
298677
514363
33771
880939
241321
314673
922208
172553
406913
728709
591137
10839
343910
275044
59402
779966
790203
30203
351487
479890
772452
964249
466132
107033
650712
74756
102369
292522
244958
83836
396134
233747
899627
899757
207015
651152
230044
731202
802796
531376
509312
676689
611695
160425
377457
391057
129451
812785
458491
118035
365211
801465
92598
638595
852619
371318
838034
374969
1
1
1
1
1
1
1
1
1
1
1
1
1
1
1
1
1
1
1
1
1
1
1
1
1
1
1
1
1
1
1
1
1
1
1
1
1
1
1
1
1
1
1
1
1
1
1
1
1
1
1
1
1
1
1
1
1
1
1
1
1
1
1
1
1
1
1
1
1
1
1
1
1
1
1
1
1
1
1
1
1
1
1
1
1
1
1
1
1
1
1
1
1
1
1
1
1
1
1
1
1
1
1
1
1
1
1
1
1
1
1
1
1
1
1
1
1
1
1
1
1
1
1
1
1
1
1
1
1
1
1
1
1
1
1
1
1
1
1
1
1
1
1
1
1
1
1
1
1
1
1
1
1
1
1
1
1
1
1
1
1
1
1
1
1
1
1
1
1
1
1
1
1
1
1
1
1
1
1
1
1
1
1
1
1
1
1
1
1
1
1
1
1
1
1
1
1
1
1
1
1
1
1
1
1
1
1
1
1
1
1
1
1
1
1
1
1
1
1
1
1
1
1
1
1
1
1
1
1
1
1
1
1
1
1
1
1
1
1
1
1
1
1
1
1
1
1
1
1
1
1
1
1
1
1
1
1
1
1
1
1
1
1
1
1
1
1
1
1
1
1
1
1
1
1
1
1
1
1
1
1
1
1
1
1
1
1
1
1
1
1
1
1
1
1
1
1
1
1
1
1
1
1
1
1
1
1
1
1
1
1
1
1
1
1
1
1
1
1
1
1
1
1
1
1
1
1
1
1
1
1
1
1
1
1
1
1
1
1
1
1
1
1
1
1
1
1
1
1
1
1
1
1
1
1
1
1
1
1
1
1
1
1
1
1
1
1
1
1
1
1
1
1
1
1
1
1
1
1
1
1
1
1
1
1
1
1
1
1
1
1
1
1
1
1
1
1
1
1
1
1
1
1
1
1
1
1
1
1
1
1
1
1
1
1
1
1
1
1
1
1
1
1
1
1
1
1
1
1
1
1
1
1
1
1
1
1
1
1
1
1
1
1
1
1
1
1
1
1
1
1
1
1
1
1
1
1
1
1
1
1
1
1
1
1
1
1
1
1
1
1
1
1
1
1
1
1
1
1
1
1
1
1
1
1
1
1
1
1
1
1
1
1
1
1
1
1
1
1
1
1
1
1
1
1
1
1
1
1
1
1
1
1
1
1
1
1
1
1
1
1
1
1
1
1
1
1
1
1
1
1
1
1
1
1
1
1
1
1
1
1
1
1
1
1
1
1
1
1
1
1
1
1
1
1
1
1
1
1
1
1
1
1
1
1
1
1
1
1
1
1
1
1
1
1
1
1
1
1
1
1
1
1
1
1
1
1
1
1
1
1
1
1
1
1
1
1
1
