328
314
316480
122647
643530
894208
934780
606362
661609
406402
580376
191166
377871
334079
39093
654092
264506
75621
822616
229048
215675
528792
21892
688138
977301
378713
366752
377211
204813
411849
62053
431871
366386
673782
307981
148524
467109
837219
635228
788302
728691
733466
431119
150484
689792
981708
305233
492888
628191
782618
186388
956817
472228
839016
242340
117024
707105
682653
388615
171086
217938
106497
59730
339902
197205
934474
531184
22278
461145
349344
828509
342914
568988
955720
126148
694132
347415
777560
28791
381484
22599
781537
494549
49851
609237
448940
306677
676300
634678
330351
871834
947907
242376
76824
297374
290910
300670
143398
665926
490337
518489
914879
151859
5122
363879
659482
557802
727755
866241
119995
533983
171794
634293
10890
31674
439997
333931
192893
133787
969928
635798
410579
430139
248949
515555
15786
899734
4203
224337
220672
558875
999938
280139
50623
173623
979112
634352
877787
920164
521170
578906
834123
12838
999094
205365
983641
385298
276580
278345
953052
204873
124086
887114
110083
773061
418914
595132
366650
911354
844390
254284
254912
576839
48224
310856
969348
883281
443630
328553
284604
505731
920679
851000
182419
760211
239836
859689
722326
609066
855530
661528
966957
794304
565273
66941
369232
707713
189902
339190
545476
205862
2746
41072
457420
612148
205061
663184
745059
381208
497377
397471
258607
901887
729938
711583
69409
680220
327767
331014
241558
101752
618459
148291
826624
297923
962031
380819
33293
345178
564211
501156
198235
667203
718799
126352
27267
303308
505885
963809
873107
301813
442154
117953
687695
312417
604093
114122
985275
538422
508783
5711
454988
293548
13484
149896
394792
966086
410728
348237
24722
594734
940330
663133
379900
516803
127543
306908
566969
528473
521118
261348
198805
973981
343739
757844
152281
132586
606144
147895
40955
623491
738467
423809
187930
918200
569576
198201
673422
630447
930080
754124
902371
806618
127850
886247
796823
769532
677187
35538
654508
942536
855956
845111
554005
544633
126328
492829
851831
981034
871936
557788
651157
580820
801788
371579
515924
534111
935039
648868
158350
7501
518907
665972
125620
240401
999799
512924
791203
883372
421305
252660
908322
37084
683485
773130
216064
193263
859810
260362
354957
640707
190480
574931
478351
307895
295958
596011
465786
545039
822902
646121
716201
279554
481135
531254
746410
667828
447693
754318
64575
253847
590527
681727
573615
495772
458298
301324
196647
274589
173303
118497
144518
351433
883163
447752
315237
10407
4748
877449
763510
667722
157900
690093
802686
509539
839705
169028
605909
946390
683403
89946
113004
578043
906261
75965
922878
751224
41649
216084
228058
180361
42061
531878
580040
49411
986333
262117
216454
769843
360303
142081
116859
804662
74070
534232
799068
990686
410008
126575
637955
580771
842925
749547
640197
362599
782669
694529
641224
393481
474589
367036
779119
320806
523859
929627
592884
753187
790013
415933
425416
707748
290631
32905
708496
909110
659690
812058
841290
874200
340190
618530
949617
142160
5735
937284
744096
282381
98994
379132
774881
842397
963738
401776
888225
291249
287279
106199
233270
434630
754246
582767
801768
150616
895434
313612
827893
593681
350035
932916
947166
805574
326886
584455
917170
711823
987545
949142
932992
317550
752474
112499
947227
116457
207946
404130
489742
919007
532944
166449
132556
43626
791083
4441
470386
334217
747692
182955
578763
419776
47858
121073
268168
397022
357324
103693
761421
676994
992642
905334
703240
97389
10105
620172
225371
996948
885474
432896
196839
237744
575852
287488
762495
430894
779059
120836
161556
127976
298940
980303
13300
910278
535607
1832
546282
489635
34410
937532
984046
305755
326434
19378
924549
120261
85067
714321
733466
678708
93433
605714
525388
44201
121965
961746
650223
723962
721646
170860
308441
521141
33311
684826
865158
730889
932284
714563
123253
613634
786050
725674
407567
48235
590424
582166
998325
742692
183873
579888
646033
80513
69812
418925
187106
630768
619970
464847
21012
771424
745279
600605
308937
943873
6666
435157
684502
353806
153131
449875
119291
941745
262625
782835
784015
69538
730184
908663
235391
201904
278781
751344
793958
365574
578425
826005
414266
438136
825317
366690
499196
228201
169970
395971
272857
451667
837698
491213
359078
2050
666187
667753
699736
201833
11900
666448
656071
211508
24271
351347
504400
871797
220625
848967
886260
722670
469868
1
1
1
1
1
1
1
1
1
1
1
1
1
1
1
1
1
1
1
1
1
1
1
1
1
1
1
1
1
1
1
1
1
1
1
1
1
1
1
1
1
1
1
1
1
1
1
1
1
1
1
1
1
1
1
1
1
1
1
1
1
1
1
1
1
1
1
1
1
1
1
1
1
1
1
1
1
1
1
1
1
1
1
1
1
1
1
1
1
1
1
1
1
1
1
1
1
1
1
1
1
1
1
1
1
1
1
1
1
1
1
1
1
1
1
1
1
1
1
1
1
1
1
1
1
1
1
1
1
1
1
1
1
1
1
1
1
1
1
1
1
1
1
1
1
1
1
1
1
1
1
1
1
1
1
1
1
1
1
1
1
1
1
1
1
1
1
1
1
1
1
1
1
1
1
1
1
1
1
1
1
1
1
1
1
1
1
1
1
1
1
1
1
1
1
1
1
1
1
1
1
1
1
1
1
1
1
1
1
1
1
1
1
1
1
1
1
1
1
1
1
1
1
1
1
1
1
1
1
1
1
1
1
1
1
1
1
1
1
1
1
1
1
1
1
1
1
1
1
1
1
1
1
1
1
1
1
1
1
1
1
1
1
1
1
1
1
1
1
1
1
1
1
1
1
1
1
1
1
1
1
1
1
1
1
1
1
1
1
1
1
1
1
1
1
1
1
1
1
1
1
1
1
1
1
1
1
1
1
1
1
1
1
1
