28 6 734627580
9001 5337 184 3168 4023 34
4446 6946 3277 5171 5058 5400
365 5014 4525 9420 1717 6052
8563 2928 743 659 771 972
7768 8578 6256 453 2501 9517
8011 3172 7215 9101 1375 1101
3120 5355 880 7181 1008 2801
8178 7077 5968 8927 213 5030
925 2798 7041 6545 8884 9522
8470 5924 5616 3441 4378 4063
8225 7401 7550 7773 3532 795
3910 6835 5798 4198 6043 9983
3111 4849 3498 3196 8205 5791
5034 4206 8381 9141 6928 6559
7249 563 1884 3215 2981 736
1428 8435 7614 6595 8490 1719
6130 4200 9213 1454 4853 4873
2006 738 4670 5733 945 4550
1456 1788 7921 1592 7201 3850
9508 8084 6074 7274 6679 9709
8052 179 2149 7018 3072 7228
4224 8455 1445 9224 884 5028
6393 9863 5819 8135 7804 8379
853 1677 9700 2306 839 5149
9138 9357 8148 8359 9571 4444
149 9595 5802 2256 8779 4131
2634 1367 6955 1988 8197 6147
2467 652 6031 4444 3785 8207
21 1
26 6
