97 97 776908013
904 9001 5337 184 3168 4023 34 4446 6946 3277 5171 5058 5400 365 5014 4525 9420 1717 6052 8563 2928 743 659 771 972 7768 8578 6256 453 2501 9517 8011 3172 7215 9101 1375 1101 3120 5355 880 7181 1008 2801 8178 7077 5968 8927 213 10000 5030 925 2798 7041 6545 8884 9522 8470 5924 5616 3441 4378 4063 8225 7401 7550 7773 3532 795 3910 6835 5798 4198 6043 9983 3111 4849 3498 3196 8205 5791 5034 4206 8381 9141 6928 6559 7249 563 1884 3215 2981 736 1428 8435 7614 6595 8490
-1 -1 -1 -1 -1 -1 -1 -1 -1 -1 -1 -1 -1 -1 -1 -1 -1 -1 -1 -1 -1 -1 -1 -1 -1 -1 -1 -1 -1 -1 -1 -1 -1 -1 -1 -1 -1 -1 -1 -1 -1 -1 -1 -1 -1 -1 -1 1719 10000 6130 -1 -1 -1 -1 -1 -1 -1 -1 -1 -1 -1 -1 -1 -1 -1 -1 -1 -1 -1 -1 -1 -1 -1 -1 -1 -1 -1 -1 -1 -1 -1 -1 -1 -1 -1 -1 -1 -1 -1 -1 -1 -1 -1 -1 -1 -1 -1
4200 9213 1454 4853 4873 2006 738 4670 5733 945 4550 1456 1788 7921 1592 7201 3850 9508 8084 6074 7274 6679 9709 8052 179 2149 7018 3072 7228 4224 8455 1445 9224 884 5028 6393 9863 5819 8135 7804 8379 853 1677 9700 2306 839 5149 9138 10000 9357 8148 8359 9571 4444 149 9595 5802 2256 8779 4131 2634 1367 6955 1988 8197 6147 2467 652 6031 4444 3785 8207 711 4978 4157 4122 9834 8847 5484 9064 9639 4427 4469 4595 7720 4212 6617 3756 1760 2831 9434 895 156 7580 2200 1914 7503
5031 -1 -1 -1 -1 -1 -1 -1 -1 -1 -1 -1 -1 -1 -1 -1 -1 -1 -1 -1 -1 -1 -1 -1 -1 -1 -1 -1 -1 -1 -1 -1 -1 -1 -1 -1 -1 -1 -1 -1 -1 -1 -1 -1 -1 -1 -1 -1 10000 -1 -1 -1 -1 -1 -1 -1 -1 -1 -1 -1 -1 -1 -1 -1 -1 -1 -1 -1 -1 -1 -1 -1 -1 -1 -1 -1 -1 -1 -1 -1 -1 -1 -1 -1 -1 -1 -1 -1 -1 -1 -1 -1 -1 -1 -1 -1 2628
4830 6926 2997 7207 2204 9915 4635 5513 4325 3445 7861 8567 2231 4080 6497 2753 3777 9304 9473 6223 1671 3232 6595 4356 3287 3120 8571 6618 7227 7700 6476 7272 9807 6334 8720 6355 3877 5862 4247 6161 9161 8607 2832 7973 2967 8837 3791 9558 10000 6621 4771 4010 9830 3216 9521 290 7309 9848 5797 5305 4703 2648 4791 9217 4203 5051 7918 5290 3202 2743 6392 4743 9428 300 6595 5999 895 8873 5243 9574 5747 3250 502 9706 9520 6223 8771 8391 6610 5993 7908 2827 6337 120 9097 5853 2940
-1 -1 -1 -1 -1 -1 -1 -1 -1 -1 -1 -1 -1 -1 -1 -1 -1 -1 -1 -1 -1 -1 -1 -1 -1 -1 -1 -1 -1 -1 -1 -1 -1 -1 -1 -1 -1 -1 -1 -1 -1 -1 -1 -1 -1 -1 -1 9062 10000 2234 -1 -1 -1 -1 -1 -1 -1 -1 -1 -1 -1 -1 -1 -1 -1 -1 -1 -1 -1 -1 -1 -1 -1 -1 -1 -1 -1 -1 -1 -1 -1 -1 -1 -1 -1 -1 -1 -1 -1 -1 -1 -1 -1 -1 -1 -1 -1
6602 6656 5888 7442 9749 2949 8575 5822 4744 1708 5839 576 5652 1786 8701 4870 2220 6436 3962 9085 7972 5732 13 7876 461 8877 8118 8714 434 9914 2299 6241 2898 8743 5394 9077 1693 5551 9523 7109 6535 8545 4896 4453 1971 726 5347 6051 10000 2204 8406 1284 2948 7226 6316 5531 3525 8833 2630 7888 3049 3515 432 4437 3509 8775 1943 8866 3913 3470 2173 4228 6323 467 7897 262 8076 1503 7834 1240 9131 9515 8072 2605 4558 8904 5335 8208 1714 7610 5256 17 5540 8806 6713 9648 1160
1665 -1 -1 -1 -1 -1 -1 -1 -1 -1 -1 -1 -1 -1 -1 -1 -1 -1 -1 -1 -1 -1 -1 -1 -1 -1 -1 -1 -1 -1 -1 -1 -1 -1 -1 -1 -1 -1 -1 -1 -1 -1 -1 -1 -1 -1 -1 -1 10000 -1 -1 -1 -1 -1 -1 -1 -1 -1 -1 -1 -1 -1 -1 -1 -1 -1 -1 -1 -1 -1 -1 -1 -1 -1 -1 -1 -1 -1 -1 -1 -1 -1 -1 -1 -1 -1 -1 -1 -1 -1 -1 -1 -1 -1 -1 -1 6950
573 5040 1875 6163 4792 819 2576 328 7018 7869 2715 9174 2513 6542 5473 378 5271 9526 7458 5946 2676 3892 9555 3266 1963 5834 4620 6226 5223 8223 1172 9612 3743 3033 8829 6861 1340 6843 5339 3449 8435 5841 6302 704 5277 9036 6758 9496 10000 1273 4747 7945 9800 6179 2113 4555 1679 1417 2188 2995 6384 8877 7049 4499 3989 4330 543 1343 2378 8367 592 5050 5263 623 4533 7476 565 9085 6867 4009 4533 8148 9640 142 5976 2212 3553 5327 2099 6970 4020 3012 429 3729 9747 6425 376
-1 -1 -1 -1 -1 -1 -1 -1 -1 -1 -1 -1 -1 -1 -1 -1 -1 -1 -1 -1 -1 -1 -1 -1 -1 -1 -1 -1 -1 -1 -1 -1 -1 -1 -1 -1 -1 -1 -1 -1 -1 -1 -1 -1 -1 -1 -1 4568 10000 1331 -1 -1 -1 -1 -1 -1 -1 -1 -1 -1 -1 -1 -1 -1 -1 -1 -1 -1 -1 -1 -1 -1 -1 -1 -1 -1 -1 -1 -1 -1 -1 -1 -1 -1 -1 -1 -1 -1 -1 -1 -1 -1 -1 -1 -1 -1 -1
3423 8413 3645 7185 6107 8661 3557 2349 1966 4975 4277 7518 7451 1526 4184 9076 4165 9657 292 2848 7223 7443 5550 7396 3023 1104 6159 8022 5538 3581 1827 1108 6000 6711 1327 2456 6023 2268 2120 4835 6745 6437 1746 1125 7138 519 99 6766 10000 912 891 9873 9219 96 3960 9049 5672 4492 6598 5616 4528 1628 1728 9686 3111 6061 6727 4985 1675 848 2600 5703 1999 4071 2878 321 8815 5304 1422 1284 4385 5182 8342 6774 8477 9932 6164 3301 8527 6611 43 4651 8652 2535 7303 9390 9132
3319 -1 -1 -1 -1 -1 -1 -1 -1 -1 -1 -1 -1 -1 -1 -1 -1 -1 -1 -1 -1 -1 -1 -1 -1 -1 -1 -1 -1 -1 -1 -1 -1 -1 -1 -1 -1 -1 -1 -1 -1 -1 -1 -1 -1 -1 -1 -1 10000 -1 -1 -1 -1 -1 -1 -1 -1 -1 -1 -1 -1 -1 -1 -1 -1 -1 -1 -1 -1 -1 -1 -1 -1 -1 -1 -1 -1 -1 -1 -1 -1 -1 -1 -1 -1 -1 -1 -1 -1 -1 -1 -1 -1 -1 -1 -1 3411
5172 7011 9775 4870 4486 6630 7436 1295 6445 5305 3092 5721 4956 249 5152 3006 5206 5667 945 2557 510 2107 9179 1708 9651 861 3523 8883 5613 5943 6797 9793 9910 6890 5484 4104 6711 1393 6596 6099 8384 6598 9050 4448 7663 889 2447 7941 10000 7646 9529 8422 2569 9173 6632 1274 2289 6938 5542 4346 852 6602 4495 9632 6672 1313 8333 8288 2378 9404 274 5168 9712 9249 9039 4189 7395 3171 5522 516 828 6079 9566 8278 7274 7879 2570 7840 9210 970 5173 82 5777 2418 6116 8861 4799
-1 -1 -1 -1 -1 -1 -1 -1 -1 -1 -1 -1 -1 -1 -1 -1 -1 -1 -1 -1 -1 -1 -1 -1 -1 -1 -1 -1 -1 -1 -1 -1 -1 -1 -1 -1 -1 -1 -1 -1 -1 -1 -1 -1 -1 -1 -1 5473 10000 17 -1 -1 -1 -1 -1 -1 -1 -1 -1 -1 -1 -1 -1 -1 -1 -1 -1 -1 -1 -1 -1 -1 -1 -1 -1 -1 -1 -1 -1 -1 -1 -1 -1 -1 -1 -1 -1 -1 -1 -1 -1 -1 -1 -1 -1 -1 -1
5222 456 3371 374 7474 5283 1486 3915 3274 3987 5663 2514 1754 6031 2947 4434 6893 4486 7149 7202 4314 6434 9804 9967 1856 865 3876 3641 1927 4309 4226 9384 9350 2453 5242 5869 8972 2809 2275 6692 54 7263 2272 8473 5011 7803 1065 8153 10000 9517 952 2427 9049 8716 8204 2868 6022 2334 580 451 8199 8522 1800 3099 1618 6367 3242 3094 8685 311 2941 123 5199 4728 2163 6868 321 9202 7306 8477 7682 3644 3238 429 3285 4680 1885 4316 5152 39 6994 4637 8362 6168 6100 3043 5803
6000 -1 -1 -1 -1 -1 -1 -1 -1 -1 -1 -1 -1 -1 -1 -1 -1 -1 -1 -1 -1 -1 -1 -1 -1 -1 -1 -1 -1 -1 -1 -1 -1 -1 -1 -1 -1 -1 -1 -1 -1 -1 -1 -1 -1 -1 -1 -1 10000 -1 -1 -1 -1 -1 -1 -1 -1 -1 -1 -1 -1 -1 -1 -1 -1 -1 -1 -1 -1 -1 -1 -1 -1 -1 -1 -1 -1 -1 -1 -1 -1 -1 -1 -1 -1 -1 -1 -1 -1 -1 -1 -1 -1 -1 -1 -1 9065
3808 179 5234 1050 6045 8609 7257 2205 7889 4594 4415 8401 5752 3149 4781 1144 7357 6486 6776 7223 3031 5873 9197 9069 5672 8853 1977 9504 793 3700 5012 7813 1912 2752 3918 1971 5819 7036 3298 9644 9310 3564 6489 2155 1260 1278 8700 9403 10000 3594 5603 8556 3825 8374 1666 4831 7016 3800 1888 809 4198 3258 489 7506 7352 9533 7746 2952 9584 1663 788 2048 2348 1156 4764 2873 8369 9458 7496 1624 5029 7627 9922 4650 3660 3236 9221 6915 899 9059 3458 5187 4474 9342 6268 5739 6926
-1 -1 -1 -1 -1 -1 -1 -1 -1 -1 -1 -1 -1 -1 -1 -1 -1 -1 -1 -1 -1 -1 -1 -1 -1 -1 -1 -1 -1 -1 -1 -1 -1 -1 -1 -1 -1 -1 -1 -1 -1 -1 -1 -1 -1 -1 -1 2900 10000 958 -1 -1 -1 -1 -1 -1 -1 -1 -1 -1 -1 -1 -1 -1 -1 -1 -1 -1 -1 -1 -1 -1 -1 -1 -1 -1 -1 -1 -1 -1 -1 -1 -1 -1 -1 -1 -1 -1 -1 -1 -1 -1 -1 -1 -1 -1 -1
2492 6515 3839 8974 35 2446 5984 7018 847 4573 933 3335 6192 3450 3517 3212 6388 9801 628 2203 9114 4085 2341 2356 7777 4937 5678 463 1704 6659 4062 7568 485 1063 244 7363 1751 643 5894 197 7084 1892 3914 9054 5034 56 5351 3781 10000 6522 7010 3873 2596 2672 5308 9095 2642 3288 4229 2064 7079 1626 2233 3202 4535 6032 9998 698 9086 5866 8891 6405 8114 592 6693 3259 2222 3817 7019 4522 8062 9107 5806 8561 9462 2725 3041 2545 7190 2603 2681 6966 8033 1611 8906 576 6561
7214 -1 -1 -1 -1 -1 -1 -1 -1 -1 -1 -1 -1 -1 -1 -1 -1 -1 -1 -1 -1 -1 -1 -1 -1 -1 -1 -1 -1 -1 -1 -1 -1 -1 -1 -1 -1 -1 -1 -1 -1 -1 -1 -1 -1 -1 -1 -1 10000 -1 -1 -1 -1 -1 -1 -1 -1 -1 -1 -1 -1 -1 -1 -1 -1 -1 -1 -1 -1 -1 -1 -1 -1 -1 -1 -1 -1 -1 -1 -1 -1 -1 -1 -1 -1 -1 -1 -1 -1 -1 -1 -1 -1 -1 -1 -1 3031
9108 6387 8091 6440 4168 7621 7450 3146 9292 2532 41 9247 2541 9339 6721 7768 9287 6836 5495 8867 2798 7328 3614 1138 1545 3239 835 9838 4611 1372 6208 4481 5120 9509 6687 1387 4182 8453 7540 7647 9226 4864 5299 1665 8544 3437 8524 2534 10000 6401 4910 420 8511 2886 3718 1746 1539 2121 1100 3794 9678 2871 4554 5416 1385 1803 5572 8810 2645 3483 400 9065 9567 7557 5647 8314 5238 6195 8232 24 5796 4007 894 3498 4074 7679 221 7455 7193 5 6471 1647 9830 1248 756 2706 6397
-1 -1 -1 -1 -1 -1 -1 -1 -1 -1 -1 -1 -1 -1 -1 -1 -1 -1 -1 -1 -1 -1 -1 -1 -1 -1 -1 -1 -1 -1 -1 -1 -1 -1 -1 -1 -1 -1 -1 -1 -1 -1 -1 -1 -1 -1 -1 1399 10000 33 -1 -1 -1 -1 -1 -1 -1 -1 -1 -1 -1 -1 -1 -1 -1 -1 -1 -1 -1 -1 -1 -1 -1 -1 -1 -1 -1 -1 -1 -1 -1 -1 -1 -1 -1 -1 -1 -1 -1 -1 -1 -1 -1 -1 -1 -1 -1
166 1541 2802 1162 9681 2490 7629 1485 7429 7679 6988 5481 2309 3581 1531 8295 9324 9030 8795 1196 6106 1615 5319 4005 8576 9371 8234 8826 862 3861 2644 2781 3199 8321 3689 2919 5772 5290 8937 7372 7521 2343 7647 9143 8086 4180 6923 9895 10000 4506 4990 4422 7823 4190 5085 9346 7622 2829 729 297 7729 6166 9795 3187 267 3547 5920 4681 1090 5795 1232 4802 2758 3664 2075 5875 5560 5357 603 7520 1035 8373 7820 8155 6330 913 1961 6697 8577 8898 2031 4480 5808 560 7017 5737 3073
8175 -1 -1 -1 -1 -1 -1 -1 -1 -1 -1 -1 -1 -1 -1 -1 -1 -1 -1 -1 -1 -1 -1 -1 -1 -1 -1 -1 -1 -1 -1 -1 -1 -1 -1 -1 -1 -1 -1 -1 -1 -1 -1 -1 -1 -1 -1 -1 10000 -1 -1 -1 -1 -1 -1 -1 -1 -1 -1 -1 -1 -1 -1 -1 -1 -1 -1 -1 -1 -1 -1 -1 -1 -1 -1 -1 -1 -1 -1 -1 -1 -1 -1 -1 -1 -1 -1 -1 -1 -1 -1 -1 -1 -1 -1 -1 7653
9664 8068 1957 3014 5306 5055 259 6369 3451 2609 9847 9404 4736 8956 301 2155 9056 5445 5687 9211 1644 217 610 3495 4527 6495 8938 2821 6649 1683 4369 7940 138 4347 7836 9003 969 5922 3316 4193 4875 91 942 9454 9552 807 2635 7039 10000 291 3899 9163 2883 4480 1977 4486 712 6144 601 2376 3610 1462 8804 7833 8706 5070 7805 607 8626 1311 6846 150 9545 1730 7391 7457 7449 1542 9674 7598 6397 3853 9345 469 6117 9918 7587 1602 291 8127 7383 7835 7321 1188 1403 6119 3368
-1 -1 -1 -1 -1 -1 -1 -1 -1 -1 -1 -1 -1 -1 -1 -1 -1 -1 -1 -1 -1 -1 -1 -1 -1 -1 -1 -1 -1 -1 -1 -1 -1 -1 -1 -1 -1 -1 -1 -1 -1 -1 -1 -1 -1 -1 -1 2044 10000 9904 -1 -1 -1 -1 -1 -1 -1 -1 -1 -1 -1 -1 -1 -1 -1 -1 -1 -1 -1 -1 -1 -1 -1 -1 -1 -1 -1 -1 -1 -1 -1 -1 -1 -1 -1 -1 -1 -1 -1 -1 -1 -1 -1 -1 -1 -1 -1
5671 2301 1708 7137 7763 8550 6173 4367 1998 4963 4394 7585 2575 6286 9348 2589 7172 6192 8817 554 9029 2207 6165 6721 6024 1145 3585 5398 4368 258 8770 7510 3787 5964 6571 1968 6599 6385 5439 929 73 627 9874 7846 2995 5325 8331 73 10000 3498 5454 3352 5858 9625 6064 4326 6190 2085 4466 1576 3136 5971 9239 5827 3829 7441 5961 8114 2621 6316 5903 143 9456 287 2710 7215 9507 3321 9955 5361 641 9797 6368 2668 5795 1699 681 8104 9115 9472 3507 5112 9246 9034 3797 8724 3921
3590 -1 -1 -1 -1 -1 -1 -1 -1 -1 -1 -1 -1 -1 -1 -1 -1 -1 -1 -1 -1 -1 -1 -1 -1 -1 -1 -1 -1 -1 -1 -1 -1 -1 -1 -1 -1 -1 -1 -1 -1 -1 -1 -1 -1 -1 -1 -1 10000 -1 -1 -1 -1 -1 -1 -1 -1 -1 -1 -1 -1 -1 -1 -1 -1 -1 -1 -1 -1 -1 -1 -1 -1 -1 -1 -1 -1 -1 -1 -1 -1 -1 -1 -1 -1 -1 -1 -1 -1 -1 -1 -1 -1 -1 -1 -1 2508
4865 5080 5397 9485 9333 3831 3815 5845 3518 7660 6588 1846 8657 7183 9080 7097 2958 6669 9415 6621 6396 9533 9288 3929 7013 694 2407 3523 5914 6896 4129 3553 2962 1540 9754 1928 7494 6627 7511 1388 444 6244 6415 6536 9872 5038 6912 9661 10000 6044 9789 4087 3507 4841 7060 7349 5278 3287 57 1750 5375 8552 9674 1911 8114 1453 2031 7906 182 9432 6778 3796 1506 1277 789 6633 5135 5117 2156 5954 3239 4541 1641 5745 1042 2908 5528 5037 5818 3531 7230 5198 2196 7533 4414 8207 8223
-1 -1 -1 -1 -1 -1 -1 -1 -1 -1 -1 -1 -1 -1 -1 -1 -1 -1 -1 -1 -1 -1 -1 -1 -1 -1 -1 -1 -1 -1 -1 -1 -1 -1 -1 -1 -1 -1 -1 -1 -1 -1 -1 -1 -1 -1 -1 7973 10000 6382 -1 -1 -1 -1 -1 -1 -1 -1 -1 -1 -1 -1 -1 -1 -1 -1 -1 -1 -1 -1 -1 -1 -1 -1 -1 -1 -1 -1 -1 -1 -1 -1 -1 -1 -1 -1 -1 -1 -1 -1 -1 -1 -1 -1 -1 -1 -1
3416 162 1821 4099 6426 8909 8450 2624 313 5703 4970 4535 5512 5582 2360 5397 746 2318 506 8320 803 2490 7722 6594 642 9954 5113 4325 8058 2812 1442 3896 9496 1022 6131 5968 9007 4775 7548 8095 5070 2567 1257 8734 1117 4086 7502 1350 10000 6946 6252 8159 6089 5893 7909 5207 7606 7035 1413 6637 3963 1729 6615 8423 3728 3077 1307 2197 677 1582 2709 7569 2513 6569 5321 1736 4671 3867 1535 3907 476 4723 2519 658 5837 7273 5595 674 8471 9416 4327 2939 7262 1296 3322 5058 4444
9036 -1 -1 -1 -1 -1 -1 -1 -1 -1 -1 -1 -1 -1 -1 -1 -1 -1 -1 -1 -1 -1 -1 -1 -1 -1 -1 -1 -1 -1 -1 -1 -1 -1 -1 -1 -1 -1 -1 -1 -1 -1 -1 -1 -1 -1 -1 -1 10000 -1 -1 -1 -1 -1 -1 -1 -1 -1 -1 -1 -1 -1 -1 -1 -1 -1 -1 -1 -1 -1 -1 -1 -1 -1 -1 -1 -1 -1 -1 -1 -1 -1 -1 -1 -1 -1 -1 -1 -1 -1 -1 -1 -1 -1 -1 -1 4131
7280 4790 5124 5872 4529 9282 3049 9789 815 762 6125 8543 7741 2644 7514 4104 2353 159 2405 7222 1258 2314 5298 7962 5506 8216 9995 1983 9927 5664 4187 9392 1759 7499 2742 9287 3547 5146 8192 8605 5451 3397 9974 6184 4183 3130 5685 6834 10000 8181 3014 6460 2596 8764 5919 6388 7151 650 8087 2866 9359 4393 3363 9680 8935 9855 5311 133 4077 8873 581 3346 3984 5011 8021 4893 3376 4355 5896 3281 159 5436 4216 3912 200 7399 9829 3857 955 7293 2201 9847 5778 819 7040 7591 6307
-1 -1 -1 -1 -1 -1 -1 -1 -1 -1 -1 -1 -1 -1 -1 -1 -1 -1 -1 -1 -1 -1 -1 -1 -1 -1 -1 -1 -1 -1 -1 -1 -1 -1 -1 -1 -1 -1 -1 -1 -1 -1 -1 -1 -1 -1 -1 4579 10000 1722 -1 -1 -1 -1 -1 -1 -1 -1 -1 -1 -1 -1 -1 -1 -1 -1 -1 -1 -1 -1 -1 -1 -1 -1 -1 -1 -1 -1 -1 -1 -1 -1 -1 -1 -1 -1 -1 -1 -1 -1 -1 -1 -1 -1 -1 -1 -1
5017 723 4586 5741 5794 8747 8542 9616 544 4457 8985 4034 4357 7751 637 7400 3253 6598 5293 4575 7839 899 5926 9767 3249 8078 100 8270 9157 2434 9640 7421 9636 3979 1558 8356 2913 3060 3445 7081 1886 441 5007 3375 216 3910 2088 6386 10000 7146 2806 518 3400 8459 3191 4247 8025 5683 5758 6295 2374 2929 1950 7281 309 3296 8006 863 4635 7667 2499 5592 3042 6111 8201 7623 6620 1947 7277 3284 2415 8566 5376 4410 4712 5714 3435 5838 1365 3314 9385 8659 6484 370 6773 9149 566
4229 -1 -1 -1 -1 -1 -1 -1 -1 -1 -1 -1 -1 -1 -1 -1 -1 -1 -1 -1 -1 -1 -1 -1 -1 -1 -1 -1 -1 -1 -1 -1 -1 -1 -1 -1 -1 -1 -1 -1 -1 -1 -1 -1 -1 -1 -1 -1 10000 -1 -1 -1 -1 -1 -1 -1 -1 -1 -1 -1 -1 -1 -1 -1 -1 -1 -1 -1 -1 -1 -1 -1 -1 -1 -1 -1 -1 -1 -1 -1 -1 -1 -1 -1 -1 -1 -1 -1 -1 -1 -1 -1 -1 -1 -1 -1 7249
6757 44 7796 3373 7558 2381 3778 1268 2323 173 1729 7756 5611 9476 6842 6128 5202 8295 9308 3512 5786 2181 6358 5463 7016 6683 2761 5022 3122 3880 8905 5989 9182 2656 6930 7495 5907 6239 5964 9400 7427 8014 5922 1090 338 5547 9367 9143 10000 187 6001 1907 3035 977 1795 8910 712 4655 8647 3233 6152 939 9753 7799 7385 201 134 242 659 6087 3239 2439 3685 5999 4771 3619 8205 6453 1293 4520 5749 5283 8975 2276 2516 4626 4143 1200 4458 9354 8501 5908 4679 176 1129 7352 9420
-1 -1 -1 -1 -1 -1 -1 -1 -1 -1 -1 -1 -1 -1 -1 -1 -1 -1 -1 -1 -1 -1 -1 -1 -1 -1 -1 -1 -1 -1 -1 -1 -1 -1 -1 -1 -1 -1 -1 -1 -1 -1 -1 -1 -1 -1 -1 4890 10000 9090 -1 -1 -1 -1 -1 -1 -1 -1 -1 -1 -1 -1 -1 -1 -1 -1 -1 -1 -1 -1 -1 -1 -1 -1 -1 -1 -1 -1 -1 -1 -1 -1 -1 -1 -1 -1 -1 -1 -1 -1 -1 -1 -1 -1 -1 -1 -1
8750 9316 2524 2902 4368 4315 1677 5281 5635 2233 4555 737 9333 6101 1795 5325 1665 9388 9359 2658 8416 9516 7748 4925 5175 4403 5047 3039 6755 4058 9061 6383 5210 2241 4498 2513 837 8928 6311 2163 4400 5597 730 5912 3959 7286 5116 6983 10000 5731 5566 5757 9514 2599 8665 630 7069 9442 9738 7856 2230 2286 7336 8211 5878 859 7960 4296 6080 4675 7922 1384 2155 6400 2902 1296 1857 1882 989 1348 964 2712 8394 8736 3126 6805 3544 1672 1348 71 5124 2598 7994 48 2461 9758 3812
767 -1 -1 -1 -1 -1 -1 -1 -1 -1 -1 -1 -1 -1 -1 -1 -1 -1 -1 -1 -1 -1 -1 -1 -1 -1 -1 -1 -1 -1 -1 -1 -1 -1 -1 -1 -1 -1 -1 -1 -1 -1 -1 -1 -1 -1 -1 -1 10000 -1 -1 -1 -1 -1 -1 -1 -1 -1 -1 -1 -1 -1 -1 -1 -1 -1 -1 -1 -1 -1 -1 -1 -1 -1 -1 -1 -1 -1 -1 -1 -1 -1 -1 -1 -1 -1 -1 -1 -1 -1 -1 -1 -1 -1 -1 -1 9871
728 8824 8194 6870 7156 5642 9973 9563 620 4641 272 4262 5465 8391 9575 9498 8869 5824 3253 5068 8834 6751 9631 1733 5188 4931 1603 114 1075 2229 7966 8381 6150 5486 186 1337 4518 5792 572 859 983 3087 6827 1645 7320 4606 3630 6461 10000 4650 3559 232 6358 2980 22 6724 7233 1798 7675 1281 683 4005 9250 8092 269 4302 2607 3672 1746 7687 247 5842 4607 132 8886 5437 240 4052 7963 5602 3589 7580 7942 4712 6203 5407 2242 2822 2296 9404 1308 4421 4664 4328 9312 9626 4445
-1 -1 -1 -1 -1 -1 -1 -1 -1 -1 -1 -1 -1 -1 -1 -1 -1 -1 -1 -1 -1 -1 -1 -1 -1 -1 -1 -1 -1 -1 -1 -1 -1 -1 -1 -1 -1 -1 -1 -1 -1 -1 -1 -1 -1 -1 -1 9942 10000 9811 -1 -1 -1 -1 -1 -1 -1 -1 -1 -1 -1 -1 -1 -1 -1 -1 -1 -1 -1 -1 -1 -1 -1 -1 -1 -1 -1 -1 -1 -1 -1 -1 -1 -1 -1 -1 -1 -1 -1 -1 -1 -1 -1 -1 -1 -1 -1
827 7177 4337 2673 7345 3389 9240 7184 1126 8229 2037 6036 5776 8936 5032 2044 827 2998 5979 2289 5283 335 4153 4362 6487 7135 9081 8358 3874 6097 1710 2989 4962 6357 578 5658 7834 4571 2573 1161 3794 6125 3974 1839 7502 2978 9161 7414 10000 6352 56 7416 5 9641 6548 2590 53 8181 3220 5204 300 7367 6489 5971 4195 6206 6000 7638 2323 3878 4899 6360 6724 2935 3033 7390 5744 6410 1492 1022 4780 8726 6266 7721 2480 2676 3232 5064 5003 1213 8385 2142 9414 5864 8869 8069 5337
4999 -1 -1 -1 -1 -1 -1 -1 -1 -1 -1 -1 -1 -1 -1 -1 -1 -1 -1 -1 -1 -1 -1 -1 -1 -1 -1 -1 -1 -1 -1 -1 -1 -1 -1 -1 -1 -1 -1 -1 -1 -1 -1 -1 -1 -1 -1 -1 10000 -1 -1 -1 -1 -1 -1 -1 -1 -1 -1 -1 -1 -1 -1 -1 -1 -1 -1 -1 -1 -1 -1 -1 -1 -1 -1 -1 -1 -1 -1 -1 -1 -1 -1 -1 -1 -1 -1 -1 -1 -1 -1 -1 -1 -1 -1 -1 6149
6138 5568 668 7116 8332 6513 1967 1544 5577 6244 7138 9241 1433 1559 3856 7201 5313 5508 6476 1419 3328 5444 2999 7615 8702 7758 8076 8308 3603 9786 5321 7528 8989 2207 6300 1549 2724 9320 3873 2823 1928 2187 1261 8287 1157 3878 626 2975 10000 9559 7220 9276 5644 2072 679 2235 1852 9049 8161 4319 6876 9981 7479 3379 6258 9205 1047 8336 2665 7559 3871 1596 9962 2154 5387 8817 9533 6061 2553 4445 4043 879 6321 5455 6182 979 3369 4905 7199 787 5095 6893 9506 7730 4050 2164 9857
-1 -1 -1 -1 -1 -1 -1 -1 -1 -1 -1 -1 -1 -1 -1 -1 -1 -1 -1 -1 -1 -1 -1 -1 -1 -1 -1 -1 -1 -1 -1 -1 -1 -1 -1 -1 -1 -1 -1 -1 -1 -1 -1 -1 -1 -1 -1 9735 10000 3037 -1 -1 -1 -1 -1 -1 -1 -1 -1 -1 -1 -1 -1 -1 -1 -1 -1 -1 -1 -1 -1 -1 -1 -1 -1 -1 -1 -1 -1 -1 -1 -1 -1 -1 -1 -1 -1 -1 -1 -1 -1 -1 -1 -1 -1 -1 -1
882 864 7310 5555 794 2075 3506 6381 2820 5426 8829 3297 2629 9916 3446 8718 1347 5691 3308 3637 3008 4668 1252 5553 170 3991 3485 3095 8742 6609 129 8173 771 6117 9630 4534 218 7057 2200 6794 8081 1507 9895 1381 5807 5748 4126 2531 10000 5294 4085 4466 8057 1636 2042 3634 6515 1713 3095 5973 3695 4144 1992 6123 2237 6834 6787 4717 4695 2541 8664 9656 1098 4592 714 7960 6511 1393 1164 259 9485 6423 4873 7176 2349 2898 5837 9740 491 8914 8249 2996 7911 878 7838 5472 3604
4653 -1 -1 -1 -1 -1 -1 -1 -1 -1 -1 -1 -1 -1 -1 -1 -1 -1 -1 -1 -1 -1 -1 -1 -1 -1 -1 -1 -1 -1 -1 -1 -1 -1 -1 -1 -1 -1 -1 -1 -1 -1 -1 -1 -1 -1 -1 -1 10000 -1 -1 -1 -1 -1 -1 -1 -1 -1 -1 -1 -1 -1 -1 -1 -1 -1 -1 -1 -1 -1 -1 -1 -1 -1 -1 -1 -1 -1 -1 -1 -1 -1 -1 -1 -1 -1 -1 -1 -1 -1 -1 -1 -1 -1 -1 -1 5010
1231 7395 6730 1513 2606 8272 2865 487 8346 8595 4588 1255 9082 3860 7752 5065 2475 6510 9591 9708 4047 6052 680 1858 3091 2459 199 2283 2997 173 4829 5259 7295 5201 7682 364 8960 5332 8305 6739 7689 2600 5519 741 464 6753 2939 4484 10000 1977 3906 8467 9505 4757 7565 5596 722 9223 6394 2274 5106 1227 72 9737 3927 4189 6286 2131 4658 339 6209 5212 676 8909 8206 7811 6728 2024 7067 5502 9162 7204 2590 5462 3046 7551 8575 5096 3913 87 7387 3600 838 6086 8160 2651 2503
-1 -1 -1 -1 -1 -1 -1 -1 -1 -1 -1 -1 -1 -1 -1 -1 -1 -1 -1 -1 -1 -1 -1 -1 -1 -1 -1 -1 -1 -1 -1 -1 -1 -1 -1 -1 -1 -1 -1 -1 -1 -1 -1 -1 -1 -1 -1 3489 10000 3277 -1 -1 -1 -1 -1 -1 -1 -1 -1 -1 -1 -1 -1 -1 -1 -1 -1 -1 -1 -1 -1 -1 -1 -1 -1 -1 -1 -1 -1 -1 -1 -1 -1 -1 -1 -1 -1 -1 -1 -1 -1 -1 -1 -1 -1 -1 -1
4679 4578 3629 6125 6019 5118 1872 2678 2887 6303 938 3474 6205 2120 5887 979 9314 8936 6200 4014 2661 4973 8133 432 1591 5957 437 9941 8668 2829 4874 138 7874 4779 5994 1750 4507 8004 8439 618 1426 3660 8440 8479 7771 6377 1856 4621 10000 2951 8287 5720 2301 6331 1119 6500 3822 8355 1035 6187 365 6575 5530 5648 135 3316 3064 5181 9785 8780 4077 8948 8897 7204 1545 4599 5634 5974 7262 1738 7148 4158 310 9705 3609 1967 849 4906 4574 208 8646 2774 7968 3142 7982 5329 6949
5540 -1 -1 -1 -1 -1 -1 -1 -1 -1 -1 -1 -1 -1 -1 -1 -1 -1 -1 -1 -1 -1 -1 -1 -1 -1 -1 -1 -1 -1 -1 -1 -1 -1 -1 -1 -1 -1 -1 -1 -1 -1 -1 -1 -1 -1 -1 -1 10000 -1 -1 -1 -1 -1 -1 -1 -1 -1 -1 -1 -1 -1 -1 -1 -1 -1 -1 -1 -1 -1 -1 -1 -1 -1 -1 -1 -1 -1 -1 -1 -1 -1 -1 -1 -1 -1 -1 -1 -1 -1 -1 -1 -1 -1 -1 -1 6755
8073 4769 2218 472 8790 97 1291 1713 7490 2755 4777 9745 7173 3636 5884 5628 272 5511 8730 780 8604 9118 8349 8702 2957 4752 1185 7866 3848 5822 879 7295 6505 5598 8123 1861 9482 273 4982 1254 8603 5696 2500 8405 7136 3591 1786 5941 10000 7335 6438 6398 9534 1372 2404 1988 6 4601 603 9727 9606 376 6278 3252 1425 5688 8104 2248 1940 6373 4308 5235 5813 8031 6017 7474 8204 936 8941 8659 4380 9465 9217 4242 5955 4914 4132 193 2797 8462 8681 6087 4037 1988 3232 580 5978
-1 -1 -1 -1 -1 -1 -1 -1 -1 -1 -1 -1 -1 -1 -1 -1 -1 -1 -1 -1 -1 -1 -1 -1 -1 -1 -1 -1 -1 -1 -1 -1 -1 -1 -1 -1 -1 -1 -1 -1 -1 -1 -1 -1 -1 -1 -1 1116 10000 4599 -1 -1 -1 -1 -1 -1 -1 -1 -1 -1 -1 -1 -1 -1 -1 -1 -1 -1 -1 -1 -1 -1 -1 -1 -1 -1 -1 -1 -1 -1 -1 -1 -1 -1 -1 -1 -1 -1 -1 -1 -1 -1 -1 -1 -1 -1 -1
2883 3335 9087 9333 1713 6996 8445 1835 1161 953 5104 7444 8019 899 232 3364 7819 1811 1803 351 8899 2807 7692 2401 4244 9146 1693 3850 9234 798 8709 9140 9076 3508 5801 7910 1954 1473 8349 4036 5034 4682 6051 669 8184 8397 3779 4609 10000 9512 7355 6228 5155 2901 3032 3147 3396 9761 8010 6647 9298 1019 8369 3926 2510 8665 7317 7461 8900 31 5298 9056 738 3614 4998 1194 7364 3761 1198 3262 6408 4779 3870 3872 9544 3555 8403 2736 6897 566 8048 5048 2654 4769 3375 371 3824
9570 -1 -1 -1 -1 -1 -1 -1 -1 -1 -1 -1 -1 -1 -1 -1 -1 -1 -1 -1 -1 -1 -1 -1 -1 -1 -1 -1 -1 -1 -1 -1 -1 -1 -1 -1 -1 -1 -1 -1 -1 -1 -1 -1 -1 -1 -1 -1 10000 -1 -1 -1 -1 -1 -1 -1 -1 -1 -1 -1 -1 -1 -1 -1 -1 -1 -1 -1 -1 -1 -1 -1 -1 -1 -1 -1 -1 -1 -1 -1 -1 -1 -1 -1 -1 -1 -1 -1 -1 -1 -1 -1 -1 -1 -1 -1 3125
2101 6644 9366 9145 3943 1841 5129 8589 2224 2225 3467 1218 6107 3156 8330 5573 389 7314 4145 8062 5471 8709 4469 2185 5137 6250 1533 496 7223 7888 2074 653 3210 2436 6246 6987 7183 9718 849 7308 8938 8802 712 7261 4155 4879 2126 4353 10000 2363 4147 4306 5866 7788 4934 6682 2392 9372 3364 727 3329 371 5813 6342 8280 66 9796 4707 8012 4784 3260 3490 2280 8398 4997 1172 9967 3442 9413 524 7728 8910 2717 8541 1465 4606 7073 5189 8352 7169 7908 1625 7488 2983 6564 1781 9413
-1 -1 -1 -1 -1 -1 -1 -1 -1 -1 -1 -1 -1 -1 -1 -1 -1 -1 -1 -1 -1 -1 -1 -1 -1 -1 -1 -1 -1 -1 -1 -1 -1 -1 -1 -1 -1 -1 -1 -1 -1 -1 -1 -1 -1 -1 -1 6722 10000 2910 -1 -1 -1 -1 -1 -1 -1 -1 -1 -1 -1 -1 -1 -1 -1 -1 -1 -1 -1 -1 -1 -1 -1 -1 -1 -1 -1 -1 -1 -1 -1 -1 -1 -1 -1 -1 -1 -1 -1 -1 -1 -1 -1 -1 -1 -1 -1
7425 8329 7422 665 4567 5451 9803 4232 5317 3921 9960 3713 2722 4664 861 2813 5378 3182 8298 5881 7880 5382 134 6653 3432 6755 9051 4222 2013 1870 887 6108 7439 3732 90 9088 7899 6461 2282 6503 9636 3129 3752 4337 7326 1864 1733 6067 10000 6950 3491 9243 9899 5077 227 9000 4008 5619 3780 7782 1299 1998 8899 531 2424 6543 9379 5569 8471 7673 7212 9258 3945 5382 8198 8020 2552 6075 1605 9557 4787 1588 1040 9887 5280 4840 3089 7629 2462 9866 3979 8320 9126 691 1073 7986 8059
6005 -1 -1 -1 -1 -1 -1 -1 -1 -1 -1 -1 -1 -1 -1 -1 -1 -1 -1 -1 -1 -1 -1 -1 -1 -1 -1 -1 -1 -1 -1 -1 -1 -1 -1 -1 -1 -1 -1 -1 -1 -1 -1 -1 -1 -1 -1 -1 10000 -1 -1 -1 -1 -1 -1 -1 -1 -1 -1 -1 -1 -1 -1 -1 -1 -1 -1 -1 -1 -1 -1 -1 -1 -1 -1 -1 -1 -1 -1 -1 -1 -1 -1 -1 -1 -1 -1 -1 -1 -1 -1 -1 -1 -1 -1 -1 6622
6455 4899 2893 315 9391 7727 9914 7732 6342 2962 5958 5170 3202 753 2616 9013 808 2832 902 7799 3601 2201 1508 4977 7924 3866 7727 179 5306 9479 6218 7386 1463 3653 5237 2541 6661 9101 1725 8234 2533 4171 4515 9993 5977 8154 5518 5086 10000 4443 6124 8282 6114 3803 6748 1764 4164 2580 949 1346 1687 1677 9734 758 5062 6855 564 4876 2897 505 675 131 9966 4538 8569 4370 2843 2086 2252 9347 5481 3521 5872 9646 4044 5299 5688 852 5717 1940 9432 2533 5387 4550 3623 4203 1627
-1 -1 -1 -1 -1 -1 -1 -1 -1 -1 -1 -1 -1 -1 -1 -1 -1 -1 -1 -1 -1 -1 -1 -1 -1 -1 -1 -1 -1 -1 -1 -1 -1 -1 -1 -1 -1 -1 -1 -1 -1 -1 -1 -1 -1 -1 -1 2836 10000 6247 -1 -1 -1 -1 -1 -1 -1 -1 -1 -1 -1 -1 -1 -1 -1 -1 -1 -1 -1 -1 -1 -1 -1 -1 -1 -1 -1 -1 -1 -1 -1 -1 -1 -1 -1 -1 -1 -1 -1 -1 -1 -1 -1 -1 -1 -1 -1
1368 8199 6260 5976 4819 4217 999 4880 5604 5402 9822 3879 4149 6474 6909 3458 6402 5243 3674 3909 6627 385 7684 9950 2224 724 6998 2997 8039 6245 6788 9036 5100 74 4605 2547 6882 1466 3894 248 9571 9438 257 810 4319 3333 7931 2877 10000 4729 2608 2372 9612 2147 8928 1995 6206 4346 2258 3217 5366 7265 5665 7897 5753 2586 4640 9375 9468 9593 9861 7001 6727 7153 7728 6252 345 3136 2631 1429 7687 9194 7603 3977 8552 7886 8450 4704 615 1836 9639 3323 8507 3915 9639 8238 6576
161 -1 -1 -1 -1 -1 -1 -1 -1 -1 -1 -1 -1 -1 -1 -1 -1 -1 -1 -1 -1 -1 -1 -1 -1 -1 -1 -1 -1 -1 -1 -1 -1 -1 -1 -1 -1 -1 -1 -1 -1 -1 -1 -1 -1 -1 -1 -1 10000 -1 -1 -1 -1 -1 -1 -1 -1 -1 -1 -1 -1 -1 -1 -1 -1 -1 -1 -1 -1 -1 -1 -1 -1 -1 -1 -1 -1 -1 -1 -1 -1 -1 -1 -1 -1 -1 -1 -1 -1 -1 -1 -1 -1 -1 -1 -1 2503
6106 319 353 5026 472 6712 3229 6401 867 6559 790 4650 9160 9138 176 7515 589 8467 9256 8779 3812 618 9070 7812 3976 7013 2244 1164 6074 1896 7651 3022 8527 4920 717 1235 8014 6614 5199 6434 2232 9570 4221 5161 4518 9852 5133 1245 10000 2422 244 2151 6213 8441 3703 9999 8451 4012 6849 8092 4803 4524 3780 9150 946 2514 9866 3189 831 5216 7931 8427 7875 1464 2587 4261 9083 8748 8678 2056 1543 3895 2599 1503 7017 8606 8197 4462 5114 821 8983 7380 8239 3927 7959 1070 7831
-1 -1 -1 -1 -1 -1 -1 -1 -1 -1 -1 -1 -1 -1 -1 -1 -1 -1 -1 -1 -1 -1 -1 -1 -1 -1 -1 -1 -1 -1 -1 -1 -1 -1 -1 -1 -1 -1 -1 -1 -1 -1 -1 -1 -1 -1 -1 9488 10000 6808 -1 -1 -1 -1 -1 -1 -1 -1 -1 -1 -1 -1 -1 -1 -1 -1 -1 -1 -1 -1 -1 -1 -1 -1 -1 -1 -1 -1 -1 -1 -1 -1 -1 -1 -1 -1 -1 -1 -1 -1 -1 -1 -1 -1 -1 -1 -1
9917 7464 5669 2441 4053 2680 602 8060 676 545 3396 4185 9880 709 5463 3777 5600 3236 9882 1693 8869 7398 6956 2703 6549 6633 3840 638 9439 7488 6446 6383 7842 1589 7571 3762 2061 5511 2879 8499 9741 8555 4764 7938 6900 726 450 5003 10000 8803 433 1275 7345 6709 5844 7691 7509 1791 9509 3188 1428 2410 9896 8581 4309 7299 7617 3223 2759 2638 780 7942 9615 3387 6472 1834 8535 8121 5642 8855 9495 2546 6952 5056 523 6096 1104 6349 7502 6489 385 2686 9000 9296 9792 6592 608
6869 -1 -1 -1 -1 -1 -1 -1 -1 -1 -1 -1 -1 -1 -1 -1 -1 -1 -1 -1 -1 -1 -1 -1 -1 -1 -1 -1 -1 -1 -1 -1 -1 -1 -1 -1 -1 -1 -1 -1 -1 -1 -1 -1 -1 -1 -1 -1 10000 -1 -1 -1 -1 -1 -1 -1 -1 -1 -1 -1 -1 -1 -1 -1 -1 -1 -1 -1 -1 -1 -1 -1 -1 -1 -1 -1 -1 -1 -1 -1 -1 -1 -1 -1 -1 -1 -1 -1 -1 -1 -1 -1 -1 -1 -1 -1 4602
741 355 4424 8472 9113 5384 1413 6241 6459 1152 4392 1065 5389 7309 9601 2440 9572 5067 552 5191 6917 2837 6186 3318 499 8858 3062 567 5551 3712 6914 9541 132 4339 12 9017 2264 8586 7758 2189 4238 2965 9436 8855 8473 1603 5085 9957 10000 1117 4052 3405 9283 8993 7511 6240 2278 6525 1444 4193 2308 5979 807 3621 7165 3194 534 670 3425 3795 2704 510 9941 4739 7135 8477 1160 4169 8002 3620 7864 8508 4920 2333 4281 5878 3701 6887 2945 1446 6419 3316 1720 7233 6715 9167 6439
-1 -1 -1 -1 -1 -1 -1 -1 -1 -1 -1 -1 -1 -1 -1 -1 -1 -1 -1 -1 -1 -1 -1 -1 -1 -1 -1 -1 -1 -1 -1 -1 -1 -1 -1 -1 -1 -1 -1 -1 -1 -1 -1 -1 -1 -1 -1 4864 10000 2316 -1 -1 -1 -1 -1 -1 -1 -1 -1 -1 -1 -1 -1 -1 -1 -1 -1 -1 -1 -1 -1 -1 -1 -1 -1 -1 -1 -1 -1 -1 -1 -1 -1 -1 -1 -1 -1 -1 -1 -1 -1 -1 -1 -1 -1 -1 -1
9167 8807 5065 5160 320 3687 6668 407 5600 3292 9607 7574 5801 7573 582 4940 1017 7613 2130 3272 4571 9126 6376 5465 5135 4153 7059 8463 2544 8323 8934 2945 8071 6479 1022 2045 2191 8877 37 9705 6316 9436 7968 5369 6035 5700 3008 9902 10000 7801 3213 9160 619 4913 5495 4393 9896 3518 9430 1865 2446 2710 2571 3098 4298 5586 4161 9463 7751 5047 576 916 8003 7779 8001 4870 1185 4301 3096 2609 7666 1622 2571 3424 3733 8398 7744 131 3983 7170 2904 7564 8580 7057 9000 5788 7507
877 -1 -1 -1 -1 -1 -1 -1 -1 -1 -1 -1 -1 -1 -1 -1 -1 -1 -1 -1 -1 -1 -1 -1 -1 -1 -1 -1 -1 -1 -1 -1 -1 -1 -1 -1 -1 -1 -1 -1 -1 -1 -1 -1 -1 -1 -1 -1 10000 -1 -1 -1 -1 -1 -1 -1 -1 -1 -1 -1 -1 -1 -1 -1 -1 -1 -1 -1 -1 -1 -1 -1 -1 -1 -1 -1 -1 -1 -1 -1 -1 -1 -1 -1 -1 -1 -1 -1 -1 -1 -1 -1 -1 -1 -1 -1 1429
1091 7154 5357 8422 7391 2734 6130 5333 8832 6367 5313 3426 9704 5929 8879 8650 2076 590 6317 6030 9983 7861 3501 4920 4052 2512 4094 9015 4347 9239 1094 9817 811 4314 7153 204 9306 6126 2533 9356 9079 4174 5325 2508 9303 5098 4659 6484 10000 4506 344 6615 2712 3667 9564 4096 2599 3795 9046 1174 3944 6206 6468 4614 8898 7860 443 5716 9329 541 458 7302 3445 8764 9270 2217 1096 5832 3459 3656 6344 6466 539 321 4591 7941 220 3675 8748 9796 1987 3928 6256 7298 5316 6523 6453
-1 -1 -1 -1 -1 -1 -1 -1 -1 -1 -1 -1 -1 -1 -1 -1 -1 -1 -1 -1 -1 -1 -1 -1 -1 -1 -1 -1 -1 -1 -1 -1 -1 -1 -1 -1 -1 -1 -1 -1 -1 -1 -1 -1 -1 -1 -1 6661 10000 1147 -1 -1 -1 -1 -1 -1 -1 -1 -1 -1 -1 -1 -1 -1 -1 -1 -1 -1 -1 -1 -1 -1 -1 -1 -1 -1 -1 -1 -1 -1 -1 -1 -1 -1 -1 -1 -1 -1 -1 -1 -1 -1 -1 -1 -1 -1 -1
9929 7297 4491 8818 4391 3630 4978 4842 9135 7275 425 9845 2413 1591 7662 4131 2715 9005 9995 463 5382 1994 3430 1464 2617 7533 9980 8326 7072 9775 5587 6208 7312 2511 9290 1718 8880 8349 1214 6457 2965 5537 3796 6416 1853 7723 3403 105 10000 8100 7114 9944 249 5315 4295 3629 7814 3595 2833 7515 794 5469 6860 3129 7414 2659 8665 2378 9284 9625 1525 4881 6230 9997 9785 4497 4286 1527 298 7402 3100 1257 2469 151 2660 6706 9311 9994 492 3591 2092 2872 4341 7174 7781 7668 5302
4749 -1 -1 -1 -1 -1 -1 -1 -1 -1 -1 -1 -1 -1 -1 -1 -1 -1 -1 -1 -1 -1 -1 -1 -1 -1 -1 -1 -1 -1 -1 -1 -1 -1 -1 -1 -1 -1 -1 -1 -1 -1 -1 -1 -1 -1 -1 -1 10000 -1 -1 -1 -1 -1 -1 -1 -1 -1 -1 -1 -1 -1 -1 -1 -1 -1 -1 -1 -1 -1 -1 -1 -1 -1 -1 -1 -1 -1 -1 -1 -1 -1 -1 -1 -1 -1 -1 -1 -1 -1 -1 -1 -1 -1 -1 -1 6837
9245 3613 5277 7202 1958 9245 521 2490 1750 5390 60 2103 5141 943 2755 409 5178 152 2952 190 505 1182 6607 3084 5437 6574 2977 8489 8254 8766 2613 9461 9392 3051 1039 3593 9123 3473 5148 6813 9063 7686 5349 514 518 7944 6486 4744 10000 994 3508 3599 1406 2115 6416 8710 9384 1005 3921 7163 187 2578 9379 7402 3079 1814 9906 7942 8111 3063 1601 2582 7755 792 4430 3132 1224 5592 9485 3943 3113 8032 5104 4850 7540 7759 7954 4599 4717 4767 3468 3016 3909 6986 9680 7488 5276
-1 -1 -1 -1 -1 -1 -1 -1 -1 -1 -1 -1 -1 -1 -1 -1 -1 -1 -1 -1 -1 -1 -1 -1 -1 -1 -1 -1 -1 -1 -1 -1 -1 -1 -1 -1 -1 -1 -1 -1 -1 -1 -1 -1 -1 -1 -1 9974 10000 2062 -1 -1 -1 -1 -1 -1 -1 -1 -1 -1 -1 -1 -1 -1 -1 -1 -1 -1 -1 -1 -1 -1 -1 -1 -1 -1 -1 -1 -1 -1 -1 -1 -1 -1 -1 -1 -1 -1 -1 -1 -1 -1 -1 -1 -1 -1 -1
1634 780 519 8896 2189 2561 2600 7910 7731 7690 2111 4560 2391 3132 4572 1501 348 5876 4437 1807 2444 4441 3007 6589 4736 6406 4028 6967 2912 6612 1403 7046 4771 6520 5118 3150 5128 1700 6352 3580 5208 8786 77 6641 4122 4978 7720 6647 10000 1419 2982 4089 183 8134 1559 6002 829 2796 1934 7044 3208 2182 780 8685 2484 1520 4095 1936 8438 9734 6228 8797 7428 3779 5591 9375 4218 4717 5630 8323 3851 2070 6447 3605 3108 7728 8208 5357 2065 2657 7834 9856 5824 731 503 4968 8540
2232 -1 -1 -1 -1 -1 -1 -1 -1 -1 -1 -1 -1 -1 -1 -1 -1 -1 -1 -1 -1 -1 -1 -1 -1 -1 -1 -1 -1 -1 -1 -1 -1 -1 -1 -1 -1 -1 -1 -1 -1 -1 -1 -1 -1 -1 -1 -1 10000 -1 -1 -1 -1 -1 -1 -1 -1 -1 -1 -1 -1 -1 -1 -1 -1 -1 -1 -1 -1 -1 -1 -1 -1 -1 -1 -1 -1 -1 -1 -1 -1 -1 -1 -1 -1 -1 -1 -1 -1 -1 -1 -1 -1 -1 -1 -1 524
8379 7770 3703 1548 6466 3789 2815 6855 7321 5215 4162 4057 9890 7453 6705 9801 2518 5642 955 6025 9681 3440 724 1239 3628 8310 2576 3164 5129 9360 3614 2155 6652 8880 5523 2249 6294 1222 5589 2195 7785 7862 1761 8796 8968 8467 5200 4920 10000 3881 2476 9404 237 6860 4954 5759 8090 648 934 7645 2861 3582 3519 8509 2957 4955 915 6825 9259 5164 7 528 9207 7631 777 4456 7435 5056 252 5481 8928 3046 1846 3314 985 2892 9500 6215 752 5009 3577 4262 5959 2823 1593 2888 1
-1 -1 -1 -1 -1 -1 -1 -1 -1 -1 -1 -1 -1 -1 -1 -1 -1 -1 -1 -1 -1 -1 -1 -1 -1 -1 -1 -1 -1 -1 -1 -1 -1 -1 -1 -1 -1 -1 -1 -1 -1 -1 -1 -1 -1 -1 -1 9936 10000 6689 -1 -1 -1 -1 -1 -1 -1 -1 -1 -1 -1 -1 -1 -1 -1 -1 -1 -1 -1 -1 -1 -1 -1 -1 -1 -1 -1 -1 -1 -1 -1 -1 -1 -1 -1 -1 -1 -1 -1 -1 -1 -1 -1 -1 -1 -1 -1
678 8103 3197 7669 8651 7382 7782 8114 5876 5895 3374 4021 5104 6195 1115 7991 5479 9257 5761 5557 4709 3692 2748 9425 4059 373 3918 5144 4133 5260 1086 9280 2262 5387 3107 2006 2885 5320 9719 834 9973 82 7953 3581 1859 7339 9948 2224 10000 5594 6371 4665 2333 4890 6672 4625 2545 2462 8094 6153 1724 6571 7612 8586 6772 7814 2175 6613 4833 7148 4963 4484 5953 8113 9336 8058 446 3187 5634 5254 3794 3428 8475 5566 7699 438 5881 6648 8907 1981 7106 6569 922 5795 9573 851 1034
1539 -1 -1 -1 -1 -1 -1 -1 -1 -1 -1 -1 -1 -1 -1 -1 -1 -1 -1 -1 -1 -1 -1 -1 -1 -1 -1 -1 -1 -1 -1 -1 -1 -1 -1 -1 -1 -1 -1 -1 -1 -1 -1 -1 -1 -1 -1 -1 10000 -1 -1 -1 -1 -1 -1 -1 -1 -1 -1 -1 -1 -1 -1 -1 -1 -1 -1 -1 -1 -1 -1 -1 -1 -1 -1 -1 -1 -1 -1 -1 -1 -1 -1 -1 -1 -1 -1 -1 -1 -1 -1 -1 -1 -1 -1 -1 3273
2938 1334 118 3409 6112 2967 8216 1383 2970 6845 9503 1933 6530 103 1442 5203 1453 62 8546 1035 9406 9974 7509 2823 7135 1896 9006 5143 191 4867 5798 5138 2270 6059 2242 2383 3622 3580 4808 2810 5340 5247 8158 6521 3933 2982 8679 6330 10000 4627 5186 6257 5783 4076 2720 1213 2599 2570 1676 2520 8371 6754 888 771 1616 7561 6648 795 8251 5715 8297 6865 8156 4717 4084 7566 922 7810 3665 2104 4118 2584 1740 5074 7727 8880 1589 2900 8736 1821 5317 3583 2834 5924 8818 7833 5433
-1 -1 -1 -1 -1 -1 -1 -1 -1 -1 -1 -1 -1 -1 -1 -1 -1 -1 -1 -1 -1 -1 -1 -1 -1 -1 -1 -1 -1 -1 -1 -1 -1 -1 -1 -1 -1 -1 -1 -1 -1 -1 -1 -1 -1 -1 -1 7893 10000 6408 -1 -1 -1 -1 -1 -1 -1 -1 -1 -1 -1 -1 -1 -1 -1 -1 -1 -1 -1 -1 -1 -1 -1 -1 -1 -1 -1 -1 -1 -1 -1 -1 -1 -1 -1 -1 -1 -1 -1 -1 -1 -1 -1 -1 -1 -1 -1
201 929 8739 739 4180 8390 5291 6256 8821 4087 405 1668 5783 4372 3134 3458 2203 4030 6283 1902 5468 5798 7639 4781 7475 9656 2140 4837 9345 532 1474 8351 6832 4591 9573 329 3698 5809 2938 8119 1420 3085 2675 6121 4735 1497 9788 1154 10000 7454 8620 3270 5681 2415 2946 2585 7470 2257 2257 5361 1125 4866 4755 3265 2056 9326 3222 8494 7718 5819 4597 5930 7494 902 6495 2522 4863 3340 1341 6079 9897 636 2215 8488 5051 4703 5054 3256 3243 9952 7085 405 1444 5158 8006 7624 2310
5218 -1 -1 -1 -1 -1 -1 -1 -1 -1 -1 -1 -1 -1 -1 -1 -1 -1 -1 -1 -1 -1 -1 -1 -1 -1 -1 -1 -1 -1 -1 -1 -1 -1 -1 -1 -1 -1 -1 -1 -1 -1 -1 -1 -1 -1 -1 -1 10000 -1 -1 -1 -1 -1 -1 -1 -1 -1 -1 -1 -1 -1 -1 -1 -1 -1 -1 -1 -1 -1 -1 -1 -1 -1 -1 -1 -1 -1 -1 -1 -1 -1 -1 -1 -1 -1 -1 -1 -1 -1 -1 -1 -1 -1 -1 -1 1947
8494 8078 6366 6978 1057 1368 7226 1775 4099 2664 9453 2562 5541 9632 252 5663 493 6175 4631 3312 3876 3010 342 9999 4900 2415 3259 1577 2662 7636 2563 3690 9597 8627 166 1644 5533 1844 6446 7608 9487 6567 4292 3207 253 5664 9459 9871 10000 2069 3831 9054 7308 9801 1131 1021 6614 3202 4997 9641 1366 8978 9907 1818 7540 3018 5104 2427 8811 494 8946 1972 3515 2491 3711 1643 2326 7420 3691 8038 7145 2951 1644 6288 2979 8026 7604 8520 3279 5208 654 9771 541 8605 3015 2958 3713
-1 -1 -1 -1 -1 -1 -1 -1 -1 -1 -1 -1 -1 -1 -1 -1 -1 -1 -1 -1 -1 -1 -1 -1 -1 -1 -1 -1 -1 -1 -1 -1 -1 -1 -1 -1 -1 -1 -1 -1 -1 -1 -1 -1 -1 -1 -1 4228 10000 5347 -1 -1 -1 -1 -1 -1 -1 -1 -1 -1 -1 -1 -1 -1 -1 -1 -1 -1 -1 -1 -1 -1 -1 -1 -1 -1 -1 -1 -1 -1 -1 -1 -1 -1 -1 -1 -1 -1 -1 -1 -1 -1 -1 -1 -1 -1 -1
8211 5565 7206 1543 9576 6095 6431 810 2397 1104 9949 5506 9643 5415 9441 3844 4633 7292 2270 6369 1238 7949 8441 2649 4795 3852 9546 5741 3097 5715 2830 2529 207 678 2829 8389 8837 9683 1642 6485 5765 9826 5545 1296 1064 3688 1578 450 10000 7569 518 1549 5809 4122 3990 2101 5758 2411 5935 6746 9999 9432 5602 2042 4436 5308 1862 6054 801 3146 308 5897 1228 3962 246 6366 1691 5930 2151 6549 5081 887 1843 6011 2586 1971 8721 4047 7903 9822 7197 9012 6309 9378 2663 4979 7715
8322 -1 -1 -1 -1 -1 -1 -1 -1 -1 -1 -1 -1 -1 -1 -1 -1 -1 -1 -1 -1 -1 -1 -1 -1 -1 -1 -1 -1 -1 -1 -1 -1 -1 -1 -1 -1 -1 -1 -1 -1 -1 -1 -1 -1 -1 -1 -1 10000 -1 -1 -1 -1 -1 -1 -1 -1 -1 -1 -1 -1 -1 -1 -1 -1 -1 -1 -1 -1 -1 -1 -1 -1 -1 -1 -1 -1 -1 -1 -1 -1 -1 -1 -1 -1 -1 -1 -1 -1 -1 -1 -1 -1 -1 -1 -1 6647
4720 8784 1745 9395 6249 4341 8862 5403 2994 4386 1675 2877 5156 5378 3361 917 1010 1185 1976 3388 8589 3360 8336 1412 7499 2374 641 1118 9665 8736 60 3274 2435 2454 9470 6448 5327 4888 5311 2842 3849 5452 803 3305 6470 6520 3539 7056 10000 5375 3214 360 5411 4563 1582 3303 4971 5818 6701 906 7531 4221 9503 9328 2265 8050 4190 5301 233 5811 7782 8948 7714 487 8973 3472 2209 634 7323 7774 6776 3657 6261 5686 5564 2244 5991 1522 8453 7399 4540 6466 6181 7389 3780 6253 4547
-1 -1 -1 -1 -1 -1 -1 -1 -1 -1 -1 -1 -1 -1 -1 -1 -1 -1 -1 -1 -1 -1 -1 -1 -1 -1 -1 -1 -1 -1 -1 -1 -1 -1 -1 -1 -1 -1 -1 -1 -1 -1 -1 -1 -1 -1 -1 5510 10000 6490 -1 -1 -1 -1 -1 -1 -1 -1 -1 -1 -1 -1 -1 -1 -1 -1 -1 -1 -1 -1 -1 -1 -1 -1 -1 -1 -1 -1 -1 -1 -1 -1 -1 -1 -1 -1 -1 -1 -1 -1 -1 -1 -1 -1 -1 -1 -1
522 3394 1818 5018 6456 409 8024 174 3473 1879 3589 8005 3318 7968 7314 2424 2167 1124 1432 4759 5340 9571 4805 4658 5225 7039 8426 6273 5167 7740 2466 2594 8230 1432 1369 6117 6707 4087 801 1927 1654 4112 3096 9594 1096 7552 860 1083 10000 8428 4131 4755 5253 1815 8389 3555 1144 3901 492 7315 3097 9164 3187 3039 6238 8353 1665 7495 4786 4303 635 8583 6643 1521 1085 3239 6090 5133 8827 8800 679 6499 1168 4610 953 1320 4180 1803 3187 5012 5292 4122 8542 9584 4859 3509 1996
5606 -1 -1 -1 -1 -1 -1 -1 -1 -1 -1 -1 -1 -1 -1 -1 -1 -1 -1 -1 -1 -1 -1 -1 -1 -1 -1 -1 -1 -1 -1 -1 -1 -1 -1 -1 -1 -1 -1 -1 -1 -1 -1 -1 -1 -1 -1 -1 10000 -1 -1 -1 -1 -1 -1 -1 -1 -1 -1 -1 -1 -1 -1 -1 -1 -1 -1 -1 -1 -1 -1 -1 -1 -1 -1 -1 -1 -1 -1 -1 -1 -1 -1 -1 -1 -1 -1 -1 -1 -1 -1 -1 -1 -1 -1 -1 8169
1432 2932 4595 2281 6925 4657 1880 6879 6644 9183 1930 7709 8174 7425 5399 3036 6425 1506 5862 8497 4152 6838 8717 1678 766 5698 5830 4865 2325 5611 1176 4773 3035 6797 3951 7790 4831 9762 8342 2687 3933 4264 644 4018 4780 7592 8187 8784 3973 8667 6933 2278 2602 164 160 263 8042 8617 8909 7414 295 6669 106 3043 7090 4446 974 5184 3358 9661 9235 7210 4796 7184 6118 779 3995 9321 7333 5650 8691 6277 4250 398 1209 336 5533 1357 2172 5476 3434 4716 5042 1819 2084 5022 926
1 1
1 97
