97 97 543681826
7950 9645 8624 9744 177 9425 9092 2110 9106 1693 4784 4248 9992 277 9487 2140 5845 1142 4679 9355 5174 4448 5984 9361 919 4407 8035 2013 7915 9539 4642 1130 2173 600 4932 3034 984 2132 7716 4765 2804 1932 4412 179 7271 8858 634 6876 10000 8038 3386 4794 577 2034 5478 6330 863 1095 7793 3594 8638 2314 8273 3152 6156 1777 5982 5334 879 6865 44 8992 380 3646 2610 1069 2488 5742 2280 6301 8158 5978 6058 1887 8378 6429 7893 9794 6951 3858 9011 1064 2529 9392 3357 8981 7880
-1 -1 -1 -1 -1 -1 -1 -1 -1 -1 -1 -1 -1 -1 -1 -1 -1 -1 -1 -1 -1 -1 -1 -1 -1 -1 -1 -1 -1 -1 -1 -1 -1 -1 -1 -1 -1 -1 -1 -1 -1 -1 -1 -1 -1 -1 -1 4279 10000 7547 -1 -1 -1 -1 -1 -1 -1 -1 -1 -1 -1 -1 -1 -1 -1 -1 -1 -1 -1 -1 -1 -1 -1 -1 -1 -1 -1 -1 -1 -1 -1 -1 -1 -1 -1 -1 -1 -1 -1 -1 -1 -1 -1 -1 -1 -1 -1
7370 4723 1947 8189 6060 7363 8887 7848 9443 8847 6025 4178 5553 1676 7752 1653 282 4130 2558 2723 4242 9225 6034 9806 3809 9553 9502 233 8955 5685 7926 9443 1660 3292 1118 1461 7877 3704 2988 3764 3759 8594 7380 5907 1472 7502 756 6298 10000 1388 998 2549 1769 4077 8605 2673 6693 7659 6209 2077 3478 1769 7564 4708 3355 4814 3609 2048 5547 436 136 309 5623 9015 2359 6568 9200 7790 5074 8143 5329 244 8756 4412 112 8964 8423 5851 3567 9452 5170 3131 1172 6856 6500 4306 492
6948 -1 -1 -1 -1 -1 -1 -1 -1 -1 -1 -1 -1 -1 -1 -1 -1 -1 -1 -1 -1 -1 -1 -1 -1 -1 -1 -1 -1 -1 -1 -1 -1 -1 -1 -1 -1 -1 -1 -1 -1 -1 -1 -1 -1 -1 -1 -1 10000 -1 -1 -1 -1 -1 -1 -1 -1 -1 -1 -1 -1 -1 -1 -1 -1 -1 -1 -1 -1 -1 -1 -1 -1 -1 -1 -1 -1 -1 -1 -1 -1 -1 -1 -1 -1 -1 -1 -1 -1 -1 -1 -1 -1 -1 -1 -1 4491
40 829 4446 3675 9265 139 3084 5032 9413 7415 6823 3112 4474 4121 1294 2709 4391 3168 9820 6880 653 3137 1993 4692 7461 3863 9854 3494 4128 8904 7152 9428 1820 3479 1121 7244 7058 5413 5969 7846 3373 4783 4104 2973 1048 270 9796 7906 10000 9112 488 1903 1106 5855 8124 8368 4593 3275 4915 3952 9590 9803 8268 3607 2282 5143 4629 149 5691 1802 7841 340 8702 7640 4341 5014 9854 4959 4692 6282 296 4104 830 561 3805 3760 6794 83 8045 3707 6049 3141 8012 5934 9819 9718 5956
-1 -1 -1 -1 -1 -1 -1 -1 -1 -1 -1 -1 -1 -1 -1 -1 -1 -1 -1 -1 -1 -1 -1 -1 -1 -1 -1 -1 -1 -1 -1 -1 -1 -1 -1 -1 -1 -1 -1 -1 -1 -1 -1 -1 -1 -1 -1 3958 10000 1181 -1 -1 -1 -1 -1 -1 -1 -1 -1 -1 -1 -1 -1 -1 -1 -1 -1 -1 -1 -1 -1 -1 -1 -1 -1 -1 -1 -1 -1 -1 -1 -1 -1 -1 -1 -1 -1 -1 -1 -1 -1 -1 -1 -1 -1 -1 -1
7117 3288 864 6023 1784 7578 2961 3623 9498 8396 2020 3306 5877 1395 7459 9350 6664 7316 8981 8320 98 7233 1241 7457 2516 4127 8549 8984 1629 7011 7115 4927 4962 2686 1780 6686 2925 1891 5705 3644 89 9473 6050 7922 6254 5272 2439 7744 10000 1068 3686 6254 3762 1955 3847 9664 1116 12 2523 2827 6474 535 335 1987 5439 570 2921 7994 3319 3024 3142 7654 7980 2266 4401 5177 7440 8674 8177 5096 9449 7979 7029 118 5331 6896 6159 8638 5061 8466 670 2019 1666 2254 1148 4512 1281
5146 -1 -1 -1 -1 -1 -1 -1 -1 -1 -1 -1 -1 -1 -1 -1 -1 -1 -1 -1 -1 -1 -1 -1 -1 -1 -1 -1 -1 -1 -1 -1 -1 -1 -1 -1 -1 -1 -1 -1 -1 -1 -1 -1 -1 -1 -1 -1 10000 -1 -1 -1 -1 -1 -1 -1 -1 -1 -1 -1 -1 -1 -1 -1 -1 -1 -1 -1 -1 -1 -1 -1 -1 -1 -1 -1 -1 -1 -1 -1 -1 -1 -1 -1 -1 -1 -1 -1 -1 -1 -1 -1 -1 -1 -1 -1 3651
8311 5831 8918 9069 139 7580 8334 6337 1098 7683 7832 7066 9599 7289 6017 5899 2459 6706 245 5043 1198 1886 2765 3364 5922 463 7266 3819 9313 9355 4611 9860 3772 2918 6314 9545 9342 3720 5565 8599 8039 1913 8037 4495 9334 7765 6067 5217 10000 6083 8641 5900 1717 3681 9260 3059 8362 2934 4568 246 3165 9621 4045 5132 9705 8226 5729 508 4684 4054 4202 213 4281 8801 2709 2934 126 7421 313 7831 3425 9082 1592 5563 7459 1913 2356 4243 3874 9788 397 3178 8105 2224 6733 9466 4419
-1 -1 -1 -1 -1 -1 -1 -1 -1 -1 -1 -1 -1 -1 -1 -1 -1 -1 -1 -1 -1 -1 -1 -1 -1 -1 -1 -1 -1 -1 -1 -1 -1 -1 -1 -1 -1 -1 -1 -1 -1 -1 -1 -1 -1 -1 -1 8671 10000 9884 -1 -1 -1 -1 -1 -1 -1 -1 -1 -1 -1 -1 -1 -1 -1 -1 -1 -1 -1 -1 -1 -1 -1 -1 -1 -1 -1 -1 -1 -1 -1 -1 -1 -1 -1 -1 -1 -1 -1 -1 -1 -1 -1 -1 -1 -1 -1
3675 7934 2568 7683 478 6354 404 1145 8169 6271 8210 8174 2710 5781 7552 897 1825 2718 1487 6373 6554 3497 8276 200 203 6566 7509 9297 9590 9939 3005 6235 4577 75 283 7881 2280 7664 3339 2128 5491 8386 1020 3920 5291 4905 5550 2834 10000 9556 3343 1017 6092 7318 2864 7397 7438 3601 737 7081 8130 9246 7232 245 5501 6779 7040 226 6980 1049 7609 4581 8865 5954 4488 5114 3292 3787 9123 4776 1668 7067 5150 7648 547 489 8223 8519 7436 4693 5833 2871 489 5439 1759 4362 9726
912 -1 -1 -1 -1 -1 -1 -1 -1 -1 -1 -1 -1 -1 -1 -1 -1 -1 -1 -1 -1 -1 -1 -1 -1 -1 -1 -1 -1 -1 -1 -1 -1 -1 -1 -1 -1 -1 -1 -1 -1 -1 -1 -1 -1 -1 -1 -1 10000 -1 -1 -1 -1 -1 -1 -1 -1 -1 -1 -1 -1 -1 -1 -1 -1 -1 -1 -1 -1 -1 -1 -1 -1 -1 -1 -1 -1 -1 -1 -1 -1 -1 -1 -1 -1 -1 -1 -1 -1 -1 -1 -1 -1 -1 -1 -1 182
8427 831 1063 5855 9727 5302 3867 432 182 2951 5381 6540 4491 6043 5955 7499 7490 2649 8812 6169 6229 9890 8989 2325 1451 2745 2631 4370 8288 322 8450 9631 9981 4525 4591 9419 1486 4908 771 330 5257 9158 4801 6152 8670 5375 1988 966 10000 116 4432 7912 5613 6674 4826 2223 5035 9375 9462 9483 7866 6932 2366 4951 7317 678 9071 7392 3845 9965 6322 7360 4946 2733 5210 5980 1518 2659 7675 4007 712 8794 2500 9431 8101 7678 8919 6911 7940 8468 4997 7242 1707 640 6865 9680 9491
-1 -1 -1 -1 -1 -1 -1 -1 -1 -1 -1 -1 -1 -1 -1 -1 -1 -1 -1 -1 -1 -1 -1 -1 -1 -1 -1 -1 -1 -1 -1 -1 -1 -1 -1 -1 -1 -1 -1 -1 -1 -1 -1 -1 -1 -1 -1 1523 10000 9041 -1 -1 -1 -1 -1 -1 -1 -1 -1 -1 -1 -1 -1 -1 -1 -1 -1 -1 -1 -1 -1 -1 -1 -1 -1 -1 -1 -1 -1 -1 -1 -1 -1 -1 -1 -1 -1 -1 -1 -1 -1 -1 -1 -1 -1 -1 -1
5048 167 3201 6763 8490 8465 9684 8589 9320 7778 3965 6708 8070 7642 6374 4383 5779 9077 9769 52 7603 6940 2321 4813 5276 1710 1662 1082 4663 7773 6626 6991 8884 230 7354 5350 7384 8308 9050 249 2638 7918 5796 5223 1391 196 1755 8465 10000 3889 1478 4926 9538 7260 7250 9140 9665 9358 4144 5890 2593 3379 5893 4124 8095 1898 7164 9596 7287 21 3777 1959 2321 3981 8677 4505 9280 8477 6961 3404 1458 3758 6364 8140 7816 944 5871 5139 2059 9782 6497 2726 307 4442 7388 9113 7503
6633 -1 -1 -1 -1 -1 -1 -1 -1 -1 -1 -1 -1 -1 -1 -1 -1 -1 -1 -1 -1 -1 -1 -1 -1 -1 -1 -1 -1 -1 -1 -1 -1 -1 -1 -1 -1 -1 -1 -1 -1 -1 -1 -1 -1 -1 -1 -1 10000 -1 -1 -1 -1 -1 -1 -1 -1 -1 -1 -1 -1 -1 -1 -1 -1 -1 -1 -1 -1 -1 -1 -1 -1 -1 -1 -1 -1 -1 -1 -1 -1 -1 -1 -1 -1 -1 -1 -1 -1 -1 -1 -1 -1 -1 -1 -1 7952
9207 9623 4015 252 4475 192 8807 5343 9841 8630 6012 4764 2619 7107 4568 2718 821 6064 7734 276 8078 5278 1329 4126 8883 7450 9711 8625 3480 9764 7372 9924 2851 9379 4782 6939 3871 6358 7198 2678 9501 715 614 4524 2630 5442 4658 9395 10000 7469 2616 5001 9824 3532 7644 1489 4183 2637 1874 8411 397 1227 9984 5094 4802 3851 4009 3908 4319 5002 2369 664 6762 9360 2652 3270 429 5647 575 8742 8596 9425 5472 326 1572 9467 8050 1212 5873 7008 8468 8878 6907 967 6681 6640 8464
-1 -1 -1 -1 -1 -1 -1 -1 -1 -1 -1 -1 -1 -1 -1 -1 -1 -1 -1 -1 -1 -1 -1 -1 -1 -1 -1 -1 -1 -1 -1 -1 -1 -1 -1 -1 -1 -1 -1 -1 -1 -1 -1 -1 -1 -1 -1 8728 10000 3014 -1 -1 -1 -1 -1 -1 -1 -1 -1 -1 -1 -1 -1 -1 -1 -1 -1 -1 -1 -1 -1 -1 -1 -1 -1 -1 -1 -1 -1 -1 -1 -1 -1 -1 -1 -1 -1 -1 -1 -1 -1 -1 -1 -1 -1 -1 -1
2653 6065 6661 2082 2389 2168 9292 8280 9992 1389 7859 5725 3115 2852 8843 3520 2820 3169 6860 2791 4750 5128 9672 7060 1236 2854 3105 7050 6508 4399 8642 1024 9448 8495 6671 1388 1375 6251 3495 9678 3942 3668 7017 3237 4408 1732 6090 2574 10000 8946 202 7308 4595 8434 2542 1162 752 306 5473 6686 6889 7849 9053 7992 9671 9831 8235 991 2130 5021 4817 2439 8382 7294 2262 5551 5126 6726 4355 267 4825 8240 577 9160 8830 2718 1570 2511 1813 7730 7805 3000 1927 2927 3569 9807 1247
3799 -1 -1 -1 -1 -1 -1 -1 -1 -1 -1 -1 -1 -1 -1 -1 -1 -1 -1 -1 -1 -1 -1 -1 -1 -1 -1 -1 -1 -1 -1 -1 -1 -1 -1 -1 -1 -1 -1 -1 -1 -1 -1 -1 -1 -1 -1 -1 10000 -1 -1 -1 -1 -1 -1 -1 -1 -1 -1 -1 -1 -1 -1 -1 -1 -1 -1 -1 -1 -1 -1 -1 -1 -1 -1 -1 -1 -1 -1 -1 -1 -1 -1 -1 -1 -1 -1 -1 -1 -1 -1 -1 -1 -1 -1 -1 8689
2827 1351 776 9695 7998 2704 5626 5731 5683 7573 3105 6809 9897 2031 8977 4444 583 1483 9002 8381 171 3888 2374 5722 6335 8874 4023 8015 5593 7382 3110 7901 7389 5783 7625 8373 7970 6937 6121 6582 1820 6834 3711 9212 4064 1512 2805 1154 10000 5970 653 780 6830 8167 1178 5174 340 3188 3772 5141 2088 7878 6657 7520 8765 5987 2114 5236 6730 3359 2770 149 8552 1010 2493 4260 7448 5183 1708 161 9469 3593 1425 7259 9868 3587 4819 4426 2726 3520 7022 2495 3152 8240 4478 6016 3969
-1 -1 -1 -1 -1 -1 -1 -1 -1 -1 -1 -1 -1 -1 -1 -1 -1 -1 -1 -1 -1 -1 -1 -1 -1 -1 -1 -1 -1 -1 -1 -1 -1 -1 -1 -1 -1 -1 -1 -1 -1 -1 -1 -1 -1 -1 -1 3011 10000 304 -1 -1 -1 -1 -1 -1 -1 -1 -1 -1 -1 -1 -1 -1 -1 -1 -1 -1 -1 -1 -1 -1 -1 -1 -1 -1 -1 -1 -1 -1 -1 -1 -1 -1 -1 -1 -1 -1 -1 -1 -1 -1 -1 -1 -1 -1 -1
509 4806 7259 9950 9348 5793 1238 4373 8632 380 4274 5721 5169 2158 2835 9699 7746 251 8434 7121 4835 6609 7204 6578 1886 5028 2761 3063 4567 5916 3807 7478 9753 1326 1168 9088 8162 6722 3583 6193 7440 5873 7032 4809 9161 8212 3383 2255 10000 1127 9925 2300 9165 4348 8645 161 7757 1443 3955 8803 5042 5141 5564 6495 923 8172 378 626 4609 4218 1805 8916 7849 2232 332 1688 6676 8306 5729 7748 4996 9192 6268 5626 150 3388 6775 9852 2780 7741 9044 6628 24 8419 3571 4386 6605
8798 -1 -1 -1 -1 -1 -1 -1 -1 -1 -1 -1 -1 -1 -1 -1 -1 -1 -1 -1 -1 -1 -1 -1 -1 -1 -1 -1 -1 -1 -1 -1 -1 -1 -1 -1 -1 -1 -1 -1 -1 -1 -1 -1 -1 -1 -1 -1 10000 -1 -1 -1 -1 -1 -1 -1 -1 -1 -1 -1 -1 -1 -1 -1 -1 -1 -1 -1 -1 -1 -1 -1 -1 -1 -1 -1 -1 -1 -1 -1 -1 -1 -1 -1 -1 -1 -1 -1 -1 -1 -1 -1 -1 -1 -1 -1 6774
8477 4974 4783 4595 1080 3162 7301 526 725 7561 4543 6379 7950 1380 9349 5905 8458 5241 6940 3553 7367 8045 9707 4502 357 1596 4371 8492 7497 22 6403 6473 9040 7459 8299 8629 8424 1074 6880 9984 6838 976 34 4322 969 3677 9532 402 10000 8363 804 3258 2218 527 59 9970 6034 7175 3983 8778 1256 2902 1504 6035 1432 4634 5591 5698 5404 5224 1846 7587 9291 5314 4861 1859 9327 210 312 7846 9309 1201 5605 7461 4682 2913 673 7601 6763 5559 9371 933 6717 5798 8937 2989 856
-1 -1 -1 -1 -1 -1 -1 -1 -1 -1 -1 -1 -1 -1 -1 -1 -1 -1 -1 -1 -1 -1 -1 -1 -1 -1 -1 -1 -1 -1 -1 -1 -1 -1 -1 -1 -1 -1 -1 -1 -1 -1 -1 -1 -1 -1 -1 6659 10000 3023 -1 -1 -1 -1 -1 -1 -1 -1 -1 -1 -1 -1 -1 -1 -1 -1 -1 -1 -1 -1 -1 -1 -1 -1 -1 -1 -1 -1 -1 -1 -1 -1 -1 -1 -1 -1 -1 -1 -1 -1 -1 -1 -1 -1 -1 -1 -1
1775 1844 5010 7412 5510 2953 9362 7876 3174 8109 6318 6376 3405 8873 1535 8976 4273 6121 5749 4468 4290 7062 4568 8051 6073 2723 2443 1322 4105 7238 7659 1452 3956 7326 9090 6964 8668 3991 6028 9150 1129 6352 3071 7380 8210 7335 8724 595 10000 4082 6834 9090 7222 9477 7775 1270 8135 8636 1861 6172 7685 4514 2530 2343 9796 150 5829 5108 4588 998 1564 6136 5099 4938 4080 1434 14 9976 6062 9182 6941 8600 8099 5404 892 3930 8390 4141 9334 2173 3004 3771 7871 1852 7111 1535 7135
9967 -1 -1 -1 -1 -1 -1 -1 -1 -1 -1 -1 -1 -1 -1 -1 -1 -1 -1 -1 -1 -1 -1 -1 -1 -1 -1 -1 -1 -1 -1 -1 -1 -1 -1 -1 -1 -1 -1 -1 -1 -1 -1 -1 -1 -1 -1 -1 10000 -1 -1 -1 -1 -1 -1 -1 -1 -1 -1 -1 -1 -1 -1 -1 -1 -1 -1 -1 -1 -1 -1 -1 -1 -1 -1 -1 -1 -1 -1 -1 -1 -1 -1 -1 -1 -1 -1 -1 -1 -1 -1 -1 -1 -1 -1 -1 5785
6979 5422 1204 4899 4092 3634 279 2675 9595 7906 9070 9942 5061 6877 7906 9354 4631 9297 1101 9356 6607 1653 7444 5544 5650 5317 2262 220 4378 3348 3083 9480 4127 6869 656 4401 8275 446 296 1736 8764 7757 3166 8280 4052 9052 4791 4586 10000 6941 1802 2481 387 1151 11 2136 2568 142 3846 3342 384 4448 9763 3314 7042 1570 4239 8817 4217 7003 1339 7854 5730 1420 7771 7341 3948 7536 4548 6144 9574 7239 4799 5385 2585 4337 1624 3312 6143 3917 3746 8576 8818 7940 6861 8375 4112
-1 -1 -1 -1 -1 -1 -1 -1 -1 -1 -1 -1 -1 -1 -1 -1 -1 -1 -1 -1 -1 -1 -1 -1 -1 -1 -1 -1 -1 -1 -1 -1 -1 -1 -1 -1 -1 -1 -1 -1 -1 -1 -1 -1 -1 -1 -1 3748 10000 4459 -1 -1 -1 -1 -1 -1 -1 -1 -1 -1 -1 -1 -1 -1 -1 -1 -1 -1 -1 -1 -1 -1 -1 -1 -1 -1 -1 -1 -1 -1 -1 -1 -1 -1 -1 -1 -1 -1 -1 -1 -1 -1 -1 -1 -1 -1 -1
2136 1144 593 6594 2743 1476 219 229 1219 5858 1157 4399 8747 1014 1410 3832 1255 7312 6052 9589 3225 4324 9599 6495 3692 7070 9135 6785 8367 5767 2160 6562 2879 7484 6968 2610 2285 9313 89 6693 5005 2903 5877 9892 8065 7390 435 2031 10000 1736 4180 377 483 6977 1483 9641 4262 3657 4066 5931 9784 4419 7316 3562 2959 7219 5052 2562 7826 9531 6709 5924 2301 6191 6398 8708 3937 2887 7929 1585 4071 2736 1085 761 9290 450 5858 1371 6739 1912 3333 9034 360 8216 456 7247 5369
4180 -1 -1 -1 -1 -1 -1 -1 -1 -1 -1 -1 -1 -1 -1 -1 -1 -1 -1 -1 -1 -1 -1 -1 -1 -1 -1 -1 -1 -1 -1 -1 -1 -1 -1 -1 -1 -1 -1 -1 -1 -1 -1 -1 -1 -1 -1 -1 10000 -1 -1 -1 -1 -1 -1 -1 -1 -1 -1 -1 -1 -1 -1 -1 -1 -1 -1 -1 -1 -1 -1 -1 -1 -1 -1 -1 -1 -1 -1 -1 -1 -1 -1 -1 -1 -1 -1 -1 -1 -1 -1 -1 -1 -1 -1 -1 7538
1420 6148 2413 1780 7575 3242 3871 6025 827 8260 8753 1866 5673 1498 1550 703 8834 4293 4294 4403 4669 72 8018 1145 2731 2879 5014 1535 37 8557 6673 4972 9865 3144 6359 9596 8129 7700 4078 3805 3242 9468 7968 6521 5412 2488 4109 6873 10000 7735 7316 832 6108 2616 7894 5608 9401 866 7414 2391 4630 2734 6147 5343 1849 5564 202 1018 8022 6068 3525 4983 4896 5459 4765 7923 6791 4805 3189 6926 9882 825 9186 607 8408 3417 7146 2487 3954 1261 6511 3349 3013 7823 547 8791 7421
-1 -1 -1 -1 -1 -1 -1 -1 -1 -1 -1 -1 -1 -1 -1 -1 -1 -1 -1 -1 -1 -1 -1 -1 -1 -1 -1 -1 -1 -1 -1 -1 -1 -1 -1 -1 -1 -1 -1 -1 -1 -1 -1 -1 -1 -1 -1 9100 10000 328 -1 -1 -1 -1 -1 -1 -1 -1 -1 -1 -1 -1 -1 -1 -1 -1 -1 -1 -1 -1 -1 -1 -1 -1 -1 -1 -1 -1 -1 -1 -1 -1 -1 -1 -1 -1 -1 -1 -1 -1 -1 -1 -1 -1 -1 -1 -1
2392 3487 356 825 3547 917 2305 9716 2981 4467 696 8937 2709 5237 8063 7048 2402 1123 9799 2507 789 3887 1558 7649 1692 9631 4120 4336 9729 1931 7394 5765 9888 5584 2416 1984 3031 7161 867 9619 7219 5128 6506 4536 1800 1595 2439 4218 10000 9059 1529 2457 9639 6541 4618 6352 6742 6562 7678 4354 7240 5245 9491 1666 9011 5830 4195 3405 579 8069 8911 9722 1026 3060 9327 6952 7768 7687 1847 4544 9820 403 5048 8841 4456 7424 7425 9660 3355 4370 7250 6781 8391 1099 2136 7745 6376
1604 -1 -1 -1 -1 -1 -1 -1 -1 -1 -1 -1 -1 -1 -1 -1 -1 -1 -1 -1 -1 -1 -1 -1 -1 -1 -1 -1 -1 -1 -1 -1 -1 -1 -1 -1 -1 -1 -1 -1 -1 -1 -1 -1 -1 -1 -1 -1 10000 -1 -1 -1 -1 -1 -1 -1 -1 -1 -1 -1 -1 -1 -1 -1 -1 -1 -1 -1 -1 -1 -1 -1 -1 -1 -1 -1 -1 -1 -1 -1 -1 -1 -1 -1 -1 -1 -1 -1 -1 -1 -1 -1 -1 -1 -1 -1 2301
4385 1103 1442 8489 9258 5472 6436 8234 2538 52 5561 373 4014 3368 3644 2163 5409 5597 5181 5937 7132 9264 9231 6379 5065 6487 375 3262 1934 9600 2253 9145 7207 6874 7460 1284 8411 6890 391 9152 380 2898 7165 3946 6693 3664 9509 6940 10000 3908 6312 8178 5482 1029 7387 1541 6725 15 8202 4664 9171 6914 663 5818 4151 7251 4681 4159 6634 6969 6871 9947 6256 6962 5419 2252 6144 8811 6041 7454 3660 5134 3949 2404 505 3872 6498 4250 1458 2229 5296 737 2608 8509 8834 9069 335
-1 -1 -1 -1 -1 -1 -1 -1 -1 -1 -1 -1 -1 -1 -1 -1 -1 -1 -1 -1 -1 -1 -1 -1 -1 -1 -1 -1 -1 -1 -1 -1 -1 -1 -1 -1 -1 -1 -1 -1 -1 -1 -1 -1 -1 -1 -1 2538 10000 2283 -1 -1 -1 -1 -1 -1 -1 -1 -1 -1 -1 -1 -1 -1 -1 -1 -1 -1 -1 -1 -1 -1 -1 -1 -1 -1 -1 -1 -1 -1 -1 -1 -1 -1 -1 -1 -1 -1 -1 -1 -1 -1 -1 -1 -1 -1 -1
6406 4264 6760 827 4612 5376 3666 6934 3359 3160 6337 5852 3755 3253 645 1827 681 1534 3940 2441 888 8028 9719 5415 547 8628 7404 9639 5443 2444 3793 1210 5438 7339 298 854 6511 876 4652 9489 462 6945 8293 8694 9692 6502 428 5229 10000 7988 3340 4930 4510 3976 4257 5404 9378 3733 1329 7784 8416 9114 1611 7901 315 6602 7437 118 6531 2664 5170 4184 3144 8885 6669 3669 6875 3369 5426 3396 3342 8760 8910 7298 8959 7045 5186 8412 9385 146 3725 9960 9201 8476 1116 5651 7863
3611 -1 -1 -1 -1 -1 -1 -1 -1 -1 -1 -1 -1 -1 -1 -1 -1 -1 -1 -1 -1 -1 -1 -1 -1 -1 -1 -1 -1 -1 -1 -1 -1 -1 -1 -1 -1 -1 -1 -1 -1 -1 -1 -1 -1 -1 -1 -1 10000 -1 -1 -1 -1 -1 -1 -1 -1 -1 -1 -1 -1 -1 -1 -1 -1 -1 -1 -1 -1 -1 -1 -1 -1 -1 -1 -1 -1 -1 -1 -1 -1 -1 -1 -1 -1 -1 -1 -1 -1 -1 -1 -1 -1 -1 -1 -1 1515
6146 5020 3785 8053 741 7577 5008 5779 7715 1141 4686 6152 8627 3475 3060 9503 3904 4165 980 2199 5555 1570 3918 4483 3498 4986 7372 1169 8296 8784 741 6819 4148 6451 5741 4685 4706 6828 7628 6640 5607 8965 229 1057 4618 6642 1665 3470 10000 2877 7776 6729 5623 4982 2334 2293 3378 6574 1885 9005 3777 4535 2171 7581 2827 525 8052 8536 5547 3674 7238 1661 4786 7404 8575 2123 4060 6783 7343 4312 4595 4516 1719 3695 9233 560 4541 174 273 110 8325 6973 5104 7491 5168 8543 7554
-1 -1 -1 -1 -1 -1 -1 -1 -1 -1 -1 -1 -1 -1 -1 -1 -1 -1 -1 -1 -1 -1 -1 -1 -1 -1 -1 -1 -1 -1 -1 -1 -1 -1 -1 -1 -1 -1 -1 -1 -1 -1 -1 -1 -1 -1 -1 926 10000 4399 -1 -1 -1 -1 -1 -1 -1 -1 -1 -1 -1 -1 -1 -1 -1 -1 -1 -1 -1 -1 -1 -1 -1 -1 -1 -1 -1 -1 -1 -1 -1 -1 -1 -1 -1 -1 -1 -1 -1 -1 -1 -1 -1 -1 -1 -1 -1
8459 920 769 7393 4159 4903 2167 7393 527 2090 4902 86 5244 8500 7640 8776 4093 3000 881 3130 295 860 7160 468 4956 9060 8540 8206 5636 414 206 6821 2418 6854 9067 7453 4104 8290 6276 1757 5809 4151 2555 1765 6080 3014 4214 9054 10000 60 5602 264 6477 4685 3415 9467 4795 4942 2372 7536 2979 5529 6462 8875 5068 9123 1464 3158 9778 8667 2084 5595 2095 9056 739 4801 7206 8741 6997 3080 6346 4197 2547 3639 9268 9812 1793 6515 3302 6411 1748 5074 1343 1032 686 7784 1769
8303 -1 -1 -1 -1 -1 -1 -1 -1 -1 -1 -1 -1 -1 -1 -1 -1 -1 -1 -1 -1 -1 -1 -1 -1 -1 -1 -1 -1 -1 -1 -1 -1 -1 -1 -1 -1 -1 -1 -1 -1 -1 -1 -1 -1 -1 -1 -1 10000 -1 -1 -1 -1 -1 -1 -1 -1 -1 -1 -1 -1 -1 -1 -1 -1 -1 -1 -1 -1 -1 -1 -1 -1 -1 -1 -1 -1 -1 -1 -1 -1 -1 -1 -1 -1 -1 -1 -1 -1 -1 -1 -1 -1 -1 -1 -1 9053
8004 6776 606 6246 4363 1041 4876 1880 7107 8051 9463 4342 3707 8163 6970 1280 9563 9473 9959 8164 4621 2297 1496 4863 8410 823 9403 7676 8297 167 7091 3513 8300 5035 6083 5475 7906 6731 3531 6066 9318 1141 1702 1573 9731 1314 8278 4121 10000 5377 7303 894 3956 8466 9684 1112 6025 751 7749 3827 1372 4454 4629 2327 6577 6563 2857 2145 5428 9896 8006 107 1151 3651 5372 5193 9107 2638 1864 5007 3615 6017 8073 7746 5605 7654 582 7832 1641 9822 9751 4740 2134 5377 8675 6129 8131
-1 -1 -1 -1 -1 -1 -1 -1 -1 -1 -1 -1 -1 -1 -1 -1 -1 -1 -1 -1 -1 -1 -1 -1 -1 -1 -1 -1 -1 -1 -1 -1 -1 -1 -1 -1 -1 -1 -1 -1 -1 -1 -1 -1 -1 -1 -1 6661 10000 276 -1 -1 -1 -1 -1 -1 -1 -1 -1 -1 -1 -1 -1 -1 -1 -1 -1 -1 -1 -1 -1 -1 -1 -1 -1 -1 -1 -1 -1 -1 -1 -1 -1 -1 -1 -1 -1 -1 -1 -1 -1 -1 -1 -1 -1 -1 -1
1478 1076 6832 6083 8640 3050 9850 9374 7924 2814 5262 9234 1799 4174 6816 8940 8399 4967 9510 8470 9971 1716 7553 5894 5364 3062 1260 4105 6677 5393 1320 874 4468 1840 1633 4823 2502 6533 4832 6452 1338 1048 3983 4754 6000 5957 8163 9756 10000 6223 7701 7519 9171 2847 3035 7465 1456 695 5510 1164 601 8387 5136 2256 6549 2849 445 4883 3225 4896 2551 6942 2690 7681 5148 1367 9963 376 8970 5961 3401 2737 8953 2466 187 8400 2148 4998 6027 469 5197 4245 4061 2493 2463 4962 3901
841 -1 -1 -1 -1 -1 -1 -1 -1 -1 -1 -1 -1 -1 -1 -1 -1 -1 -1 -1 -1 -1 -1 -1 -1 -1 -1 -1 -1 -1 -1 -1 -1 -1 -1 -1 -1 -1 -1 -1 -1 -1 -1 -1 -1 -1 -1 -1 10000 -1 -1 -1 -1 -1 -1 -1 -1 -1 -1 -1 -1 -1 -1 -1 -1 -1 -1 -1 -1 -1 -1 -1 -1 -1 -1 -1 -1 -1 -1 -1 -1 -1 -1 -1 -1 -1 -1 -1 -1 -1 -1 -1 -1 -1 -1 -1 480
1548 9418 3918 2016 3779 2838 29 4081 1929 2161 8451 8675 3569 9002 5337 618 2690 7645 4360 9455 9605 2934 861 6563 2698 8105 9615 1826 4983 590 2176 6004 9397 7910 7282 4768 4245 5195 7880 4180 9214 7732 1951 6251 8258 9613 2372 6228 10000 8681 1888 4268 5428 4593 115 2330 6072 3662 5356 6942 9939 7273 40 7667 6163 5125 1717 2581 3389 4903 7920 9571 8747 8410 3359 4167 5811 525 4083 6710 9226 2573 7771 9338 4263 5072 7618 9986 9269 1321 8656 3793 5942 96 470 8121 1565
-1 -1 -1 -1 -1 -1 -1 -1 -1 -1 -1 -1 -1 -1 -1 -1 -1 -1 -1 -1 -1 -1 -1 -1 -1 -1 -1 -1 -1 -1 -1 -1 -1 -1 -1 -1 -1 -1 -1 -1 -1 -1 -1 -1 -1 -1 -1 5973 10000 6661 -1 -1 -1 -1 -1 -1 -1 -1 -1 -1 -1 -1 -1 -1 -1 -1 -1 -1 -1 -1 -1 -1 -1 -1 -1 -1 -1 -1 -1 -1 -1 -1 -1 -1 -1 -1 -1 -1 -1 -1 -1 -1 -1 -1 -1 -1 -1
1807 3162 4500 7426 9 8742 4549 2547 7093 3852 3461 6981 2018 6949 4191 3408 8470 1054 1404 1492 3462 7264 2683 4210 4805 4569 1876 1366 3354 9010 2969 4293 4078 7921 317 4972 5556 2769 3310 2141 7424 1348 4798 8111 3244 3939 9380 8207 10000 255 6887 6847 3006 3982 4953 3515 5700 1049 7416 5239 2165 6020 7627 168 6812 7111 4739 606 3572 4438 5648 3783 2965 901 1531 2037 8764 7968 9335 285 2741 3985 1220 3398 944 2854 4684 7368 6326 6958 9432 739 1031 3098 5074 6610 5797
4244 -1 -1 -1 -1 -1 -1 -1 -1 -1 -1 -1 -1 -1 -1 -1 -1 -1 -1 -1 -1 -1 -1 -1 -1 -1 -1 -1 -1 -1 -1 -1 -1 -1 -1 -1 -1 -1 -1 -1 -1 -1 -1 -1 -1 -1 -1 -1 10000 -1 -1 -1 -1 -1 -1 -1 -1 -1 -1 -1 -1 -1 -1 -1 -1 -1 -1 -1 -1 -1 -1 -1 -1 -1 -1 -1 -1 -1 -1 -1 -1 -1 -1 -1 -1 -1 -1 -1 -1 -1 -1 -1 -1 -1 -1 -1 8717
3455 4074 7188 9263 9576 1628 7491 5677 3711 8602 1530 3938 342 220 8751 77 3198 5594 9100 5605 6566 8400 4454 729 2159 9758 9649 8627 1629 6083 2300 8658 536 7270 4947 3593 6011 9692 7520 4627 8248 8071 1187 536 3643 1434 6480 1599 10000 4277 7971 8632 8780 613 8903 6288 4213 9968 3018 8893 8699 3893 1172 382 340 9625 1105 5355 6678 6929 3128 9783 6394 7930 7182 5480 3198 1762 9841 9222 8448 1452 7140 256 9758 5336 7817 4943 5138 1231 8993 3110 6865 4187 2016 3281 7356
-1 -1 -1 -1 -1 -1 -1 -1 -1 -1 -1 -1 -1 -1 -1 -1 -1 -1 -1 -1 -1 -1 -1 -1 -1 -1 -1 -1 -1 -1 -1 -1 -1 -1 -1 -1 -1 -1 -1 -1 -1 -1 -1 -1 -1 -1 -1 8046 10000 4387 -1 -1 -1 -1 -1 -1 -1 -1 -1 -1 -1 -1 -1 -1 -1 -1 -1 -1 -1 -1 -1 -1 -1 -1 -1 -1 -1 -1 -1 -1 -1 -1 -1 -1 -1 -1 -1 -1 -1 -1 -1 -1 -1 -1 -1 -1 -1
336 169 4234 3897 5482 3673 2094 3584 3885 7710 7903 6438 3302 8302 8771 5457 2523 5518 2331 4802 8014 9387 9918 8664 5442 84 4475 5642 2180 1718 8222 2986 1991 5416 2023 3622 821 8207 5067 9643 3237 195 5626 5686 9385 6455 8633 5263 10000 2694 3318 6033 2454 4974 7724 8982 844 8616 8281 8605 1979 3045 4409 6699 5313 3639 1197 8587 479 5334 3823 8952 6926 6064 8248 1493 5340 7940 4210 2823 9841 2687 2386 6172 5677 2502 4809 6913 9962 7378 9744 826 110 8551 9380 8215 4189
3257 -1 -1 -1 -1 -1 -1 -1 -1 -1 -1 -1 -1 -1 -1 -1 -1 -1 -1 -1 -1 -1 -1 -1 -1 -1 -1 -1 -1 -1 -1 -1 -1 -1 -1 -1 -1 -1 -1 -1 -1 -1 -1 -1 -1 -1 -1 -1 10000 -1 -1 -1 -1 -1 -1 -1 -1 -1 -1 -1 -1 -1 -1 -1 -1 -1 -1 -1 -1 -1 -1 -1 -1 -1 -1 -1 -1 -1 -1 -1 -1 -1 -1 -1 -1 -1 -1 -1 -1 -1 -1 -1 -1 -1 -1 -1 2799
5743 9444 4970 4506 7562 825 3801 4190 7250 8581 1648 7114 2101 1989 5633 1428 2589 6380 8857 709 7993 4761 7577 8954 5296 4058 6740 594 8094 9131 7750 3434 4642 8502 2895 826 5341 3630 1006 54 7395 3571 678 4355 2636 4432 8655 7954 10000 6511 6369 866 1640 416 1486 4557 9836 1886 9049 4436 5387 473 7192 8407 2680 3801 3533 6470 6830 1188 7768 6466 485 6097 6918 238 4034 7675 4704 7776 9028 7496 4550 5062 4174 9041 6196 1933 8961 2777 6449 6175 6631 3870 8512 6167 9617
-1 -1 -1 -1 -1 -1 -1 -1 -1 -1 -1 -1 -1 -1 -1 -1 -1 -1 -1 -1 -1 -1 -1 -1 -1 -1 -1 -1 -1 -1 -1 -1 -1 -1 -1 -1 -1 -1 -1 -1 -1 -1 -1 -1 -1 -1 -1 9662 10000 4534 -1 -1 -1 -1 -1 -1 -1 -1 -1 -1 -1 -1 -1 -1 -1 -1 -1 -1 -1 -1 -1 -1 -1 -1 -1 -1 -1 -1 -1 -1 -1 -1 -1 -1 -1 -1 -1 -1 -1 -1 -1 -1 -1 -1 -1 -1 -1
9635 1442 779 7519 458 6631 666 7076 6535 6279 7218 7422 7567 9440 6818 6369 9582 99 1014 1143 9847 1094 1148 9924 4853 2737 9009 7848 8529 1974 9983 2012 2523 9869 5564 7546 2174 5887 8642 7895 2405 3737 9076 839 4137 6385 6888 4759 10000 7804 4677 8986 1448 8398 745 5497 8207 6566 1606 1062 119 4722 6227 5765 6165 767 7466 7126 5973 7181 3480 3973 4458 9994 3044 1953 9793 2577 2851 7567 6032 4174 111 8215 2160 9326 2107 4514 2606 4692 7308 506 8863 28 9911 1661 3138
6880 -1 -1 -1 -1 -1 -1 -1 -1 -1 -1 -1 -1 -1 -1 -1 -1 -1 -1 -1 -1 -1 -1 -1 -1 -1 -1 -1 -1 -1 -1 -1 -1 -1 -1 -1 -1 -1 -1 -1 -1 -1 -1 -1 -1 -1 -1 -1 10000 -1 -1 -1 -1 -1 -1 -1 -1 -1 -1 -1 -1 -1 -1 -1 -1 -1 -1 -1 -1 -1 -1 -1 -1 -1 -1 -1 -1 -1 -1 -1 -1 -1 -1 -1 -1 -1 -1 -1 -1 -1 -1 -1 -1 -1 -1 -1 5749
7225 1916 1145 3935 6321 1133 9046 7784 4042 1833 1916 1381 7930 7667 1814 5295 2593 9314 1152 6851 9153 9628 3592 7443 9435 8566 1708 5780 6204 8283 1467 2274 3597 693 3475 9237 562 8721 8560 3646 3138 8813 5720 4247 1552 534 3310 1243 10000 58 2539 5876 2251 160 3517 3360 5288 9524 8395 1552 4477 8675 3209 7654 2054 8819 9637 4132 7200 983 2929 3486 3848 6820 5138 6389 3744 8971 9100 1413 3146 5384 3375 1081 8569 6141 6617 7640 4404 3428 4617 4370 3576 9991 4409 1880 4963
-1 -1 -1 -1 -1 -1 -1 -1 -1 -1 -1 -1 -1 -1 -1 -1 -1 -1 -1 -1 -1 -1 -1 -1 -1 -1 -1 -1 -1 -1 -1 -1 -1 -1 -1 -1 -1 -1 -1 -1 -1 -1 -1 -1 -1 -1 -1 5209 10000 4523 -1 -1 -1 -1 -1 -1 -1 -1 -1 -1 -1 -1 -1 -1 -1 -1 -1 -1 -1 -1 -1 -1 -1 -1 -1 -1 -1 -1 -1 -1 -1 -1 -1 -1 -1 -1 -1 -1 -1 -1 -1 -1 -1 -1 -1 -1 -1
6794 234 5865 7143 3905 8528 4807 1016 8897 6375 7141 7245 8271 2248 8938 2134 5616 836 7369 4154 2494 7531 2062 449 4309 9977 6277 604 8891 3940 8131 6222 9993 9121 889 2898 3246 3418 7066 746 9791 8881 9229 4817 9272 2870 6187 8921 10000 2533 9788 7762 5048 6516 3667 5244 6451 1153 7954 8842 8108 3656 2642 2274 4053 5444 5614 5933 3861 6238 7583 2746 4806 1904 3055 1276 7653 4773 1839 1535 1773 1343 6428 7212 8504 6564 8153 9732 8445 4809 9802 8278 3888 394 7530 2623 5252
7528 -1 -1 -1 -1 -1 -1 -1 -1 -1 -1 -1 -1 -1 -1 -1 -1 -1 -1 -1 -1 -1 -1 -1 -1 -1 -1 -1 -1 -1 -1 -1 -1 -1 -1 -1 -1 -1 -1 -1 -1 -1 -1 -1 -1 -1 -1 -1 10000 -1 -1 -1 -1 -1 -1 -1 -1 -1 -1 -1 -1 -1 -1 -1 -1 -1 -1 -1 -1 -1 -1 -1 -1 -1 -1 -1 -1 -1 -1 -1 -1 -1 -1 -1 -1 -1 -1 -1 -1 -1 -1 -1 -1 -1 -1 -1 7918
167 5833 6253 2238 8373 3280 8174 4386 3864 980 7921 5143 7659 4917 4342 3573 7802 5745 307 1291 2243 7348 7853 3573 333 675 6936 7020 6887 6270 9342 1190 1990 9514 1745 6646 8403 1972 4672 8035 4777 1661 6866 6258 7074 338 4732 3012 10000 4123 3215 8100 6155 8620 5452 770 1399 8599 4533 8030 9490 391 2055 4894 7156 5406 4806 6578 8313 308 9742 4264 4333 6961 9469 436 4628 2877 8861 717 3422 3487 4513 2894 6730 3355 198 7114 5290 8763 629 1973 6475 4783 2095 7837 9461
-1 -1 -1 -1 -1 -1 -1 -1 -1 -1 -1 -1 -1 -1 -1 -1 -1 -1 -1 -1 -1 -1 -1 -1 -1 -1 -1 -1 -1 -1 -1 -1 -1 -1 -1 -1 -1 -1 -1 -1 -1 -1 -1 -1 -1 -1 -1 2995 10000 6826 -1 -1 -1 -1 -1 -1 -1 -1 -1 -1 -1 -1 -1 -1 -1 -1 -1 -1 -1 -1 -1 -1 -1 -1 -1 -1 -1 -1 -1 -1 -1 -1 -1 -1 -1 -1 -1 -1 -1 -1 -1 -1 -1 -1 -1 -1 -1
3515 5249 6934 7101 1916 3541 3 8669 5506 680 4825 4460 3906 1390 2837 7973 7792 5065 8772 2562 8446 6517 3025 1428 164 6465 7020 8075 1440 4411 2558 6049 7086 428 4227 6181 3046 9452 2023 8381 4203 7725 3845 9553 4959 7081 4754 8753 10000 1890 6254 994 3734 1988 4777 7247 1751 8228 2559 8853 7449 6779 4290 1680 1560 9950 213 998 7385 6072 407 595 8645 5199 3780 2198 692 1916 5028 9561 2001 8459 320 3082 9461 7330 4481 9683 4712 8870 2371 8053 274 3001 3615 917 1848
5245 -1 -1 -1 -1 -1 -1 -1 -1 -1 -1 -1 -1 -1 -1 -1 -1 -1 -1 -1 -1 -1 -1 -1 -1 -1 -1 -1 -1 -1 -1 -1 -1 -1 -1 -1 -1 -1 -1 -1 -1 -1 -1 -1 -1 -1 -1 -1 10000 -1 -1 -1 -1 -1 -1 -1 -1 -1 -1 -1 -1 -1 -1 -1 -1 -1 -1 -1 -1 -1 -1 -1 -1 -1 -1 -1 -1 -1 -1 -1 -1 -1 -1 -1 -1 -1 -1 -1 -1 -1 -1 -1 -1 -1 -1 -1 3695
7117 8563 2059 8743 7737 9112 1836 8882 8470 6642 317 7530 4947 2033 9515 9115 1181 230 2736 7286 7695 8136 3769 7598 8962 8514 2484 6052 7090 1431 1317 4691 4318 7019 2881 4712 4878 7659 9758 7308 1862 3977 9239 3149 9278 6070 733 9367 10000 2211 8692 7150 6814 5975 1992 1307 8879 8682 3424 6521 5176 5074 5422 9551 6020 7407 5784 8351 5168 3417 7694 3417 2306 6191 2331 1869 3862 8398 495 7676 7768 5753 2924 1730 5588 3172 6410 7051 5245 9639 1054 492 9546 6391 187 8539 575
-1 -1 -1 -1 -1 -1 -1 -1 -1 -1 -1 -1 -1 -1 -1 -1 -1 -1 -1 -1 -1 -1 -1 -1 -1 -1 -1 -1 -1 -1 -1 -1 -1 -1 -1 -1 -1 -1 -1 -1 -1 -1 -1 -1 -1 -1 -1 433 10000 7387 -1 -1 -1 -1 -1 -1 -1 -1 -1 -1 -1 -1 -1 -1 -1 -1 -1 -1 -1 -1 -1 -1 -1 -1 -1 -1 -1 -1 -1 -1 -1 -1 -1 -1 -1 -1 -1 -1 -1 -1 -1 -1 -1 -1 -1 -1 -1
367 9035 9974 9315 7986 4704 834 6166 2969 6117 8732 1119 8595 3148 4587 8677 7422 544 7810 3093 7110 7573 937 4884 1392 9960 1325 5239 1505 2144 8320 8400 3612 4469 2402 3436 7899 1713 4684 6270 6664 2648 2018 2804 4669 3815 399 2463 10000 5737 3296 514 1143 834 3811 1772 979 7754 1120 2404 636 3911 4033 3091 3880 8699 745 31 7638 3040 6909 2935 8974 9455 5905 4960 6064 1433 3759 2170 7599 9239 4278 3993 6974 8082 4515 5348 2648 3439 7477 4804 1994 6863 4412 4425 4232
2040 -1 -1 -1 -1 -1 -1 -1 -1 -1 -1 -1 -1 -1 -1 -1 -1 -1 -1 -1 -1 -1 -1 -1 -1 -1 -1 -1 -1 -1 -1 -1 -1 -1 -1 -1 -1 -1 -1 -1 -1 -1 -1 -1 -1 -1 -1 -1 10000 -1 -1 -1 -1 -1 -1 -1 -1 -1 -1 -1 -1 -1 -1 -1 -1 -1 -1 -1 -1 -1 -1 -1 -1 -1 -1 -1 -1 -1 -1 -1 -1 -1 -1 -1 -1 -1 -1 -1 -1 -1 -1 -1 -1 -1 -1 -1 1322
3935 7793 6440 9646 7696 9912 1137 70 9841 8444 1218 9753 3435 1227 9696 8322 7025 7036 3882 5787 6753 1060 1311 3285 3045 2174 3016 5423 7780 3723 1246 5193 2827 1424 348 8688 1763 4282 142 4870 8433 7318 8321 2368 4590 8056 1227 4166 10000 1033 8711 9986 8927 3629 3572 9950 9552 5604 7731 3694 2185 3274 9016 7940 4847 8909 7635 6562 4310 6730 5771 3975 6685 5982 3414 3529 2253 5046 4568 739 187 8505 9923 5021 9918 3755 7182 3550 5224 3560 2748 7294 5460 768 6084 624 1373
-1 -1 -1 -1 -1 -1 -1 -1 -1 -1 -1 -1 -1 -1 -1 -1 -1 -1 -1 -1 -1 -1 -1 -1 -1 -1 -1 -1 -1 -1 -1 -1 -1 -1 -1 -1 -1 -1 -1 -1 -1 -1 -1 -1 -1 -1 -1 5707 10000 4657 -1 -1 -1 -1 -1 -1 -1 -1 -1 -1 -1 -1 -1 -1 -1 -1 -1 -1 -1 -1 -1 -1 -1 -1 -1 -1 -1 -1 -1 -1 -1 -1 -1 -1 -1 -1 -1 -1 -1 -1 -1 -1 -1 -1 -1 -1 -1
9426 2246 8713 215 9334 8860 1050 9672 8490 7079 2949 6216 2387 7372 1295 4707 6827 1949 8766 3831 3031 2364 9505 8246 9334 8343 3694 978 521 287 7142 5413 2692 9252 9067 2075 3353 1129 9867 640 8485 9060 50 8140 4036 6740 9612 5112 10000 4034 582 7249 8325 2306 6279 8193 1020 6934 8671 9861 1641 77 4639 1613 1706 292 1289 7316 6526 8745 3355 4523 10000 2206 3764 8147 3820 9265 3355 527 4822 3025 82 463 7389 2778 3504 7291 7406 6122 4789 9761 5938 4867 7051 3419 440
9615 -1 -1 -1 -1 -1 -1 -1 -1 -1 -1 -1 -1 -1 -1 -1 -1 -1 -1 -1 -1 -1 -1 -1 -1 -1 -1 -1 -1 -1 -1 -1 -1 -1 -1 -1 -1 -1 -1 -1 -1 -1 -1 -1 -1 -1 -1 -1 10000 -1 -1 -1 -1 -1 -1 -1 -1 -1 -1 -1 -1 -1 -1 -1 -1 -1 -1 -1 -1 -1 -1 -1 -1 -1 -1 -1 -1 -1 -1 -1 -1 -1 -1 -1 -1 -1 -1 -1 -1 -1 -1 -1 -1 -1 -1 -1 8398
8189 5827 7524 6282 540 7161 253 9158 5692 3609 6000 9376 7797 9113 9493 8987 1153 6340 894 2581 8524 41 5237 1222 3666 8798 9896 3891 7203 5490 1374 7772 4109 8164 9949 3028 3672 599 426 9560 4033 2490 1529 2506 5328 9841 4447 926 10000 314 1314 438 1612 6639 4571 956 9303 1674 6627 5615 7007 9743 7950 4329 1386 3785 9244 2428 9987 1852 4500 1652 8569 1329 1440 3954 6501 5991 647 2618 1272 2430 7265 8317 4152 2273 8685 1111 2812 5812 9244 6863 445 1905 3353 4808 8483
-1 -1 -1 -1 -1 -1 -1 -1 -1 -1 -1 -1 -1 -1 -1 -1 -1 -1 -1 -1 -1 -1 -1 -1 -1 -1 -1 -1 -1 -1 -1 -1 -1 -1 -1 -1 -1 -1 -1 -1 -1 -1 -1 -1 -1 -1 -1 8382 10000 3198 -1 -1 -1 -1 -1 -1 -1 -1 -1 -1 -1 -1 -1 -1 -1 -1 -1 -1 -1 -1 -1 -1 -1 -1 -1 -1 -1 -1 -1 -1 -1 -1 -1 -1 -1 -1 -1 -1 -1 -1 -1 -1 -1 -1 -1 -1 -1
2030 3365 2957 4464 2410 3600 1690 2680 4808 8130 1550 6810 9445 5299 9201 2207 7509 54 4856 3047 6715 3554 3235 6467 8835 8410 4901 4714 2909 7146 6535 5475 7383 8315 2994 6687 1532 7696 2797 4269 1689 6279 7814 3205 8792 1429 8276 5825 10000 4020 6184 3663 3998 8334 8897 5856 4282 4845 5312 9377 8327 1357 1507 8869 1506 8827 8238 554 5718 5972 6385 3100 8760 4039 4013 8645 7766 2132 4441 9316 6889 5948 7304 5538 4242 6549 1363 5851 1700 6509 5630 8817 7236 7297 9152 8748 8696
3803 -1 -1 -1 -1 -1 -1 -1 -1 -1 -1 -1 -1 -1 -1 -1 -1 -1 -1 -1 -1 -1 -1 -1 -1 -1 -1 -1 -1 -1 -1 -1 -1 -1 -1 -1 -1 -1 -1 -1 -1 -1 -1 -1 -1 -1 -1 -1 10000 -1 -1 -1 -1 -1 -1 -1 -1 -1 -1 -1 -1 -1 -1 -1 -1 -1 -1 -1 -1 -1 -1 -1 -1 -1 -1 -1 -1 -1 -1 -1 -1 -1 -1 -1 -1 -1 -1 -1 -1 -1 -1 -1 -1 -1 -1 -1 8146
5446 9383 9852 4786 3316 7 3441 9050 3800 3395 8563 7213 8691 6889 2420 4857 3310 8364 5868 1691 3228 7623 9797 3840 8313 2109 2481 338 6665 9026 2587 4031 5197 6061 3303 9518 8298 1536 3770 6222 7058 1921 3129 1118 8394 7959 6195 5642 10000 4887 9304 3962 1667 3258 9182 4812 6073 6737 6890 6057 4335 5421 3802 7104 398 1092 4753 4845 9424 9183 7226 9315 6663 4967 4266 3773 4434 1894 5956 1114 3784 9648 6486 5396 1861 3951 5229 1431 7519 3277 2978 3280 4002 9163 4499 1367 346
-1 -1 -1 -1 -1 -1 -1 -1 -1 -1 -1 -1 -1 -1 -1 -1 -1 -1 -1 -1 -1 -1 -1 -1 -1 -1 -1 -1 -1 -1 -1 -1 -1 -1 -1 -1 -1 -1 -1 -1 -1 -1 -1 -1 -1 -1 -1 1071 10000 777 -1 -1 -1 -1 -1 -1 -1 -1 -1 -1 -1 -1 -1 -1 -1 -1 -1 -1 -1 -1 -1 -1 -1 -1 -1 -1 -1 -1 -1 -1 -1 -1 -1 -1 -1 -1 -1 -1 -1 -1 -1 -1 -1 -1 -1 -1 -1
4234 4298 135 3943 2597 7526 58 2805 1871 2840 6922 4561 5022 2995 9038 867 8547 8282 7258 5216 2001 2174 8129 2036 1456 6065 7587 5710 312 3869 7451 9087 4700 524 7347 1366 6026 78 8393 1151 8465 8468 2964 4501 3480 4134 8714 1235 10000 2766 3688 1712 7963 3423 4541 9190 8452 1541 8939 2558 2804 719 402 5994 6826 9229 2467 6420 383 3985 286 7057 4354 2135 1617 1021 9495 3235 3683 1590 6698 7407 2809 3220 6725 7621 9026 3941 4507 2662 8360 4606 1164 4929 1063 1147 5724
2721 -1 -1 -1 -1 -1 -1 -1 -1 -1 -1 -1 -1 -1 -1 -1 -1 -1 -1 -1 -1 -1 -1 -1 -1 -1 -1 -1 -1 -1 -1 -1 -1 -1 -1 -1 -1 -1 -1 -1 -1 -1 -1 -1 -1 -1 -1 -1 10000 -1 -1 -1 -1 -1 -1 -1 -1 -1 -1 -1 -1 -1 -1 -1 -1 -1 -1 -1 -1 -1 -1 -1 -1 -1 -1 -1 -1 -1 -1 -1 -1 -1 -1 -1 -1 -1 -1 -1 -1 -1 -1 -1 -1 -1 -1 -1 5228
7605 9356 6125 3226 4518 872 3350 4737 111 8042 5151 1781 7986 1427 1049 3344 6174 6747 1415 3661 5504 5312 419 2270 2009 2232 1065 6133 7948 6662 6532 8287 2473 3810 660 3172 8525 199 3556 5677 9284 5697 5385 4004 3541 992 7009 8972 10000 2358 8330 9238 9588 3524 7106 4385 5023 2582 4289 3164 9093 8806 2863 657 7543 8201 7107 576 8536 9766 2395 2823 4224 4421 8314 3070 8300 2329 2241 5571 6994 3638 1868 3634 7717 4189 3583 8380 480 7198 7149 3542 1102 3448 6472 806 2624
-1 -1 -1 -1 -1 -1 -1 -1 -1 -1 -1 -1 -1 -1 -1 -1 -1 -1 -1 -1 -1 -1 -1 -1 -1 -1 -1 -1 -1 -1 -1 -1 -1 -1 -1 -1 -1 -1 -1 -1 -1 -1 -1 -1 -1 -1 -1 6327 10000 2619 -1 -1 -1 -1 -1 -1 -1 -1 -1 -1 -1 -1 -1 -1 -1 -1 -1 -1 -1 -1 -1 -1 -1 -1 -1 -1 -1 -1 -1 -1 -1 -1 -1 -1 -1 -1 -1 -1 -1 -1 -1 -1 -1 -1 -1 -1 -1
8703 8796 2923 7266 9694 9942 9510 6662 7419 3795 2580 4650 366 2069 9729 7743 2736 3503 589 7522 4514 6964 6952 1633 2808 3120 5228 9441 1886 4205 833 8005 6291 5549 1299 1633 399 9939 3630 1040 5677 2753 2023 2244 6472 9216 3039 1598 10000 7185 1827 715 1625 8167 6587 3042 5124 4893 1944 1936 6786 3394 2450 2735 6897 1481 595 926 4219 1676 7782 4047 296 8439 7901 683 6530 1676 3842 8456 7220 6268 5740 7717 7161 8063 1349 2863 1276 4928 6066 4244 4317 9747 5254 961 2490
5538 -1 -1 -1 -1 -1 -1 -1 -1 -1 -1 -1 -1 -1 -1 -1 -1 -1 -1 -1 -1 -1 -1 -1 -1 -1 -1 -1 -1 -1 -1 -1 -1 -1 -1 -1 -1 -1 -1 -1 -1 -1 -1 -1 -1 -1 -1 -1 10000 -1 -1 -1 -1 -1 -1 -1 -1 -1 -1 -1 -1 -1 -1 -1 -1 -1 -1 -1 -1 -1 -1 -1 -1 -1 -1 -1 -1 -1 -1 -1 -1 -1 -1 -1 -1 -1 -1 -1 -1 -1 -1 -1 -1 -1 -1 -1 9971
4586 1351 5946 9736 7958 9288 3129 4997 2217 3759 5860 8316 1923 6768 2294 7356 3070 6393 5978 5437 2609 6227 4907 7883 9689 8690 3580 4283 3002 4982 3931 6032 6108 3233 1389 7381 751 7124 4292 4577 4792 7166 2686 6198 3200 3735 1071 371 10000 906 9653 3154 5008 6613 3500 6792 4728 744 5048 2328 5490 6653 3362 6483 4812 9649 9362 7164 3138 2735 1176 1866 6126 7488 9016 9626 507 9054 6951 3753 5206 8689 1643 1775 4864 8139 7015 685 3411 211 4071 1521 2547 7946 2418 5366 2213
-1 -1 -1 -1 -1 -1 -1 -1 -1 -1 -1 -1 -1 -1 -1 -1 -1 -1 -1 -1 -1 -1 -1 -1 -1 -1 -1 -1 -1 -1 -1 -1 -1 -1 -1 -1 -1 -1 -1 -1 -1 -1 -1 -1 -1 -1 -1 6297 10000 7175 -1 -1 -1 -1 -1 -1 -1 -1 -1 -1 -1 -1 -1 -1 -1 -1 -1 -1 -1 -1 -1 -1 -1 -1 -1 -1 -1 -1 -1 -1 -1 -1 -1 -1 -1 -1 -1 -1 -1 -1 -1 -1 -1 -1 -1 -1 -1
9334 2006 5519 5231 2375 5319 7792 4674 2771 7563 3104 1921 1869 6951 8345 8057 7824 5631 2933 7946 7950 5343 4549 2359 4394 2440 3770 1688 9116 4242 1311 1221 4082 85 4944 414 7359 7010 659 6619 1525 2476 4921 491 912 1640 3494 3854 10000 938 8678 5471 805 5787 1605 6888 6001 903 5400 6231 3447 6081 8512 7137 8845 2832 2329 4 5786 6312 8252 3700 1970 4666 1854 7607 9343 1206 6155 1879 3906 1843 3129 8348 9113 4041 4712 1133 5319 8402 3653 8698 7233 7871 2809 7817 9094
5336 -1 -1 -1 -1 -1 -1 -1 -1 -1 -1 -1 -1 -1 -1 -1 -1 -1 -1 -1 -1 -1 -1 -1 -1 -1 -1 -1 -1 -1 -1 -1 -1 -1 -1 -1 -1 -1 -1 -1 -1 -1 -1 -1 -1 -1 -1 -1 10000 -1 -1 -1 -1 -1 -1 -1 -1 -1 -1 -1 -1 -1 -1 -1 -1 -1 -1 -1 -1 -1 -1 -1 -1 -1 -1 -1 -1 -1 -1 -1 -1 -1 -1 -1 -1 -1 -1 -1 -1 -1 -1 -1 -1 -1 -1 -1 6807
4078 9557 6383 1462 2189 6802 9598 2251 4540 8854 8975 6741 3658 4312 6388 2557 1003 8683 8256 5784 4480 3819 4976 8211 8852 9318 7188 8605 3231 8279 165 9430 5856 1173 1617 7878 9359 1457 1153 8866 6858 1120 9643 1872 2282 6069 3433 6824 10000 8794 4495 343 4982 8236 393 6502 1747 5675 7636 878 1321 3507 9355 6957 6467 1363 195 1792 9590 882 7621 2449 5661 9996 4464 7035 9881 5079 9794 5001 7856 6672 3210 7370 4524 910 1160 7362 462 9717 4718 7348 4336 3353 5688 738 2704
-1 -1 -1 -1 -1 -1 -1 -1 -1 -1 -1 -1 -1 -1 -1 -1 -1 -1 -1 -1 -1 -1 -1 -1 -1 -1 -1 -1 -1 -1 -1 -1 -1 -1 -1 -1 -1 -1 -1 -1 -1 -1 -1 -1 -1 -1 -1 2002 10000 9628 -1 -1 -1 -1 -1 -1 -1 -1 -1 -1 -1 -1 -1 -1 -1 -1 -1 -1 -1 -1 -1 -1 -1 -1 -1 -1 -1 -1 -1 -1 -1 -1 -1 -1 -1 -1 -1 -1 -1 -1 -1 -1 -1 -1 -1 -1 -1
5450 6206 788 652 5621 5577 8824 893 2099 3546 1568 1885 6362 5517 2816 9413 4954 1877 571 638 194 43 8795 4971 5265 2758 9080 1534 5769 9540 9016 3581 3527 157 5690 3972 5869 9083 6820 406 6576 2401 3107 2216 8106 2770 3619 7823 10000 6250 4964 3694 4948 6966 8426 6320 1221 5035 446 6580 2592 6340 4794 7190 2554 6416 1692 3787 2998 4168 4176 2884 8252 5911 5934 280 2596 6920 8098 1161 2310 6018 4041 2691 3542 8714 37 6606 9095 4880 9905 418 7266 9490 7408 7203 6639
4741 -1 -1 -1 -1 -1 -1 -1 -1 -1 -1 -1 -1 -1 -1 -1 -1 -1 -1 -1 -1 -1 -1 -1 -1 -1 -1 -1 -1 -1 -1 -1 -1 -1 -1 -1 -1 -1 -1 -1 -1 -1 -1 -1 -1 -1 -1 -1 10000 -1 -1 -1 -1 -1 -1 -1 -1 -1 -1 -1 -1 -1 -1 -1 -1 -1 -1 -1 -1 -1 -1 -1 -1 -1 -1 -1 -1 -1 -1 -1 -1 -1 -1 -1 -1 -1 -1 -1 -1 -1 -1 -1 -1 -1 -1 -1 256
1664 247 3871 1014 9518 1765 1233 9892 5297 2996 3333 5653 1231 6507 6258 4800 1686 418 8118 1914 1068 4854 435 9729 8662 5552 3815 7298 9297 8842 8083 4217 4266 1270 5748 2924 88 4047 4535 4029 5510 5853 1363 5404 5933 6207 3806 3735 8334 9589 453 5046 9862 5028 1540 2368 1298 3288 6185 9139 5737 9671 3435 3239 5816 4198 7270 4689 5115 1893 8308 7781 4856 5164 5166 2125 4751 7479 8286 6005 2271 5670 8533 9936 8087 297 646 8999 9964 9159 1229 8206 4811 4531 5115 8 9658
1 1
1 97
