97 97 293560327
2917 6842 8811 5610 1182 6733 7865 808 3018 3202 3169 5529 8823 1894 6651 4649 263 1577 8373 7422 382 8877 2915 3764 2586 8862 7045 6362 3990 7141 7443 6261 49 9729 580 3955 6006 2557 7086 5010 1783 2154 1434 1034 3244 7262 3232 4194 7808 9246 3279 1090 5023 9761 5627 9254 7951 9058 1325 4308 788 3805 1503 6519 3399 2643 9567 4728 4655 8053 8655 5204 274 2386 8721 8966 7409 9476 9834 789 1413 8981 6042 3344 8477 7187 5708 7462 9056 5286 5597 3825 5456 2289 5141 2734 3996
-1 -1 -1 -1 -1 -1 -1 -1 -1 -1 -1 -1 -1 -1 -1 -1 -1 -1 -1 -1 -1 -1 -1 -1 -1 -1 -1 -1 -1 -1 -1 -1 -1 -1 -1 -1 -1 -1 -1 -1 -1 -1 -1 -1 -1 -1 -1 -1 -1 -1 -1 -1 -1 -1 -1 -1 -1 -1 -1 -1 -1 -1 -1 -1 -1 -1 -1 -1 -1 -1 -1 -1 -1 -1 -1 -1 -1 -1 -1 -1 -1 -1 -1 -1 -1 -1 -1 -1 -1 -1 -1 -1 -1 -1 -1 -1 6412
3276 8165 1409 4339 1223 5705 9336 487 3027 3187 7680 2416 9130 6428 3577 5948 9191 5609 8161 6509 8413 3176 9498 2019 4903 6596 2844 1490 479 7342 7929 4849 6334 7971 8222 518 2347 8088 1694 5290 7420 7944 6246 2753 1097 7696 1760 8121 2497 1204 5150 2535 7721 9662 9194 4060 1310 4112 7547 4139 5364 6994 6547 5091 8572 9401 7591 9870 1153 3312 4063 3168 3638 2839 382 4467 4096 6503 5707 5245 454 7099 8416 3282 1933 1684 4721 8055 1610 4303 358 4129 7473 626 959 6436 3274
3974 -1 -1 -1 -1 -1 -1 -1 -1 -1 -1 -1 -1 -1 -1 -1 -1 -1 -1 -1 -1 -1 -1 -1 -1 -1 -1 -1 -1 -1 -1 -1 -1 -1 -1 -1 -1 -1 -1 -1 -1 -1 -1 -1 -1 -1 -1 -1 -1 -1 -1 -1 -1 -1 -1 -1 -1 -1 -1 -1 -1 -1 -1 -1 -1 -1 -1 -1 -1 -1 -1 -1 -1 -1 -1 -1 -1 -1 -1 -1 -1 -1 -1 -1 -1 -1 -1 -1 -1 -1 -1 -1 -1 -1 -1 -1 -1
4630 5195 197 2660 8126 1694 6677 3878 8660 5778 2723 7539 1522 3503 1601 4768 5413 9311 5914 4440 4161 1450 3551 3398 9127 1049 7563 2202 9404 2338 3614 4082 875 8330 6247 1590 4908 6449 2150 9189 103 4083 2951 1942 8782 2452 2681 615 1259 6537 3372 1829 6719 4215 6134 501 3017 2043 122 5823 3328 6672 4188 1008 1845 7357 7891 9155 2129 22 174 9287 3908 9631 8450 1910 3781 130 4202 9197 723 1141 6255 2543 8245 2719 5836 7856 2453 487 2818 4051 1052 7265 5721 4472 8693
-1 -1 -1 -1 -1 -1 -1 -1 -1 -1 -1 -1 -1 -1 -1 -1 -1 -1 -1 -1 -1 -1 -1 -1 -1 -1 -1 -1 -1 -1 -1 -1 -1 -1 -1 -1 -1 -1 -1 -1 -1 -1 -1 -1 -1 -1 -1 -1 -1 -1 -1 -1 -1 -1 -1 -1 -1 -1 -1 -1 -1 -1 -1 -1 -1 -1 -1 -1 -1 -1 -1 -1 -1 -1 -1 -1 -1 -1 -1 -1 -1 -1 -1 -1 -1 -1 -1 -1 -1 -1 -1 -1 -1 -1 -1 -1 8416
7190 7116 5417 145 3550 6234 3716 5472 8637 8173 7957 4444 8498 9651 2051 4793 3391 9977 9262 1860 2562 7151 5793 2236 6224 4295 801 7992 8298 8348 9951 1017 1234 6231 766 7799 1566 8203 2347 9995 2415 1040 7550 4959 4220 843 3901 8203 305 2842 3691 529 2794 9453 7492 5657 2577 2774 1230 3809 9748 9172 8429 5792 2472 998 5595 7297 2550 1606 9303 3262 2122 6829 2631 1696 3317 4551 2657 8899 8724 1899 7348 2704 5083 6874 4531 2725 1349 4035 5159 2768 7314 9043 1656 146 7812
7950 -1 -1 -1 -1 -1 -1 -1 -1 -1 -1 -1 -1 -1 -1 -1 -1 -1 -1 -1 -1 -1 -1 -1 -1 -1 -1 -1 -1 -1 -1 -1 -1 -1 -1 -1 -1 -1 -1 -1 -1 -1 -1 -1 -1 -1 -1 -1 -1 -1 -1 -1 -1 -1 -1 -1 -1 -1 -1 -1 -1 -1 -1 -1 -1 -1 -1 -1 -1 -1 -1 -1 -1 -1 -1 -1 -1 -1 -1 -1 -1 -1 -1 -1 -1 -1 -1 -1 -1 -1 -1 -1 -1 -1 -1 -1 -1
2717 1081 6747 6948 8862 1962 9931 7001 4534 8546 5302 3122 6286 2523 1006 5178 8921 4016 9309 4204 3811 681 3134 273 9350 8737 8729 6780 1148 8288 8894 9717 5114 1709 6655 5342 219 4072 9013 4477 1712 6487 6006 5871 2432 6280 9104 1068 8130 8520 924 3923 3089 7973 1484 6705 7657 8375 7679 2259 4619 4784 151 3850 7744 9064 8227 2608 6622 5534 2670 585 7908 4568 9814 3894 6646 5822 5200 9428 8753 2685 4572 6367 1318 8148 4095 2923 7472 8528 1091 7403 1668 8280 7941 1031 8639
-1 -1 -1 -1 -1 -1 -1 -1 -1 -1 -1 -1 -1 -1 -1 -1 -1 -1 -1 -1 -1 -1 -1 -1 -1 -1 -1 -1 -1 -1 -1 -1 -1 -1 -1 -1 -1 -1 -1 -1 -1 -1 -1 -1 -1 -1 -1 -1 -1 -1 -1 -1 -1 -1 -1 -1 -1 -1 -1 -1 -1 -1 -1 -1 -1 -1 -1 -1 -1 -1 -1 -1 -1 -1 -1 -1 -1 -1 -1 -1 -1 -1 -1 -1 -1 -1 -1 -1 -1 -1 -1 -1 -1 -1 -1 -1 6942
7581 2123 5931 3807 1919 7592 300 453 1178 35 7252 360 8367 5509 8790 4441 36 3618 483 9553 3913 3114 1873 5912 7415 8304 2789 1981 4767 4734 1569 353 3128 9040 2137 5600 4841 6942 7892 4741 8418 3085 9907 3764 9348 2342 4557 5742 614 9878 5087 7913 7528 4892 5567 4045 8676 8158 3445 8768 2845 9924 7053 7399 5271 425 748 1522 2507 6521 4075 9072 1877 766 568 9520 5508 7185 8522 5094 7558 3163 7948 1628 2325 8798 3129 1126 5816 9587 5734 2251 228 5042 2213 4656 8161
6086 -1 -1 -1 -1 -1 -1 -1 -1 -1 -1 -1 -1 -1 -1 -1 -1 -1 -1 -1 -1 -1 -1 -1 -1 -1 -1 -1 -1 -1 -1 -1 -1 -1 -1 -1 -1 -1 -1 -1 -1 -1 -1 -1 -1 -1 -1 -1 -1 -1 -1 -1 -1 -1 -1 -1 -1 -1 -1 -1 -1 -1 -1 -1 -1 -1 -1 -1 -1 -1 -1 -1 -1 -1 -1 -1 -1 -1 -1 -1 -1 -1 -1 -1 -1 -1 -1 -1 -1 -1 -1 -1 -1 -1 -1 -1 -1
9823 5757 6436 4603 2426 213 7840 1287 4787 4247 4958 9233 7502 1731 8206 3018 6983 4379 6032 789 1494 296 9404 1204 2368 5336 7564 1560 1327 9859 204 7350 2076 8566 5366 637 7238 2788 791 2456 3599 1129 1201 2287 8881 6191 353 5280 3581 657 5617 4155 9940 7462 4488 1460 6266 7213 8680 6371 8934 3015 4995 2261 7440 6617 8114 6815 425 5500 9652 6418 3836 7604 7490 3669 461 6163 9157 4691 501 242 6483 3864 3624 9283 3177 1159 9157 4685 2483 1502 1692 4015 3995 8055 8369
-1 -1 -1 -1 -1 -1 -1 -1 -1 -1 -1 -1 -1 -1 -1 -1 -1 -1 -1 -1 -1 -1 -1 -1 -1 -1 -1 -1 -1 -1 -1 -1 -1 -1 -1 -1 -1 -1 -1 -1 -1 -1 -1 -1 -1 -1 -1 -1 -1 -1 -1 -1 -1 -1 -1 -1 -1 -1 -1 -1 -1 -1 -1 -1 -1 -1 -1 -1 -1 -1 -1 -1 -1 -1 -1 -1 -1 -1 -1 -1 -1 -1 -1 -1 -1 -1 -1 -1 -1 -1 -1 -1 -1 -1 -1 -1 8924
7466 3356 3975 5510 2315 6417 4881 2523 2800 5696 9740 4122 7613 4732 1698 5863 4030 98 1162 3015 5116 182 5912 6035 8204 5796 2989 7126 516 3856 6279 3133 620 2588 335 1332 1230 3352 6107 8092 6879 698 4367 2552 9569 4407 5786 8599 7991 2484 2306 7450 9690 8278 4028 6770 9210 4645 8972 2623 2434 4925 8865 8608 4984 4360 7832 8483 219 9400 7230 55 4963 6873 1173 3688 6539 6649 6101 1430 1604 8918 8957 4250 600 3199 266 6459 9896 923 627 6706 5596 8232 113 3034 6356
7119 -1 -1 -1 -1 -1 -1 -1 -1 -1 -1 -1 -1 -1 -1 -1 -1 -1 -1 -1 -1 -1 -1 -1 -1 -1 -1 -1 -1 -1 -1 -1 -1 -1 -1 -1 -1 -1 -1 -1 -1 -1 -1 -1 -1 -1 -1 -1 -1 -1 -1 -1 -1 -1 -1 -1 -1 -1 -1 -1 -1 -1 -1 -1 -1 -1 -1 -1 -1 -1 -1 -1 -1 -1 -1 -1 -1 -1 -1 -1 -1 -1 -1 -1 -1 -1 -1 -1 -1 -1 -1 -1 -1 -1 -1 -1 -1
7285 7443 6934 5090 157 7589 2099 7090 9740 6385 2914 4934 4996 4796 6537 9032 3100 9999 4012 9603 4423 8107 5877 5926 2148 3600 6652 8507 6675 1331 9136 1886 854 8740 771 2037 5441 1906 3353 7961 1767 3867 2792 2614 1148 2954 839 5195 8444 6172 3289 5768 422 7499 2048 21 2117 4090 3469 1257 767 1339 8015 1579 3911 8290 4832 4601 8976 8117 8944 7621 4794 4636 1444 4532 3348 9195 4899 4341 2227 3060 1357 9097 2109 1509 7580 8010 8435 9824 6396 2297 4731 7401 6367 6925 8913
-1 -1 -1 -1 -1 -1 -1 -1 -1 -1 -1 -1 -1 -1 -1 -1 -1 -1 -1 -1 -1 -1 -1 -1 -1 -1 -1 -1 -1 -1 -1 -1 -1 -1 -1 -1 -1 -1 -1 -1 -1 -1 -1 -1 -1 -1 -1 -1 -1 -1 -1 -1 -1 -1 -1 -1 -1 -1 -1 -1 -1 -1 -1 -1 -1 -1 -1 -1 -1 -1 -1 -1 -1 -1 -1 -1 -1 -1 -1 -1 -1 -1 -1 -1 -1 -1 -1 -1 -1 -1 -1 -1 -1 -1 -1 -1 1705
9879 2722 677 2088 1456 4908 4830 4691 4484 9025 4243 4026 2204 8111 5259 5920 294 6981 9885 9298 7148 1750 4141 431 4867 477 9751 4713 6991 2034 5558 763 8749 9386 2815 8391 8969 8538 5611 8377 1921 1248 7040 6109 1716 5742 7108 5308 7559 6045 1237 3231 4624 6929 3588 4570 8448 3647 1583 660 6729 467 5796 4115 8501 5498 5150 3544 5304 3353 1319 9711 2705 8214 4653 5904 363 4261 6992 1665 4559 288 4300 1043 3557 5540 9277 6247 2724 7649 1135 1097 9599 6651 1182 2644 6890
8918 -1 -1 -1 -1 -1 -1 -1 -1 -1 -1 -1 -1 -1 -1 -1 -1 -1 -1 -1 -1 -1 -1 -1 -1 -1 -1 -1 -1 -1 -1 -1 -1 -1 -1 -1 -1 -1 -1 -1 -1 -1 -1 -1 -1 -1 -1 -1 -1 -1 -1 -1 -1 -1 -1 -1 -1 -1 -1 -1 -1 -1 -1 -1 -1 -1 -1 -1 -1 -1 -1 -1 -1 -1 -1 -1 -1 -1 -1 -1 -1 -1 -1 -1 -1 -1 -1 -1 -1 -1 -1 -1 -1 -1 -1 -1 -1
7368 5001 5213 7908 3130 8608 4807 6611 33 1977 7086 5421 4458 1509 1629 7330 238 4637 203 9030 2191 1590 7777 9791 788 1335 8441 220 9115 7715 3232 218 2050 1336 7355 1819 3741 3300 8419 1789 9574 3047 9529 4562 6212 2380 5694 1780 2593 7950 3137 6417 165 882 1866 4224 3821 3375 3179 251 9372 9281 1718 6385 3178 1848 3601 777 97 2073 8525 2350 7638 1976 6329 4557 4474 2348 6950 257 8140 5927 8195 424 7273 5047 2462 9990 777 9989 9576 2956 6660 4348 2966 8605 7692
-1 -1 -1 -1 -1 -1 -1 -1 -1 -1 -1 -1 -1 -1 -1 -1 -1 -1 -1 -1 -1 -1 -1 -1 -1 -1 -1 -1 -1 -1 -1 -1 -1 -1 -1 -1 -1 -1 -1 -1 -1 -1 -1 -1 -1 -1 -1 -1 -1 -1 -1 -1 -1 -1 -1 -1 -1 -1 -1 -1 -1 -1 -1 -1 -1 -1 -1 -1 -1 -1 -1 -1 -1 -1 -1 -1 -1 -1 -1 -1 -1 -1 -1 -1 -1 -1 -1 -1 -1 -1 -1 -1 -1 -1 -1 -1 1325
6244 2251 2200 3237 6865 8249 1910 374 8968 342 3714 8631 8597 6896 9536 6956 159 6366 8457 6113 1127 996 156 14 630 2045 5804 2683 6199 4527 526 4564 7616 1591 5205 8272 4921 6498 1367 2128 5846 7162 8843 2814 231 7425 7963 3116 2649 2891 2646 4235 2213 2383 6608 2381 2851 8162 2338 8293 417 4342 1294 4887 2158 4244 5030 7406 5777 5289 1730 1295 6485 6616 9750 1531 8616 2238 9527 6748 1233 4169 9495 7851 6419 7936 6978 9803 6794 5126 4677 2432 7038 5795 8780 7219 2306
1276 -1 -1 -1 -1 -1 -1 -1 -1 -1 -1 -1 -1 -1 -1 -1 -1 -1 -1 -1 -1 -1 -1 -1 -1 -1 -1 -1 -1 -1 -1 -1 -1 -1 -1 -1 -1 -1 -1 -1 -1 -1 -1 -1 -1 -1 -1 -1 -1 -1 -1 -1 -1 -1 -1 -1 -1 -1 -1 -1 -1 -1 -1 -1 -1 -1 -1 -1 -1 -1 -1 -1 -1 -1 -1 -1 -1 -1 -1 -1 -1 -1 -1 -1 -1 -1 -1 -1 -1 -1 -1 -1 -1 -1 -1 -1 -1
1654 776 195 3579 1626 1831 6599 5237 2816 8579 3119 348 4001 4266 4130 5867 4729 4855 5519 1615 6287 5119 9976 8679 8385 8453 7055 328 1891 1825 1169 4987 7973 3538 6153 9054 2342 5757 600 9088 2171 7123 9001 9834 2101 4634 7531 4127 9220 4584 6222 7320 5447 1881 87 2649 6019 7562 6407 9503 6516 1219 3317 9956 4604 9411 6076 4929 2471 7205 8704 5286 8189 5463 4148 5403 26 4336 8006 949 6725 8465 7503 5093 9136 5074 1448 5028 5199 2760 8176 4799 4092 5952 2298 8691 4861
-1 -1 -1 -1 -1 -1 -1 -1 -1 -1 -1 -1 -1 -1 -1 -1 -1 -1 -1 -1 -1 -1 -1 -1 -1 -1 -1 -1 -1 -1 -1 -1 -1 -1 -1 -1 -1 -1 -1 -1 -1 -1 -1 -1 -1 -1 -1 -1 -1 -1 -1 -1 -1 -1 -1 -1 -1 -1 -1 -1 -1 -1 -1 -1 -1 -1 -1 -1 -1 -1 -1 -1 -1 -1 -1 -1 -1 -1 -1 -1 -1 -1 -1 -1 -1 -1 -1 -1 -1 -1 -1 -1 -1 -1 -1 -1 5462
5801 2917 9208 6077 6822 5347 4941 7454 301 578 9221 2381 5647 5383 323 7622 9083 136 9256 2940 8166 8601 9676 8565 8316 1409 4965 6506 5441 1599 1537 5275 7726 5245 4363 4327 7379 9744 7581 5258 6013 8832 5718 3453 5778 7733 7866 6535 2126 9009 9049 1857 298 8175 9202 3530 4782 220 4734 4990 2339 3907 2815 87 7296 6574 1776 3923 883 8371 3485 9387 6319 8209 2105 5640 3360 760 276 3857 7311 9463 7128 3506 5903 8401 1324 6358 6619 504 294 8097 4597 4433 4653 9735 3393
1560 -1 -1 -1 -1 -1 -1 -1 -1 -1 -1 -1 -1 -1 -1 -1 -1 -1 -1 -1 -1 -1 -1 -1 -1 -1 -1 -1 -1 -1 -1 -1 -1 -1 -1 -1 -1 -1 -1 -1 -1 -1 -1 -1 -1 -1 -1 -1 -1 -1 -1 -1 -1 -1 -1 -1 -1 -1 -1 -1 -1 -1 -1 -1 -1 -1 -1 -1 -1 -1 -1 -1 -1 -1 -1 -1 -1 -1 -1 -1 -1 -1 -1 -1 -1 -1 -1 -1 -1 -1 -1 -1 -1 -1 -1 -1 -1
673 1915 5681 6868 4788 6153 6814 8713 1514 6250 9031 173 5317 6201 7449 4514 8304 3155 7311 8930 6768 2902 2477 1665 6461 4990 2426 9820 3260 1413 1276 2796 3260 2030 8477 1273 9422 4543 9736 901 8033 1412 8042 5520 6917 2841 6161 153 2835 9067 2999 9975 6743 5790 9082 9031 3855 5956 1740 738 6404 6228 8081 2811 270 194 7214 359 31 2298 4838 3911 8425 5874 7154 9823 4064 5378 4414 7095 7637 1230 7883 4518 9132 241 1526 3182 1328 2125 5061 5853 7123 7543 2390 6480 7877
-1 -1 -1 -1 -1 -1 -1 -1 -1 -1 -1 -1 -1 -1 -1 -1 -1 -1 -1 -1 -1 -1 -1 -1 -1 -1 -1 -1 -1 -1 -1 -1 -1 -1 -1 -1 -1 -1 -1 -1 -1 -1 -1 -1 -1 -1 -1 -1 -1 -1 -1 -1 -1 -1 -1 -1 -1 -1 -1 -1 -1 -1 -1 -1 -1 -1 -1 -1 -1 -1 -1 -1 -1 -1 -1 -1 -1 -1 -1 -1 -1 -1 -1 -1 -1 -1 -1 -1 -1 -1 -1 -1 -1 -1 -1 -1 6187
2254 5114 3463 8410 3333 384 7173 5766 4730 6903 1470 2706 9751 4129 156 6295 27 4962 5516 4290 8312 1978 386 8757 76 52 1040 5069 549 108 874 1215 4953 23 7544 6835 3796 7451 183 9003 7250 5091 6416 1137 1244 4574 3243 4028 4098 8222 2806 8190 3927 9411 9358 6990 7378 4866 218 1637 762 1418 1067 3594 2271 8463 5969 151 7314 8444 2374 23 6271 3154 9680 8959 6436 8401 3742 1136 7105 3797 1161 5154 7098 1981 6840 1281 7814 6583 5488 5681 215 5905 4554 2776 6662
2295 -1 -1 -1 -1 -1 -1 -1 -1 -1 -1 -1 -1 -1 -1 -1 -1 -1 -1 -1 -1 -1 -1 -1 -1 -1 -1 -1 -1 -1 -1 -1 -1 -1 -1 -1 -1 -1 -1 -1 -1 -1 -1 -1 -1 -1 -1 -1 -1 -1 -1 -1 -1 -1 -1 -1 -1 -1 -1 -1 -1 -1 -1 -1 -1 -1 -1 -1 -1 -1 -1 -1 -1 -1 -1 -1 -1 -1 -1 -1 -1 -1 -1 -1 -1 -1 -1 -1 -1 -1 -1 -1 -1 -1 -1 -1 -1
7240 5728 2670 2269 791 5978 7104 8870 1951 8457 2561 1144 1282 7216 211 2801 6660 4091 9363 2530 6160 1802 9062 7578 2182 4450 6393 6916 3200 336 7369 4892 1609 6729 5689 3226 3736 5360 1406 4076 7531 3620 2383 6703 6687 111 4157 3080 1253 8251 4927 5542 1382 5124 8343 9680 3760 3612 9078 4708 8995 3412 15 5522 9130 7797 1505 2073 7852 3413 5933 8286 2321 1774 1001 9819 9225 4328 1798 6506 9306 7212 4175 3971 7354 9327 7302 6089 1213 2286 7254 8025 7795 764 9341 5764 8499
-1 -1 -1 -1 -1 -1 -1 -1 -1 -1 -1 -1 -1 -1 -1 -1 -1 -1 -1 -1 -1 -1 -1 -1 -1 -1 -1 -1 -1 -1 -1 -1 -1 -1 -1 -1 -1 -1 -1 -1 -1 -1 -1 -1 -1 -1 -1 -1 -1 -1 -1 -1 -1 -1 -1 -1 -1 -1 -1 -1 -1 -1 -1 -1 -1 -1 -1 -1 -1 -1 -1 -1 -1 -1 -1 -1 -1 -1 -1 -1 -1 -1 -1 -1 -1 -1 -1 -1 -1 -1 -1 -1 -1 -1 -1 -1 5700
6225 1146 7114 9537 8143 9058 9346 639 5390 1348 6537 3827 7109 7218 2514 7978 2727 7353 8191 989 137 8052 9955 9949 3158 3969 6837 2159 9041 2670 7390 1474 2498 8728 3656 9576 176 6402 1584 4608 6848 7746 6384 5472 99 9494 9197 5858 3138 5620 7409 2399 150 6451 4308 6649 9280 7924 1314 6233 970 1367 9377 4699 1777 4610 3352 4662 1273 4862 9896 649 6280 5296 6691 1772 8057 6989 633 5960 3843 7606 2514 2612 9588 4425 5381 8833 2594 8872 4049 4569 7129 2234 2726 9382 1926
9248 -1 -1 -1 -1 -1 -1 -1 -1 -1 -1 -1 -1 -1 -1 -1 -1 -1 -1 -1 -1 -1 -1 -1 -1 -1 -1 -1 -1 -1 -1 -1 -1 -1 -1 -1 -1 -1 -1 -1 -1 -1 -1 -1 -1 -1 -1 -1 -1 -1 -1 -1 -1 -1 -1 -1 -1 -1 -1 -1 -1 -1 -1 -1 -1 -1 -1 -1 -1 -1 -1 -1 -1 -1 -1 -1 -1 -1 -1 -1 -1 -1 -1 -1 -1 -1 -1 -1 -1 -1 -1 -1 -1 -1 -1 -1 -1
4495 23 8108 4957 5472 6539 2067 4667 4361 3241 3956 9192 1365 2318 9064 7795 9195 3494 5705 5416 4091 307 1539 6088 7314 1390 2777 3524 1320 2175 949 7811 3371 4400 8196 2771 3601 5795 8266 953 5031 115 6814 6410 2822 304 9135 2480 8423 4447 6738 8915 9393 857 6724 279 6557 3183 5760 9463 5575 9177 4273 500 5998 6596 732 9624 9097 6555 4197 5606 3729 8542 7115 6914 861 4142 8140 3862 978 7799 8557 3598 6554 9959 133 4176 9310 6289 7394 8821 6878 1792 2834 7710 673
-1 -1 -1 -1 -1 -1 -1 -1 -1 -1 -1 -1 -1 -1 -1 -1 -1 -1 -1 -1 -1 -1 -1 -1 -1 -1 -1 -1 -1 -1 -1 -1 -1 -1 -1 -1 -1 -1 -1 -1 -1 -1 -1 -1 -1 -1 -1 -1 -1 -1 -1 -1 -1 -1 -1 -1 -1 -1 -1 -1 -1 -1 -1 -1 -1 -1 -1 -1 -1 -1 -1 -1 -1 -1 -1 -1 -1 -1 -1 -1 -1 -1 -1 -1 -1 -1 -1 -1 -1 -1 -1 -1 -1 -1 -1 -1 5180
5702 9015 8633 5500 9368 6091 7555 2910 8751 7585 7751 9095 7653 3115 8131 2058 2703 7349 1243 7060 6694 2232 3662 1644 3537 9774 4115 9558 4166 4009 7237 6567 8845 1794 4302 3364 2348 462 4349 6262 1790 6070 4432 9674 7936 8682 7466 1922 8961 6473 122 3446 7606 8815 7956 6614 8089 9468 3273 8490 4687 9598 9182 7082 3314 722 7630 557 4418 7945 8153 5809 1375 6464 7708 3116 6351 6763 181 2579 2293 6148 6628 232 4263 3644 2825 8880 25 8583 1533 1030 8093 6700 2211 4995 7986
6878 -1 -1 -1 -1 -1 -1 -1 -1 -1 -1 -1 -1 -1 -1 -1 -1 -1 -1 -1 -1 -1 -1 -1 -1 -1 -1 -1 -1 -1 -1 -1 -1 -1 -1 -1 -1 -1 -1 -1 -1 -1 -1 -1 -1 -1 -1 -1 -1 -1 -1 -1 -1 -1 -1 -1 -1 -1 -1 -1 -1 -1 -1 -1 -1 -1 -1 -1 -1 -1 -1 -1 -1 -1 -1 -1 -1 -1 -1 -1 -1 -1 -1 -1 -1 -1 -1 -1 -1 -1 -1 -1 -1 -1 -1 -1 -1
1980 1291 4484 8513 1056 4413 8767 8872 6905 6704 9616 3828 9148 9800 4050 6479 7983 4051 6420 5235 164 7175 2159 4172 1764 1607 4936 1536 2844 6192 9095 8970 7003 3132 7447 1973 58 6503 8991 1922 3679 5699 5347 5617 8123 1499 3724 8262 9885 630 6390 6661 8769 3940 5158 5980 7111 9857 8394 1719 6934 6279 3691 9288 2957 1080 5433 6697 4778 705 5691 8249 7378 7502 4752 8927 2551 133 6847 9089 5957 9902 1282 3641 8401 3014 254 1166 2879 8454 761 6743 8251 797 6422 1600 305
-1 -1 -1 -1 -1 -1 -1 -1 -1 -1 -1 -1 -1 -1 -1 -1 -1 -1 -1 -1 -1 -1 -1 -1 -1 -1 -1 -1 -1 -1 -1 -1 -1 -1 -1 -1 -1 -1 -1 -1 -1 -1 -1 -1 -1 -1 -1 -1 -1 -1 -1 -1 -1 -1 -1 -1 -1 -1 -1 -1 -1 -1 -1 -1 -1 -1 -1 -1 -1 -1 -1 -1 -1 -1 -1 -1 -1 -1 -1 -1 -1 -1 -1 -1 -1 -1 -1 -1 -1 -1 -1 -1 -1 -1 -1 -1 6446
4087 7019 7304 2061 3873 9542 938 9842 5066 2760 5803 5141 5559 3590 6458 8178 1663 2873 3397 6575 1850 5576 4740 4881 3491 1955 230 5516 4596 8113 1042 5406 2819 3599 9310 286 3422 6674 5490 4097 7623 2054 4682 9777 742 2428 9538 8004 3861 5602 692 5215 7940 8027 5147 2906 4969 500 7920 66 7749 6399 7291 7390 9588 7052 7122 753 2663 4870 3190 7588 6754 2588 5901 6415 3402 6890 1805 3887 8407 276 1588 2624 2489 8319 1898 6295 7761 7171 3050 8735 3404 248 1715 9371 2693
3230 -1 -1 -1 -1 -1 -1 -1 -1 -1 -1 -1 -1 -1 -1 -1 -1 -1 -1 -1 -1 -1 -1 -1 -1 -1 -1 -1 -1 -1 -1 -1 -1 -1 -1 -1 -1 -1 -1 -1 -1 -1 -1 -1 -1 -1 -1 -1 -1 -1 -1 -1 -1 -1 -1 -1 -1 -1 -1 -1 -1 -1 -1 -1 -1 -1 -1 -1 -1 -1 -1 -1 -1 -1 -1 -1 -1 -1 -1 -1 -1 -1 -1 -1 -1 -1 -1 -1 -1 -1 -1 -1 -1 -1 -1 -1 -1
4193 3973 5911 9715 7745 7589 8564 8014 6645 7125 7314 5405 7477 4906 1162 6558 8644 809 2798 6366 1555 6096 9478 4588 571 8605 5379 4281 7684 8555 4832 4651 1721 2678 8404 6863 7020 4123 4903 26 3562 3413 1867 7547 8263 1313 1774 2313 9499 2016 6305 7847 5346 7157 529 5157 4754 5407 9504 2004 9923 2949 1629 3269 8931 3815 7345 1021 6312 9476 9441 4011 5685 3274 3600 163 3320 2221 5473 6187 5463 4435 7983 1928 4845 7985 1388 6197 3529 6672 260 6993 9221 9016 7685 1584 5398
-1 -1 -1 -1 -1 -1 -1 -1 -1 -1 -1 -1 -1 -1 -1 -1 -1 -1 -1 -1 -1 -1 -1 -1 -1 -1 -1 -1 -1 -1 -1 -1 -1 -1 -1 -1 -1 -1 -1 -1 -1 -1 -1 -1 -1 -1 -1 -1 -1 -1 -1 -1 -1 -1 -1 -1 -1 -1 -1 -1 -1 -1 -1 -1 -1 -1 -1 -1 -1 -1 -1 -1 -1 -1 -1 -1 -1 -1 -1 -1 -1 -1 -1 -1 -1 -1 -1 -1 -1 -1 -1 -1 -1 -1 -1 -1 6392
8280 6798 6559 4915 5729 6897 4393 3231 368 7061 8110 3292 695 1930 1306 9011 1363 5529 2672 9433 9392 6248 2086 4883 9769 6166 9905 8827 1899 1623 1443 2623 4057 5388 6215 4464 5013 3878 4771 4025 2604 1283 2606 701 5537 3798 7743 1802 172 4133 3165 5466 7948 1885 2776 1694 6113 3907 309 9689 137 5768 9134 9690 3360 8590 2579 3724 6654 8246 243 8842 1704 1788 1421 993 4564 6300 5024 185 351 4025 2602 3411 3998 810 7849 2725 7242 1539 5891 3897 1219 5240 6469 1723 3459
4100 -1 -1 -1 -1 -1 -1 -1 -1 -1 -1 -1 -1 -1 -1 -1 -1 -1 -1 -1 -1 -1 -1 -1 -1 -1 -1 -1 -1 -1 -1 -1 -1 -1 -1 -1 -1 -1 -1 -1 -1 -1 -1 -1 -1 -1 -1 -1 -1 -1 -1 -1 -1 -1 -1 -1 -1 -1 -1 -1 -1 -1 -1 -1 -1 -1 -1 -1 -1 -1 -1 -1 -1 -1 -1 -1 -1 -1 -1 -1 -1 -1 -1 -1 -1 -1 -1 -1 -1 -1 -1 -1 -1 -1 -1 -1 -1
410 2007 9262 542 3385 6322 2616 4083 784 5792 1337 353 6733 2737 8839 4998 1244 1391 863 5258 804 277 2538 7675 7192 5143 7716 9744 3707 7056 89 6847 2045 4749 4539 8074 7438 6438 7530 4736 7601 2050 6704 1210 523 1280 2488 336 1949 905 7210 5809 3459 7460 8007 4662 7724 4325 8398 5646 3094 8417 2741 2452 1542 3834 2870 3729 739 4943 5884 1595 5490 2890 8520 644 5677 3507 2113 9871 1501 9280 2363 5898 7649 1398 1554 3657 7502 7516 8141 9335 6150 1870 9657 1508 979
-1 -1 -1 -1 -1 -1 -1 -1 -1 -1 -1 -1 -1 -1 -1 -1 -1 -1 -1 -1 -1 -1 -1 -1 -1 -1 -1 -1 -1 -1 -1 -1 -1 -1 -1 -1 -1 -1 -1 -1 -1 -1 -1 -1 -1 -1 -1 -1 -1 -1 -1 -1 -1 -1 -1 -1 -1 -1 -1 -1 -1 -1 -1 -1 -1 -1 -1 -1 -1 -1 -1 -1 -1 -1 -1 -1 -1 -1 -1 -1 -1 -1 -1 -1 -1 -1 -1 -1 -1 -1 -1 -1 -1 -1 -1 -1 9877
7359 8635 6443 4784 9652 2774 7703 2008 683 8146 567 5030 9057 2830 6830 8173 4759 9298 8439 9849 86 7833 1716 5177 5556 235 1846 1904 8761 2288 6713 6018 9731 7787 2745 5950 3111 5055 9408 6904 7809 8022 7000 3057 7595 2413 8879 115 1036 1942 6311 4269 9985 4006 2838 9017 9066 2516 4384 1320 3439 8598 9895 899 2142 2781 5838 783 4072 1755 5837 8315 172 2509 4014 7908 3026 8539 9726 8464 4868 4652 6316 2648 2020 1484 2211 3041 4557 1809 113 1940 1465 9328 8453 9819 738
4078 -1 -1 -1 -1 -1 -1 -1 -1 -1 -1 -1 -1 -1 -1 -1 -1 -1 -1 -1 -1 -1 -1 -1 -1 -1 -1 -1 -1 -1 -1 -1 -1 -1 -1 -1 -1 -1 -1 -1 -1 -1 -1 -1 -1 -1 -1 -1 -1 -1 -1 -1 -1 -1 -1 -1 -1 -1 -1 -1 -1 -1 -1 -1 -1 -1 -1 -1 -1 -1 -1 -1 -1 -1 -1 -1 -1 -1 -1 -1 -1 -1 -1 -1 -1 -1 -1 -1 -1 -1 -1 -1 -1 -1 -1 -1 -1
6123 6958 2700 8296 7953 7981 513 1454 2860 2454 5380 2251 3223 5300 8440 2327 6194 4000 9718 3356 2213 101 8351 6270 5881 9883 8489 6434 5856 8867 564 763 9018 2668 5444 4971 3847 10 9663 9470 7067 3772 3292 5533 1052 2806 3614 5657 4535 5359 6596 2113 7289 4400 9471 9781 6001 3850 49 9740 2345 353 7514 683 3251 8539 4869 4640 2952 6708 7079 6965 1304 9719 608 2200 5715 352 3655 1547 7736 1479 7632 9119 2640 2790 8253 9333 6480 2303 8387 9433 6517 9243 1943 1329 3836
-1 -1 -1 -1 -1 -1 -1 -1 -1 -1 -1 -1 -1 -1 -1 -1 -1 -1 -1 -1 -1 -1 -1 -1 -1 -1 -1 -1 -1 -1 -1 -1 -1 -1 -1 -1 -1 -1 -1 -1 -1 -1 -1 -1 -1 -1 -1 -1 -1 -1 -1 -1 -1 -1 -1 -1 -1 -1 -1 -1 -1 -1 -1 -1 -1 -1 -1 -1 -1 -1 -1 -1 -1 -1 -1 -1 -1 -1 -1 -1 -1 -1 -1 -1 -1 -1 -1 -1 -1 -1 -1 -1 -1 -1 -1 -1 9341
7467 1792 8489 8039 3674 7968 2136 5961 4604 6905 5307 3296 5310 3594 5336 6204 5270 597 1410 2455 8456 2812 9037 8162 4473 9777 3796 7036 3104 8055 6379 5658 9947 4315 970 6876 4900 2515 9018 1507 63 3900 7997 9263 741 2160 2729 141 633 387 5788 5842 4998 5327 6449 5718 1935 1995 1120 7402 7715 3897 3726 5581 3780 5507 6378 1064 7854 5003 1740 4033 9239 2662 7887 3228 6917 5508 2484 8173 5577 5238 4656 5299 8794 4018 9167 3968 3822 809 882 8514 4534 8523 813 564 5310
7958 -1 -1 -1 -1 -1 -1 -1 -1 -1 -1 -1 -1 -1 -1 -1 -1 -1 -1 -1 -1 -1 -1 -1 -1 -1 -1 -1 -1 -1 -1 -1 -1 -1 -1 -1 -1 -1 -1 -1 -1 -1 -1 -1 -1 -1 -1 -1 -1 -1 -1 -1 -1 -1 -1 -1 -1 -1 -1 -1 -1 -1 -1 -1 -1 -1 -1 -1 -1 -1 -1 -1 -1 -1 -1 -1 -1 -1 -1 -1 -1 -1 -1 -1 -1 -1 -1 -1 -1 -1 -1 -1 -1 -1 -1 -1 -1
4365 9777 5167 3536 7470 7548 3735 5133 5088 8109 8017 6795 7178 9511 7146 9209 6459 4865 1986 2126 7736 9676 2400 4756 9088 2946 9902 8055 991 5425 9695 9136 9307 1688 6202 5524 3463 6538 3183 5098 2784 8722 6652 4261 224 3722 6491 507 4756 7821 874 8866 1925 1184 7475 6049 5628 1374 2891 3868 1112 881 8595 4186 6692 5200 9140 9611 6622 8282 8205 325 7399 7344 1585 5281 9220 9264 753 7058 5511 9589 988 5537 7270 4150 9504 8886 43 6719 2191 7641 5062 8748 8809 9609 2375
-1 -1 -1 -1 -1 -1 -1 -1 -1 -1 -1 -1 -1 -1 -1 -1 -1 -1 -1 -1 -1 -1 -1 -1 -1 -1 -1 -1 -1 -1 -1 -1 -1 -1 -1 -1 -1 -1 -1 -1 -1 -1 -1 -1 -1 -1 -1 -1 -1 -1 -1 -1 -1 -1 -1 -1 -1 -1 -1 -1 -1 -1 -1 -1 -1 -1 -1 -1 -1 -1 -1 -1 -1 -1 -1 -1 -1 -1 -1 -1 -1 -1 -1 -1 -1 -1 -1 -1 -1 -1 -1 -1 -1 -1 -1 -1 4264
7754 4848 1864 7477 5377 7457 9619 3671 5406 5609 3999 1737 760 9013 3017 2186 1314 4855 6031 2181 3482 298 2101 8231 8738 8922 1558 4511 525 6406 83 2031 1131 9623 3590 9522 4532 3720 5989 7693 9138 798 1719 8871 48 6904 5404 5315 3305 7910 5213 2020 642 9594 4001 1150 7698 3296 6491 7102 4501 7193 1658 3471 9258 9973 757 6574 2565 3935 4032 8277 2563 7449 3158 8633 936 7194 6313 5250 672 819 5115 5349 545 7192 591 4169 6883 4381 6668 3562 2852 3853 9538 9749 4099
5129 -1 -1 -1 -1 -1 -1 -1 -1 -1 -1 -1 -1 -1 -1 -1 -1 -1 -1 -1 -1 -1 -1 -1 -1 -1 -1 -1 -1 -1 -1 -1 -1 -1 -1 -1 -1 -1 -1 -1 -1 -1 -1 -1 -1 -1 -1 -1 -1 -1 -1 -1 -1 -1 -1 -1 -1 -1 -1 -1 -1 -1 -1 -1 -1 -1 -1 -1 -1 -1 -1 -1 -1 -1 -1 -1 -1 -1 -1 -1 -1 -1 -1 -1 -1 -1 -1 -1 -1 -1 -1 -1 -1 -1 -1 -1 -1
9774 2179 8692 2045 8730 1469 561 8525 7295 8021 7571 5133 4392 6349 9446 1280 3202 8610 1489 8296 7851 7169 8890 1807 3582 9140 3648 3785 20 5880 1701 4264 6004 8791 336 3922 1632 1857 8788 8988 7289 2585 5065 6342 3251 9240 2058 6856 7589 8815 8848 2722 7368 3187 6449 5885 4757 869 2183 6607 325 9740 1225 3287 5059 1384 4904 4211 5787 5878 837 5757 872 1684 6707 4873 3296 8275 7804 4625 2194 6606 1073 9933 1862 9232 3701 364 9038 4826 5573 5523 8497 4231 5828 1000 1594
-1 -1 -1 -1 -1 -1 -1 -1 -1 -1 -1 -1 -1 -1 -1 -1 -1 -1 -1 -1 -1 -1 -1 -1 -1 -1 -1 -1 -1 -1 -1 -1 -1 -1 -1 -1 -1 -1 -1 -1 -1 -1 -1 -1 -1 -1 -1 -1 -1 -1 -1 -1 -1 -1 -1 -1 -1 -1 -1 -1 -1 -1 -1 -1 -1 -1 -1 -1 -1 -1 -1 -1 -1 -1 -1 -1 -1 -1 -1 -1 -1 -1 -1 -1 -1 -1 -1 -1 -1 -1 -1 -1 -1 -1 -1 -1 2672
669 5460 6532 3708 2888 8681 5412 1680 9216 3069 3594 9243 1088 2353 7109 3215 3555 1974 36 6167 9140 3222 1496 3111 8802 8055 9641 2271 8493 7519 8731 6413 3466 1797 5870 5412 5875 1362 5442 4178 5917 9057 3876 9761 3214 8304 2620 5710 9588 8470 7406 2803 7078 5798 650 9551 5547 1717 8746 5739 4851 9712 789 1044 1014 6654 3760 5542 9577 3566 3682 2914 6248 4076 8655 9207 4474 5562 2401 9987 4286 4915 8192 6663 1195 2787 8248 4391 466 3141 1157 3607 1028 5060 8658 3328 2223
5491 -1 -1 -1 -1 -1 -1 -1 -1 -1 -1 -1 -1 -1 -1 -1 -1 -1 -1 -1 -1 -1 -1 -1 -1 -1 -1 -1 -1 -1 -1 -1 -1 -1 -1 -1 -1 -1 -1 -1 -1 -1 -1 -1 -1 -1 -1 -1 -1 -1 -1 -1 -1 -1 -1 -1 -1 -1 -1 -1 -1 -1 -1 -1 -1 -1 -1 -1 -1 -1 -1 -1 -1 -1 -1 -1 -1 -1 -1 -1 -1 -1 -1 -1 -1 -1 -1 -1 -1 -1 -1 -1 -1 -1 -1 -1 -1
6537 5921 3409 3862 4465 8615 1499 3854 5374 7934 2741 5572 1143 9364 5946 8773 8231 1737 9752 678 6828 1140 6730 9210 3899 3540 8247 8984 7049 7087 723 2102 606 9312 7579 7193 1805 6924 9121 8896 5095 3786 1894 5324 5108 4978 3106 2833 5147 2004 4274 8515 926 9092 1840 4318 9986 6433 5095 6704 4665 9396 3119 3584 8912 8046 5164 4518 5006 8482 5401 2913 4047 7939 6301 9695 4606 5082 2025 1664 1321 9872 8209 8443 1424 68 8024 9765 8496 972 7030 2709 9240 2110 2358 1111 8163
-1 -1 -1 -1 -1 -1 -1 -1 -1 -1 -1 -1 -1 -1 -1 -1 -1 -1 -1 -1 -1 -1 -1 -1 -1 -1 -1 -1 -1 -1 -1 -1 -1 -1 -1 -1 -1 -1 -1 -1 -1 -1 -1 -1 -1 -1 -1 -1 -1 -1 -1 -1 -1 -1 -1 -1 -1 -1 -1 -1 -1 -1 -1 -1 -1 -1 -1 -1 -1 -1 -1 -1 -1 -1 -1 -1 -1 -1 -1 -1 -1 -1 -1 -1 -1 -1 -1 -1 -1 -1 -1 -1 -1 -1 -1 -1 420
595 2324 9934 9048 5198 3144 616 2638 8587 9101 4560 5724 417 2791 5107 6465 1342 3259 1772 9994 6346 9705 117 7027 4758 4121 1925 2874 3919 4607 7697 8978 9789 5127 6917 8929 4494 8239 5268 6947 7783 3117 4924 1277 116 3274 6389 3507 635 7271 8388 6262 3197 2155 6344 7424 6592 224 2168 6777 2081 754 5719 9131 3118 1588 6377 9944 2698 8385 9389 3397 768 9804 4297 9942 3526 1504 9575 2676 5420 2958 1317 340 8821 9729 4746 5422 9341 9371 7391 3465 878 4699 3350 6435 7464
6251 -1 -1 -1 -1 -1 -1 -1 -1 -1 -1 -1 -1 -1 -1 -1 -1 -1 -1 -1 -1 -1 -1 -1 -1 -1 -1 -1 -1 -1 -1 -1 -1 -1 -1 -1 -1 -1 -1 -1 -1 -1 -1 -1 -1 -1 -1 -1 -1 -1 -1 -1 -1 -1 -1 -1 -1 -1 -1 -1 -1 -1 -1 -1 -1 -1 -1 -1 -1 -1 -1 -1 -1 -1 -1 -1 -1 -1 -1 -1 -1 -1 -1 -1 -1 -1 -1 -1 -1 -1 -1 -1 -1 -1 -1 -1 -1
7446 9263 613 7446 2463 6225 6943 6274 9179 8709 7126 6588 5079 6790 2932 2425 5020 6232 817 5154 4487 3754 1040 333 4580 5000 5335 9826 9831 471 7921 7986 7247 3865 508 882 3686 534 829 8770 7368 7246 9469 2179 8263 4037 3411 8733 5591 1819 5910 1185 8679 3716 4553 767 7596 975 1944 6684 3629 2601 103 6883 3751 3904 5234 365 5009 61 5895 9841 8547 4943 1313 2557 1273 4903 9718 393 2898 3009 6904 5640 9363 3248 6492 2692 6135 5157 3748 1713 4066 3606 6049 7777 9141
-1 -1 -1 -1 -1 -1 -1 -1 -1 -1 -1 -1 -1 -1 -1 -1 -1 -1 -1 -1 -1 -1 -1 -1 -1 -1 -1 -1 -1 -1 -1 -1 -1 -1 -1 -1 -1 -1 -1 -1 -1 -1 -1 -1 -1 -1 -1 -1 -1 -1 -1 -1 -1 -1 -1 -1 -1 -1 -1 -1 -1 -1 -1 -1 -1 -1 -1 -1 -1 -1 -1 -1 -1 -1 -1 -1 -1 -1 -1 -1 -1 -1 -1 -1 -1 -1 -1 -1 -1 -1 -1 -1 -1 -1 -1 -1 4004
2124 8500 5896 7661 1998 7634 2107 9996 978 6760 6919 5917 6988 2902 2184 1423 4227 3517 3765 4325 8920 894 9522 1405 4889 7348 4942 6040 8407 4056 5894 3428 9569 9546 9037 345 4047 9172 9090 3098 7483 9062 3687 427 4628 6475 4192 2439 853 3032 2115 4825 1137 5280 3970 4672 4885 7824 7940 8757 651 4865 8003 5323 5842 677 4533 3632 9852 1849 649 3507 1312 3198 464 4743 6629 7465 3836 2033 978 2710 1530 427 3264 3107 8417 3165 4184 9179 1664 2669 732 5350 6809 6005 6920
8304 -1 -1 -1 -1 -1 -1 -1 -1 -1 -1 -1 -1 -1 -1 -1 -1 -1 -1 -1 -1 -1 -1 -1 -1 -1 -1 -1 -1 -1 -1 -1 -1 -1 -1 -1 -1 -1 -1 -1 -1 -1 -1 -1 -1 -1 -1 -1 -1 -1 -1 -1 -1 -1 -1 -1 -1 -1 -1 -1 -1 -1 -1 -1 -1 -1 -1 -1 -1 -1 -1 -1 -1 -1 -1 -1 -1 -1 -1 -1 -1 -1 -1 -1 -1 -1 -1 -1 -1 -1 -1 -1 -1 -1 -1 -1 -1
402 3863 3000 4074 7973 3022 4326 9962 7782 1475 1988 1510 2681 9490 9292 4853 4314 249 3580 1050 1510 7439 4446 6448 3330 5204 1133 3732 4351 8157 4539 4330 1 8232 4650 379 1430 1963 8497 1698 6928 6263 68 9239 8879 9789 8036 7123 692 2732 8173 9663 7820 6573 3067 5718 8914 9475 8617 7384 722 4120 7539 4260 8721 2724 1674 16 7086 6753 2589 2666 442 4291 6998 8404 8167 800 9861 1612 5158 9719 1140 6867 9059 915 1212 9215 2768 1927 6924 5925 2972 8759 1527 8141 3257
-1 -1 -1 -1 -1 -1 -1 -1 -1 -1 -1 -1 -1 -1 -1 -1 -1 -1 -1 -1 -1 -1 -1 -1 -1 -1 -1 -1 -1 -1 -1 -1 -1 -1 -1 -1 -1 -1 -1 -1 -1 -1 -1 -1 -1 -1 -1 -1 -1 -1 -1 -1 -1 -1 -1 -1 -1 -1 -1 -1 -1 -1 -1 -1 -1 -1 -1 -1 -1 -1 -1 -1 -1 -1 -1 -1 -1 -1 -1 -1 -1 -1 -1 -1 -1 -1 -1 -1 -1 -1 -1 -1 -1 -1 -1 -1 6303
2480 2484 1462 9320 8302 9745 6022 7708 75 2381 9862 4910 5416 1466 2034 1472 7455 6036 5805 467 9939 8468 6159 1762 6784 3427 7991 8932 5444 2716 7919 3615 7660 3053 158 7695 423 9208 7897 5155 8929 1803 2023 8529 7342 7548 40 3563 14 6271 5845 3506 2642 6929 7686 7334 622 7056 3045 6648 8304 3320 4932 53 5175 9058 3855 9532 8635 1239 32 2650 3528 4804 9093 1743 5292 5507 1106 1807 9948 4715 8841 4955 4589 6661 6311 8551 8578 1932 9827 2743 7391 8164 9762 568 1002
8561 -1 -1 -1 -1 -1 -1 -1 -1 -1 -1 -1 -1 -1 -1 -1 -1 -1 -1 -1 -1 -1 -1 -1 -1 -1 -1 -1 -1 -1 -1 -1 -1 -1 -1 -1 -1 -1 -1 -1 -1 -1 -1 -1 -1 -1 -1 -1 -1 -1 -1 -1 -1 -1 -1 -1 -1 -1 -1 -1 -1 -1 -1 -1 -1 -1 -1 -1 -1 -1 -1 -1 -1 -1 -1 -1 -1 -1 -1 -1 -1 -1 -1 -1 -1 -1 -1 -1 -1 -1 -1 -1 -1 -1 -1 -1 -1
5633 2567 7872 9666 6353 7187 5455 132 2690 6541 2969 4922 7624 9168 6954 2698 6911 9515 819 3320 7009 5150 8795 5605 898 981 6483 1368 2275 6157 5105 8930 7599 9149 6718 6905 3060 8927 1761 7570 8203 6957 231 6321 8982 3321 7506 6426 8190 9153 1583 3794 6723 4358 800 1461 2588 2397 5925 5776 9640 2711 973 3307 3389 4193 3839 1536 573 8527 9332 6132 1904 8814 5175 5922 5463 561 7444 1548 2557 7661 6246 169 6953 3675 3089 6921 5609 2784 9430 4842 1218 7986 6727 6509 7301
-1 -1 -1 -1 -1 -1 -1 -1 -1 -1 -1 -1 -1 -1 -1 -1 -1 -1 -1 -1 -1 -1 -1 -1 -1 -1 -1 -1 -1 -1 -1 -1 -1 -1 -1 -1 -1 -1 -1 -1 -1 -1 -1 -1 -1 -1 -1 -1 -1 -1 -1 -1 -1 -1 -1 -1 -1 -1 -1 -1 -1 -1 -1 -1 -1 -1 -1 -1 -1 -1 -1 -1 -1 -1 -1 -1 -1 -1 -1 -1 -1 -1 -1 -1 -1 -1 -1 -1 -1 -1 -1 -1 -1 -1 -1 -1 3262
9581 2404 6608 926 327 7044 7256 291 7059 9632 8021 5354 484 9835 376 7067 1840 8626 4709 2071 1330 9044 1615 8526 3683 3441 2012 5834 9955 8276 9438 4700 5019 7633 8250 7227 1687 1973 3076 1048 6948 4143 9791 8451 8882 3844 4394 5254 7995 7313 1982 3437 7568 8745 7957 6610 375 4771 7885 8521 654 4800 8472 2024 3642 6879 7949 3092 4973 9601 37 7611 8729 1600 6513 4542 4863 4927 6228 342 9881 6985 6969 6908 3980 140 800 7892 2306 6423 964 1290 1087 509 7378 8948 7093
1325 -1 -1 -1 -1 -1 -1 -1 -1 -1 -1 -1 -1 -1 -1 -1 -1 -1 -1 -1 -1 -1 -1 -1 -1 -1 -1 -1 -1 -1 -1 -1 -1 -1 -1 -1 -1 -1 -1 -1 -1 -1 -1 -1 -1 -1 -1 -1 -1 -1 -1 -1 -1 -1 -1 -1 -1 -1 -1 -1 -1 -1 -1 -1 -1 -1 -1 -1 -1 -1 -1 -1 -1 -1 -1 -1 -1 -1 -1 -1 -1 -1 -1 -1 -1 -1 -1 -1 -1 -1 -1 -1 -1 -1 -1 -1 -1
9220 8378 6996 494 9325 4666 4311 3511 2090 8684 5453 2804 8673 6701 6892 4480 6930 942 9234 1220 7900 1522 6062 6378 9269 8854 8194 2036 8211 4093 2127 1265 46 3306 2260 7742 9639 1414 7039 3184 4407 1695 4878 7707 2321 5377 7129 8220 8658 6096 4093 8133 4255 7164 6336 6486 3922 1539 9039 1351 5029 5897 9727 6814 2121 9470 7251 5725 9442 1812 2143 4888 426 5736 2103 4421 3988 9053 8127 1958 8979 5806 3037 9919 1581 1662 6092 9001 4139 6554 7817 8761 1889 7415 8741 3575 567
-1 -1 -1 -1 -1 -1 -1 -1 -1 -1 -1 -1 -1 -1 -1 -1 -1 -1 -1 -1 -1 -1 -1 -1 -1 -1 -1 -1 -1 -1 -1 -1 -1 -1 -1 -1 -1 -1 -1 -1 -1 -1 -1 -1 -1 -1 -1 -1 -1 -1 -1 -1 -1 -1 -1 -1 -1 -1 -1 -1 -1 -1 -1 -1 -1 -1 -1 -1 -1 -1 -1 -1 -1 -1 -1 -1 -1 -1 -1 -1 -1 -1 -1 -1 -1 -1 -1 -1 -1 -1 -1 -1 -1 -1 -1 -1 142
7863 2160 7990 5154 870 5957 4808 9776 2656 442 3134 8216 5655 5170 2086 6031 7716 2315 3107 5612 8623 8920 3717 7543 3527 243 586 6302 4742 7595 4028 1049 8002 7936 1225 3608 2531 4563 6839 9853 8835 8704 3206 4660 9892 6607 5439 1800 6884 8585 5303 3585 3359 3149 4248 3614 1598 1389 5155 5227 4298 700 9514 4067 1532 9955 9919 5999 7155 3177 8638 4961 9498 6935 1541 9182 5887 6718 9364 1244 3509 4209 3292 456 4243 8016 6369 6482 338 4363 8866 3500 2756 4464 6476 2834 7100
2096 -1 -1 -1 -1 -1 -1 -1 -1 -1 -1 -1 -1 -1 -1 -1 -1 -1 -1 -1 -1 -1 -1 -1 -1 -1 -1 -1 -1 -1 -1 -1 -1 -1 -1 -1 -1 -1 -1 -1 -1 -1 -1 -1 -1 -1 -1 -1 -1 -1 -1 -1 -1 -1 -1 -1 -1 -1 -1 -1 -1 -1 -1 -1 -1 -1 -1 -1 -1 -1 -1 -1 -1 -1 -1 -1 -1 -1 -1 -1 -1 -1 -1 -1 -1 -1 -1 -1 -1 -1 -1 -1 -1 -1 -1 -1 -1
4263 1089 9391 4450 9423 3454 8066 7854 2636 5369 4647 6135 7922 1142 6199 2346 3325 7276 8920 3211 6229 132 524 515 5475 2726 228 7620 6747 877 6239 9315 6347 5219 5212 8386 3117 7642 3700 1674 5669 1828 9470 7467 6611 8792 247 4123 787 563 3888 3329 8553 7206 2745 285 3474 6293 9178 8825 4653 9380 8751 5616 8658 9302 3447 9739 6092 2373 2235 7686 934 4770 348 4170 3822 7914 6071 9650 7824 5802 3090 1887 8238 2440 8491 7130 5066 6475 7631 8216 2323 1374 6545 565 180
-1 -1 -1 -1 -1 -1 -1 -1 -1 -1 -1 -1 -1 -1 -1 -1 -1 -1 -1 -1 -1 -1 -1 -1 -1 -1 -1 -1 -1 -1 -1 -1 -1 -1 -1 -1 -1 -1 -1 -1 -1 -1 -1 -1 -1 -1 -1 -1 -1 -1 -1 -1 -1 -1 -1 -1 -1 -1 -1 -1 -1 -1 -1 -1 -1 -1 -1 -1 -1 -1 -1 -1 -1 -1 -1 -1 -1 -1 -1 -1 -1 -1 -1 -1 -1 -1 -1 -1 -1 -1 -1 -1 -1 -1 -1 -1 7249
319 7306 1753 3836 2386 295 4510 4735 3085 9941 4938 300 2345 4287 9114 2177 5218 2105 6921 3936 645 7079 5878 4581 1410 6323 7867 3362 4275 9388 2972 9301 5964 1734 8620 5282 1804 8764 4405 2363 8139 7295 477 9613 2817 5012 4486 6375 7701 3839 415 4130 9737 126 5211 8998 6758 4835 9717 5975 3639 6811 8466 7141 1312 7768 5838 1637 4962 6933 2086 3157 9028 8136 3264 6826 4295 6353 2878 8468 4633 9817 9076 8965 5751 7953 9840 4678 9801 3153 7489 2461 2710 3581 5447 5116 8182
5682 -1 -1 -1 -1 -1 -1 -1 -1 -1 -1 -1 -1 -1 -1 -1 -1 -1 -1 -1 -1 -1 -1 -1 -1 -1 -1 -1 -1 -1 -1 -1 -1 -1 -1 -1 -1 -1 -1 -1 -1 -1 -1 -1 -1 -1 -1 -1 -1 -1 -1 -1 -1 -1 -1 -1 -1 -1 -1 -1 -1 -1 -1 -1 -1 -1 -1 -1 -1 -1 -1 -1 -1 -1 -1 -1 -1 -1 -1 -1 -1 -1 -1 -1 -1 -1 -1 -1 -1 -1 -1 -1 -1 -1 -1 -1 -1
8980 4039 8870 3114 8023 744 8139 1928 4541 2533 832 7878 4974 7395 3271 9053 7813 1765 179 8482 7887 1390 8853 7687 5693 9647 6683 8854 3989 5744 7372 4007 1153 4639 7027 6492 9283 9614 9073 6319 4603 7226 1476 188 3515 9150 2328 9946 8270 3452 4843 5930 7684 5801 3892 7257 6000 657 8518 6757 5851 3364 7047 4895 4187 5020 3960 3451 2547 3556 1965 6519 3856 5872 3492 3294 9341 5822 2686 5140 9653 860 4692 6557 1773 9325 3867 746 6196 5905 8657 1456 4179 3731 7988 1669 8270
-1 -1 -1 -1 -1 -1 -1 -1 -1 -1 -1 -1 -1 -1 -1 -1 -1 -1 -1 -1 -1 -1 -1 -1 -1 -1 -1 -1 -1 -1 -1 -1 -1 -1 -1 -1 -1 -1 -1 -1 -1 -1 -1 -1 -1 -1 -1 -1 -1 -1 -1 -1 -1 -1 -1 -1 -1 -1 -1 -1 -1 -1 -1 -1 -1 -1 -1 -1 -1 -1 -1 -1 -1 -1 -1 -1 -1 -1 -1 -1 -1 -1 -1 -1 -1 -1 -1 -1 -1 -1 -1 -1 -1 -1 -1 -1 2493
4966 9020 9470 5370 9741 833 2307 7947 3409 7155 5618 6891 2413 1349 1218 4005 5093 4119 9583 6458 76 2334 1328 8939 2713 7681 9027 2726 3587 6921 8009 1813 6235 2902 7072 8167 6856 676 3365 7838 7414 9477 2834 5224 8263 8866 1396 1604 5537 6657 3524 7584 6185 8680 5203 6237 9226 5194 5671 8193 3178 6823 9632 4126 705 388 9758 7397 9865 2377 3474 4422 1663 2711 7669 9089 9005 8607 6965 2509 9951 5781 6640 5646 4656 3723 208 3659 7671 557 7725 8540 9889 5039 9034 792 2953
6154 -1 -1 -1 -1 -1 -1 -1 -1 -1 -1 -1 -1 -1 -1 -1 -1 -1 -1 -1 -1 -1 -1 -1 -1 -1 -1 -1 -1 -1 -1 -1 -1 -1 -1 -1 -1 -1 -1 -1 -1 -1 -1 -1 -1 -1 -1 -1 -1 -1 -1 -1 -1 -1 -1 -1 -1 -1 -1 -1 -1 -1 -1 -1 -1 -1 -1 -1 -1 -1 -1 -1 -1 -1 -1 -1 -1 -1 -1 -1 -1 -1 -1 -1 -1 -1 -1 -1 -1 -1 -1 -1 -1 -1 -1 -1 -1
8116 2103 3136 933 4267 7550 6053 924 8527 2268 2073 8975 2370 9639 4591 5460 6545 9168 5899 8547 2050 3343 1869 9259 7413 6705 4832 9948 8669 9773 4563 1601 7918 5968 2058 730 6414 1564 1548 7433 447 3504 8016 4184 6389 9837 9717 6491 3904 2298 301 2502 8285 9081 915 7014 7835 8343 6838 8008 2309 5793 986 979 484 9975 9156 3967 8130 470 6616 1778 4884 6528 7568 1629 3805 2546 6723 8352 8888 8696 7936 7394 709 3321 1106 7088 2571 9614 706 7022 9841 5385 2784 7337 3562
-1 -1 -1 -1 -1 -1 -1 -1 -1 -1 -1 -1 -1 -1 -1 -1 -1 -1 -1 -1 -1 -1 -1 -1 -1 -1 -1 -1 -1 -1 -1 -1 -1 -1 -1 -1 -1 -1 -1 -1 -1 -1 -1 -1 -1 -1 -1 -1 -1 -1 -1 -1 -1 -1 -1 -1 -1 -1 -1 -1 -1 -1 -1 -1 -1 -1 -1 -1 -1 -1 -1 -1 -1 -1 -1 -1 -1 -1 -1 -1 -1 -1 -1 -1 -1 -1 -1 -1 -1 -1 -1 -1 -1 -1 -1 -1 8011
2357 5231 8779 7579 5474 4154 2377 2785 665 2673 7231 569 6104 3127 9028 4822 3466 2276 309 316 128 3674 3495 3410 2659 9583 8176 4867 5211 264 4462 1558 8096 6108 3264 8901 3064 898 8719 9402 947 1075 4326 9937 4422 2894 1867 9678 5029 3835 1536 115 6418 9532 2616 92 9479 648 2768 6619 2305 6148 3571 8607 3285 2473 1231 9696 5943 9902 2260 5901 4251 2094 2809 7172 1239 3934 8458 3697 7392 639 432 4351 3012 1841 4519 1627 7294 9932 3856 3457 583 2592 8305 3838 4428
9658 -1 -1 -1 -1 -1 -1 -1 -1 -1 -1 -1 -1 -1 -1 -1 -1 -1 -1 -1 -1 -1 -1 -1 -1 -1 -1 -1 -1 -1 -1 -1 -1 -1 -1 -1 -1 -1 -1 -1 -1 -1 -1 -1 -1 -1 -1 -1 -1 -1 -1 -1 -1 -1 -1 -1 -1 -1 -1 -1 -1 -1 -1 -1 -1 -1 -1 -1 -1 -1 -1 -1 -1 -1 -1 -1 -1 -1 -1 -1 -1 -1 -1 -1 -1 -1 -1 -1 -1 -1 -1 -1 -1 -1 -1 -1 -1
4991 8749 3798 6725 3068 3592 8727 3507 4385 6831 3116 5706 4168 2605 4290 4449 8951 9619 9257 7096 6266 3969 5326 1270 6787 4393 8941 4204 1378 2646 8584 1027 3139 9662 1271 9596 1565 356 6968 8190 5489 6228 8156 5211 4503 8889 7678 9367 8883 9992 4370 7739 8959 658 3730 7648 1917 2763 1825 9662 1184 8083 5320 2417 1369 7352 6332 6826 9347 1874 7551 1323 1564 9852 3546 6654 8253 4038 6481 5433 1026 9681 5177 6519 1997 4643 2359 6681 8956 4428 1597 4879 4562 771 7896 539 537
1 1
97 97
