99 99 216620465
4424 365 6372 1651 3886 4401 2019 8881 7803 2751 8824 4421 997 2706 931 8420 8978 7436 7587 6891 4765 1668 1383 4783 1898 5881 8773 498 754 4622 7011 7677 695 7495 6463 9254 3228 6612 2549 8813 25 3262 9668 5370 6603 1486 8157 2559 7569 621 9240 9986 8543 4 7911 9099 1137 1893 870 5656 8679 824 8055 2885 1897 4915 8082 8344 1498 2743 2161 3581 4734 2555 799 8721 2466 4627 4300 3684 7525 4695 5571 793 5043 5756 3121 5232 1700 4594 3882 5893 3761 7731 1479 9076 9049 6907 7788
8468 -1 -1 -1 -1 -1 -1 -1 -1 -1 -1 -1 -1 -1 -1 -1 -1 -1 -1 -1 -1 -1 -1 -1 -1 -1 -1 -1 -1 -1 -1 -1 -1 -1 -1 -1 -1 -1 -1 -1 -1 -1 -1 -1 -1 -1 -1 -1 -1 -1 -1 -1 -1 -1 -1 -1 -1 -1 -1 -1 -1 -1 -1 -1 -1 -1 -1 -1 -1 -1 -1 -1 -1 -1 -1 -1 -1 -1 -1 -1 -1 -1 -1 -1 -1 -1 -1 -1 -1 -1 -1 -1 -1 -1 -1 -1 -1 -1 6082
7997 2514 4344 1607 2335 4795 8074 3298 352 4542 3310 2433 3355 9199 1959 1561 5451 4640 9134 1771 8861 8557 6049 3221 7808 5836 7667 1424 1569 1050 5431 621 8799 4126 8919 3628 4205 1770 5637 1123 2018 661 845 9756 2248 5806 8523 6756 2563 7620 2748 9329 8347 7161 1976 1350 6171 8513 6514 681 381 2799 536 7936 5845 2634 4415 7486 4280 2360 5375 4397 8871 3635 3129 4288 1271 5774 4354 454 5100 5349 4515 7520 3126 70 1419 2858 3322 3746 5840 4392 3482 6552 7534 4137 6738 3353 247
-1 -1 -1 -1 -1 -1 -1 -1 -1 -1 -1 -1 -1 -1 -1 -1 -1 -1 -1 -1 -1 -1 -1 -1 -1 -1 -1 -1 -1 -1 -1 -1 -1 -1 -1 -1 -1 -1 -1 -1 -1 -1 -1 -1 -1 -1 -1 -1 -1 -1 -1 -1 9774 -1 -1 -1 -1 -1 -1 -1 -1 -1 -1 -1 -1 -1 -1 -1 -1 -1 -1 -1 -1 -1 -1 -1 -1 -1 -1 -1 -1 -1 -1 -1 -1 -1 -1 -1 -1 -1 -1 -1 -1 -1 -1 -1 -1 -1 -1
459 9501 6290 4349 1659 8409 8582 8230 1528 7462 3261 4801 7488 4180 6052 9156 6740 7834 1601 8590 5794 5911 2781 7711 4418 206 7826 9924 2147 8013 6963 9193 828 9086 3108 3670 3246 4388 3558 2383 2755 7148 1731 9374 7808 1664 2751 4093 1898 3815 1144 1583 7822 4627 5051 8361 675 5275 1069 9709 6816 277 8911 5750 5764 5799 113 4770 3233 4839 1457 4694 5393 9331 8176 8177 2034 8542 6463 1006 2689 6806 2025 8321 8948 8895 9796 3793 1529 2023 4398 5842 1052 6666 671 6209 8187 7984 4330
9213 -1 -1 -1 -1 -1 -1 -1 -1 -1 -1 -1 -1 -1 -1 -1 -1 -1 -1 -1 -1 -1 -1 -1 -1 -1 -1 -1 -1 -1 -1 -1 -1 -1 -1 -1 -1 -1 -1 -1 -1 -1 -1 -1 -1 -1 -1 -1 -1 -1 -1 -1 -1 -1 -1 -1 -1 -1 -1 -1 -1 -1 -1 -1 -1 -1 -1 -1 -1 -1 -1 -1 -1 -1 -1 -1 -1 -1 -1 -1 -1 -1 -1 -1 -1 -1 -1 -1 -1 -1 -1 -1 -1 -1 -1 -1 -1 -1 1393
9710 907 2110 9910 2156 4983 8816 2328 5762 872 1228 2438 8516 7188 5970 5794 3981 4513 9501 6104 5200 6991 2624 2875 4373 468 7429 909 9502 6765 9061 9047 284 8716 8058 9906 7062 1883 9061 2986 3777 2269 2436 469 3887 4881 8346 433 6118 2470 3211 3856 2991 8563 9160 7509 2044 1046 3130 3179 4614 4577 5070 7581 6905 9829 8357 6920 1370 2933 5373 8402 5322 5355 4199 536 8253 6905 311 635 2677 8726 1562 9398 874 7167 5281 1667 9890 8646 4916 1247 42 8460 9719 7096 2442 4935 6856
-1 -1 -1 -1 -1 -1 -1 -1 -1 -1 -1 -1 -1 -1 -1 -1 -1 -1 -1 -1 -1 -1 -1 -1 -1 -1 -1 -1 1300 -1 -1 -1 -1 -1 -1 -1 -1 -1 -1 -1 -1 -1 -1 -1 -1 -1 -1 -1 -1 -1 -1 -1 -1 -1 -1 -1 -1 -1 -1 -1 -1 -1 -1 -1 -1 -1 -1 -1 -1 -1 -1 -1 -1 -1 -1 -1 -1 -1 -1 -1 -1 -1 -1 -1 -1 -1 -1 -1 -1 -1 -1 -1 -1 -1 -1 -1 -1 -1 -1
9676 2800 6976 9983 4022 1328 7644 9576 9769 9927 1874 532 2986 1037 1606 8165 8767 7938 5486 8140 5182 1746 7168 2039 22 9605 2777 6250 5242 5710 4154 3000 9574 12 4082 306 9922 6788 4867 5096 2341 9497 6868 9805 7948 9368 2559 5686 729 8951 9535 8194 6250 8640 561 2745 5949 8460 7117 6529 8603 5077 9801 25 8457 4322 9013 6981 7071 9314 5196 3579 9353 3402 6019 6782 4002 1314 7353 8203 9245 9887 9390 2370 7276 7026 3292 4434 9481 2612 6007 6187 5803 7541 48 1966 952 9859 4293
7975 -1 -1 -1 -1 -1 -1 -1 -1 -1 -1 -1 -1 -1 -1 -1 -1 -1 -1 -1 -1 -1 -1 -1 -1 -1 -1 -1 -1 -1 -1 -1 -1 -1 -1 -1 -1 -1 -1 -1 -1 -1 -1 -1 -1 -1 -1 -1 -1 -1 -1 -1 -1 -1 -1 -1 -1 -1 -1 -1 -1 -1 -1 -1 -1 -1 -1 -1 -1 -1 -1 -1 -1 -1 -1 -1 -1 -1 -1 -1 -1 -1 -1 -1 -1 -1 -1 -1 -1 -1 -1 -1 -1 -1 -1 -1 -1 -1 8369
9859 615 5631 976 1685 368 6238 4419 5897 3520 9324 1003 4271 7014 2516 3364 8783 1383 1647 7960 3752 846 5279 6930 6481 6971 1303 5081 7156 997 8400 3821 6124 1387 6517 4239 9281 592 2007 7087 5995 5721 4485 3498 4093 6125 8579 8204 9080 1360 7378 7718 1938 8298 180 2492 7826 3686 2255 1245 1377 6080 5192 2597 1027 6125 5391 7907 8479 424 8816 5479 3374 8126 6007 4901 7209 8613 6851 6545 8030 7366 5065 7526 1780 8711 4044 3727 5400 3925 8012 2220 3226 2284 9939 6153 9667 519 703
-1 -1 -1 -1 -1 -1 -1 4661 -1 -1 -1 -1 -1 -1 -1 -1 -1 -1 -1 -1 -1 -1 -1 -1 -1 -1 -1 -1 -1 -1 -1 -1 -1 -1 -1 -1 -1 -1 -1 -1 -1 -1 -1 -1 -1 -1 -1 -1 -1 -1 -1 -1 -1 -1 -1 -1 -1 -1 -1 -1 -1 -1 -1 -1 -1 -1 -1 -1 -1 -1 -1 -1 -1 -1 -1 -1 -1 -1 -1 -1 -1 -1 -1 -1 -1 -1 -1 -1 -1 -1 -1 -1 -1 -1 -1 -1 -1 -1 -1
9964 3594 4755 3371 9288 4205 5745 2905 5289 5507 2255 6894 3267 3114 7269 3791 9327 4900 9092 8226 9893 6908 5939 4744 776 7402 4441 281 8057 8936 3033 1456 7397 8820 6718 6030 3931 6025 8406 5578 1736 4329 9752 914 8006 7099 829 1452 1616 2296 7810 8485 8789 853 5027 5871 295 673 1529 3250 5556 5892 4580 5862 6561 2097 8270 1251 5420 7548 1614 523 8056 5071 4276 1148 3141 2960 9935 4270 892 8389 2930 9330 6347 6942 4821 6617 5426 1965 4536 4752 2237 2058 8949 1966 6517 6842 4192
787 -1 -1 -1 -1 -1 -1 -1 -1 -1 -1 -1 -1 -1 -1 -1 -1 -1 -1 -1 -1 -1 -1 -1 -1 -1 -1 -1 -1 -1 -1 -1 -1 -1 -1 -1 -1 -1 -1 -1 -1 -1 -1 -1 -1 -1 -1 -1 -1 -1 -1 -1 -1 -1 -1 -1 -1 -1 -1 -1 -1 -1 -1 -1 -1 -1 -1 -1 -1 -1 -1 -1 -1 -1 -1 -1 -1 -1 -1 -1 -1 -1 -1 -1 -1 -1 -1 -1 -1 -1 -1 -1 -1 -1 -1 -1 -1 -1 9876
9976 669 9390 7282 4776 4531 2382 9978 2370 2135 2103 7502 4203 7158 8579 1024 1191 1198 1717 1537 1087 8628 8855 6517 5513 187 5305 1963 5930 6298 2929 2653 5056 8532 5250 3688 6925 6578 8301 5585 4347 1738 3434 4081 2045 3865 3517 1040 1587 2033 6828 9764 6746 1651 8295 7679 4443 9490 461 315 4334 2552 6363 2862 4072 7899 922 7140 3245 7154 6346 3165 9982 1551 9708 7696 4104 1074 7149 5906 4911 2862 770 2711 8095 9198 3990 9411 5606 1324 605 2014 4 7946 1164 562 4933 7598 4503
-1 -1 -1 -1 -1 -1 -1 -1 -1 -1 7208 -1 -1 -1 -1 -1 -1 -1 -1 -1 -1 -1 -1 -1 -1 -1 -1 -1 -1 -1 -1 -1 -1 -1 -1 -1 -1 -1 -1 -1 -1 -1 -1 -1 -1 -1 -1 -1 -1 -1 -1 -1 -1 -1 -1 -1 -1 -1 -1 -1 -1 -1 -1 -1 -1 -1 -1 -1 -1 -1 -1 -1 -1 -1 -1 -1 -1 -1 -1 -1 -1 -1 -1 -1 -1 -1 -1 -1 -1 -1 -1 -1 -1 -1 -1 -1 -1 -1 -1
4450 5309 1378 2817 1000 5134 7612 804 527 7569 1459 594 1711 5175 5725 865 7353 3219 5530 356 8514 1443 3074 5430 6497 9556 4320 5660 8414 7352 5961 3007 3973 4886 4552 8022 6320 974 6008 796 261 5309 455 6239 1150 3678 2915 9669 1584 3154 3010 4237 220 332 6218 6084 8684 5739 2564 972 4205 5728 6655 175 5492 948 375 2367 6124 3801 1938 2826 9598 720 3867 957 5599 8490 9035 1482 8522 5773 3632 9267 2305 696 8972 7682 146 8441 9001 7213 5386 8884 6946 8142 3831 1976 4900
6146 -1 -1 -1 -1 -1 -1 -1 -1 -1 -1 -1 -1 -1 -1 -1 -1 -1 -1 -1 -1 -1 -1 -1 -1 -1 -1 -1 -1 -1 -1 -1 -1 -1 -1 -1 -1 -1 -1 -1 -1 -1 -1 -1 -1 -1 -1 -1 -1 -1 -1 -1 -1 -1 -1 -1 -1 -1 -1 -1 -1 -1 -1 -1 -1 -1 -1 -1 -1 -1 -1 -1 -1 -1 -1 -1 -1 -1 -1 -1 -1 -1 -1 -1 -1 -1 -1 -1 -1 -1 -1 -1 -1 -1 -1 -1 -1 -1 4985
1092 1928 7355 2786 8778 2964 7438 3860 3668 840 3207 979 4208 8349 501 2922 2818 3921 5578 1520 5019 9456 1415 9622 9433 5035 5631 4946 732 7457 4094 8435 9707 2755 513 5423 3611 4744 4505 7272 8524 1194 6207 1745 6647 7959 9544 5417 9267 9124 8872 3730 1106 6981 5045 6450 2751 9343 6281 8478 8244 9896 4765 5994 6261 9112 70 1499 4173 7182 9863 6162 6459 3047 618 8169 3805 2605 8206 5865 4218 971 8202 6483 4170 3425 6577 9338 9428 6267 8893 1784 407 2479 9033 8218 2595 4891 5711
-1 -1 -1 -1 -1 -1 -1 -1 -1 -1 -1 -1 -1 -1 -1 -1 -1 -1 -1 7331 -1 -1 -1 -1 -1 -1 -1 -1 -1 -1 -1 -1 -1 -1 -1 -1 -1 -1 -1 -1 -1 -1 -1 -1 -1 -1 -1 -1 -1 -1 -1 -1 -1 -1 -1 -1 -1 -1 -1 -1 -1 -1 -1 -1 -1 -1 -1 -1 -1 -1 -1 -1 -1 -1 -1 -1 -1 -1 -1 -1 -1 -1 -1 -1 -1 -1 -1 -1 -1 -1 -1 -1 -1 -1 -1 -1 -1 -1 -1
3419 702 3800 1670 4170 6060 624 8982 5539 6470 3947 715 1595 3106 5618 4188 4769 595 7707 8687 8727 939 2274 5145 4228 7100 5139 8900 3867 4501 3063 784 1717 5699 9817 2893 2913 1409 6702 2247 1058 1131 6250 9643 5909 1200 1972 4386 6113 4246 4114 3176 6395 1006 762 4953 834 7839 1515 8024 2599 4597 614 4602 3624 671 7442 5889 7349 1391 2046 6609 3079 6397 7662 1009 2992 3462 6646 9664 3302 6458 9284 1258 3760 6085 847 3283 2508 7520 796 6053 2694 6302 4259 3094 6260 1760 5294
62 -1 -1 -1 -1 -1 -1 -1 -1 -1 -1 -1 -1 -1 -1 -1 -1 -1 -1 -1 -1 -1 -1 -1 -1 -1 -1 -1 -1 -1 -1 -1 -1 -1 -1 -1 -1 -1 -1 -1 -1 -1 -1 -1 -1 -1 -1 -1 -1 -1 -1 -1 -1 -1 -1 -1 -1 -1 -1 -1 -1 -1 -1 -1 -1 -1 -1 -1 -1 -1 -1 -1 -1 -1 -1 -1 -1 -1 -1 -1 -1 -1 -1 -1 -1 -1 -1 -1 -1 -1 -1 -1 -1 -1 -1 -1 -1 -1 581
1110 4761 3794 6068 5319 1967 9361 4992 4660 2844 2769 1592 7300 476 4900 4779 1396 3162 8776 5691 8875 4725 3910 5673 4079 2502 1461 362 4544 3134 6698 4552 7965 7130 6832 2845 981 2405 435 1189 7376 5172 868 6246 6634 65 7067 7738 7206 6235 858 4493 2900 9557 2499 2492 4927 2916 7744 8726 9237 5346 2266 5120 163 3257 738 377 9478 3035 1558 6802 3159 775 3894 5279 9474 6608 3618 2085 2304 8886 2320 1907 4458 3455 5286 4961 8974 209 72 673 9836 6891 8770 8432 1729 1047 3699
-1 -1 -1 -1 -1 -1 -1 -1 -1 -1 -1 -1 -1 -1 -1 -1 -1 -1 -1 -1 -1 -1 -1 -1 -1 -1 -1 -1 -1 -1 -1 -1 -1 -1 -1 -1 -1 8073 -1 -1 -1 -1 -1 -1 -1 -1 -1 -1 -1 -1 -1 -1 -1 -1 -1 -1 -1 -1 -1 -1 -1 -1 -1 -1 -1 -1 -1 -1 -1 -1 -1 -1 -1 -1 -1 -1 -1 -1 -1 -1 -1 -1 -1 -1 -1 -1 -1 -1 -1 -1 -1 -1 -1 -1 -1 -1 -1 -1 -1
6791 293 4185 3503 2874 1590 2436 3108 7614 3921 5662 6883 9787 2126 2871 1678 1919 6233 1550 4156 4073 5682 6993 8954 9092 5128 4850 3246 1387 1212 5610 5860 9608 7094 3672 8582 7898 3430 3602 1132 5064 5756 1113 4013 765 2402 6576 7696 4874 7569 4536 1094 2856 9943 7500 4944 7781 2818 6283 2768 3236 7075 5151 3181 4446 9057 6719 3890 4254 2533 8072 8744 288 7623 8812 5162 2682 9061 8958 1398 4673 2328 693 6970 7844 3021 3341 3999 2039 9728 7735 1969 906 7924 3520 9515 1924 5748 8898
9092 -1 -1 -1 -1 -1 -1 -1 -1 -1 -1 -1 -1 -1 -1 -1 -1 -1 -1 -1 -1 -1 -1 -1 -1 -1 -1 -1 -1 -1 -1 -1 -1 -1 -1 -1 -1 -1 -1 -1 -1 -1 -1 -1 -1 -1 -1 -1 -1 -1 -1 -1 -1 -1 -1 -1 -1 -1 -1 -1 -1 -1 -1 -1 -1 -1 -1 -1 -1 -1 -1 -1 -1 -1 -1 -1 -1 -1 -1 -1 -1 -1 -1 -1 -1 -1 -1 -1 -1 -1 -1 -1 -1 -1 -1 -1 -1 -1 7067
6351 2666 2135 5500 8880 2323 7560 4280 916 346 1741 6141 6013 6840 6577 2532 2016 4206 4658 4430 7868 5104 5986 8185 191 5551 1502 7827 9388 9881 3956 9638 3691 1214 7981 8739 9365 9650 3763 565 9883 6185 2488 1901 7391 81 3816 4714 2476 7177 9306 5604 7804 1229 4128 6510 6411 296 6738 5110 6233 9874 5305 4899 3215 2133 482 2083 8223 2078 4972 1809 2374 1928 8968 7089 2365 1511 8215 4446 8337 1045 6949 1437 4633 7864 7475 6587 8159 624 2342 9609 7358 9717 1351 2307 4709 3228 8299
-1 -1 -1 -1 -1 -1 -1 -1 -1 -1 -1 -1 -1 -1 -1 -1 -1 -1 -1 -1 -1 -1 -1 -1 -1 -1 -1 -1 -1 -1 -1 -1 -1 -1 -1 -1 -1 -1 -1 -1 -1 -1 -1 -1 -1 -1 -1 -1 -1 -1 -1 -1 -1 -1 -1 -1 -1 -1 -1 -1 -1 -1 -1 -1 -1 -1 -1 -1 -1 -1 -1 -1 -1 -1 -1 -1 -1 -1 -1 -1 -1 -1 -1 -1 -1 -1 -1 -1 -1 3232 -1 -1 -1 -1 -1 -1 -1 -1 -1
6342 8874 4382 397 7254 5588 3510 2710 2796 3160 6512 9054 9099 7008 3582 9415 5120 5080 349 7246 8017 7713 3287 6421 5159 3089 2494 3950 9003 8074 3379 6003 2596 4942 9 6177 4957 3669 2754 9449 9338 8261 4550 1497 6726 6693 7043 2824 2937 1159 9647 8946 9045 9780 6625 8835 9408 5914 1048 3290 8864 8531 4142 4249 1485 3964 8685 8789 5816 4994 8774 5536 5600 1697 1067 6797 3518 5471 759 6504 549 98 2379 7885 2820 5060 871 73 8200 5440 9496 1257 246 3322 1986 9191 1114 7827 3298
1340 -1 -1 -1 -1 -1 -1 -1 -1 -1 -1 -1 -1 -1 -1 -1 -1 -1 -1 -1 -1 -1 -1 -1 -1 -1 -1 -1 -1 -1 -1 -1 -1 -1 -1 -1 -1 -1 -1 -1 -1 -1 -1 -1 -1 -1 -1 -1 -1 -1 -1 -1 -1 -1 -1 -1 -1 -1 -1 -1 -1 -1 -1 -1 -1 -1 -1 -1 -1 -1 -1 -1 -1 -1 -1 -1 -1 -1 -1 -1 -1 -1 -1 -1 -1 -1 -1 -1 -1 -1 -1 -1 -1 -1 -1 -1 -1 -1 9717
1742 2516 828 5537 1899 3905 3322 8397 2458 6288 1995 3884 2298 3766 7068 6864 4293 1590 8589 7970 3703 9240 4346 209 5016 4125 9369 3920 3776 4358 5996 2894 5953 4856 6438 6573 6280 9560 2079 4822 1777 4671 740 767 598 8021 4685 6016 4392 8702 4357 6058 5679 4379 6945 6400 2798 9006 5061 7287 9352 7951 980 4728 4391 5895 3594 8028 5547 7315 5817 2528 2024 6950 1380 5056 3748 5040 8638 2142 6453 1814 3788 3994 3795 3330 3101 8938 7580 5305 6891 8656 2402 9226 1580 2387 2774 2732 8165
-1 -1 -1 -1 -1 -1 -1 -1 -1 -1 -1 -1 -1 -1 -1 -1 -1 -1 -1 -1 -1 -1 -1 -1 -1 -1 -1 -1 -1 -1 -1 -1 -1 -1 -1 -1 -1 -1 -1 -1 -1 3296 -1 -1 -1 -1 -1 -1 -1 -1 -1 -1 -1 -1 -1 -1 -1 -1 -1 -1 -1 -1 -1 -1 -1 -1 -1 -1 -1 -1 -1 -1 -1 -1 -1 -1 -1 -1 -1 -1 -1 -1 -1 -1 -1 -1 -1 -1 -1 -1 -1 -1 -1 -1 -1 -1 -1 -1 -1
6594 6333 602 6499 5418 383 983 8702 8034 1527 8558 6614 5962 376 4026 1544 5212 821 9351 3351 3427 1011 9748 3190 5767 4642 7105 4653 942 8398 9610 9508 1802 3005 3511 9836 9294 859 8431 8084 2088 7308 8282 5395 4493 1700 3256 682 3200 1829 647 6163 2787 2085 5177 4259 4641 7423 1351 7990 3689 1860 1912 846 9370 2370 7776 98 1866 424 76 4588 5277 5844 1683 6768 6244 6162 7963 4514 5088 2668 4411 6120 260 594 7538 8067 871 2165 2505 9078 4762 3705 195 5048 3672 2945 7961
1616 -1 -1 -1 -1 -1 -1 -1 -1 -1 -1 -1 -1 -1 -1 -1 -1 -1 -1 -1 -1 -1 -1 -1 -1 -1 -1 -1 -1 -1 -1 -1 -1 -1 -1 -1 -1 -1 -1 -1 -1 -1 -1 -1 -1 -1 -1 -1 -1 -1 -1 -1 -1 -1 -1 -1 -1 -1 -1 -1 -1 -1 -1 -1 -1 -1 -1 -1 -1 -1 -1 -1 -1 -1 -1 -1 -1 -1 -1 -1 -1 -1 -1 -1 -1 -1 -1 -1 -1 -1 -1 -1 -1 -1 -1 -1 -1 -1 1628
9891 5509 8929 2305 9548 2815 3431 1538 9326 9783 727 8301 1380 2406 9423 8005 4559 2536 2373 6064 7483 1073 2671 7326 5988 4301 2320 5619 8783 5952 6767 4562 1032 4849 8029 6871 3074 578 3437 9369 472 373 4131 3569 7643 1393 5717 1271 4977 5630 214 6843 1748 4806 9902 7086 1166 4444 6163 9992 4058 3844 5293 5173 1772 7452 5261 4938 3119 465 9348 6788 9746 1358 3128 3716 7640 4133 17 6400 979 6987 4697 9841 2245 3128 7448 2290 7475 1849 1248 8894 3014 3933 8526 384 8104 7326 595
-1 -1 -1 -1 -1 -1 -1 -1 -1 -1 -1 -1 -1 -1 -1 -1 -1 -1 -1 -1 -1 -1 -1 -1 -1 -1 -1 -1 -1 -1 -1 -1 -1 -1 -1 -1 -1 -1 -1 -1 -1 -1 -1 -1 -1 -1 -1 -1 -1 -1 -1 -1 -1 -1 -1 -1 -1 -1 -1 -1 -1 -1 -1 -1 3397 -1 -1 -1 -1 -1 -1 -1 -1 -1 -1 -1 -1 -1 -1 -1 -1 -1 -1 -1 -1 -1 -1 -1 -1 -1 -1 -1 -1 -1 -1 -1 -1 -1 -1
9507 3802 2575 2075 8261 5817 3258 9444 549 4380 6283 4658 7275 2113 5068 1762 6750 2027 149 349 639 4310 4320 9806 734 5186 923 4535 7395 103 9028 8931 4182 9549 5403 1000 2384 9510 4971 9183 6610 8386 3650 5505 5399 3928 28 5365 6737 6963 4081 1455 4572 1187 2238 6406 2042 9676 5507 1996 5379 4635 8447 7857 6426 2062 7920 6962 7264 2853 8980 5881 1801 4976 7211 8152 8668 3720 6410 6633 4315 9350 1135 3556 4111 7080 7086 9798 4651 1242 3505 7880 9732 7306 2969 530 3319 1008 6831
7607 -1 -1 -1 -1 -1 -1 -1 -1 -1 -1 -1 -1 -1 -1 -1 -1 -1 -1 -1 -1 -1 -1 -1 -1 -1 -1 -1 -1 -1 -1 -1 -1 -1 -1 -1 -1 -1 -1 -1 -1 -1 -1 -1 -1 -1 -1 -1 -1 -1 -1 -1 -1 -1 -1 -1 -1 -1 -1 -1 -1 -1 -1 -1 -1 -1 -1 -1 -1 -1 -1 -1 -1 -1 -1 -1 -1 -1 -1 -1 -1 -1 -1 -1 -1 -1 -1 -1 -1 -1 -1 -1 -1 -1 -1 -1 -1 -1 3018
1497 3643 4834 1616 5036 8740 2954 169 9393 6760 9590 9260 1720 4237 494 6987 3159 8588 1548 9742 9455 8041 2142 7651 699 1035 5020 3677 8549 4711 3111 8957 9448 2958 3597 299 2558 1203 3476 4559 4148 747 3012 3629 9036 4189 7658 20 1551 6039 6859 1005 9588 1356 1526 641 1424 6988 9347 9852 836 965 4911 1176 5693 2052 4147 430 3414 8301 5627 9058 7714 3516 2642 9166 5092 2891 8108 3321 8592 4342 7042 3051 9937 1293 3116 3106 5442 9171 7563 8029 4780 4431 838 4168 2898 6163 1149
-1 -1 -1 -1 -1 -1 -1 -1 -1 -1 -1 -1 -1 -1 -1 -1 -1 -1 -1 -1 -1 -1 -1 -1 -1 -1 -1 -1 -1 -1 -1 -1 -1 -1 -1 -1 -1 -1 -1 -1 -1 -1 -1 -1 -1 -1 -1 -1 -1 -1 -1 -1 -1 -1 -1 -1 -1 -1 -1 -1 -1 -1 -1 -1 -1 -1 -1 -1 -1 -1 -1 -1 -1 -1 -1 -1 -1 -1 -1 -1 -1 -1 -1 -1 -1 -1 -1 -1 -1 828 -1 -1 -1 -1 -1 -1 -1 -1 -1
5270 992 7720 3580 2591 7342 461 2565 5642 1333 622 4376 5203 6410 5117 7479 9302 999 7186 948 998 1891 5539 7234 4960 2904 5554 4832 3346 4972 7747 8565 1744 4518 2324 250 9539 2106 6297 310 251 4099 959 2223 5283 4229 894 7650 1554 1967 7288 5984 5714 1556 7966 9792 8681 4578 8331 8645 7669 9705 2912 2673 2901 895 4778 3013 4981 5046 9307 6031 4009 3738 6359 3199 7484 6642 180 9918 1570 3324 3755 3854 468 4977 4132 7058 9585 2647 1077 1092 340 3062 581 9187 4331 4855 7755
9232 -1 -1 -1 -1 -1 -1 -1 -1 -1 -1 -1 -1 -1 -1 -1 -1 -1 -1 -1 -1 -1 -1 -1 -1 -1 -1 -1 -1 -1 -1 -1 -1 -1 -1 -1 -1 -1 -1 -1 -1 -1 -1 -1 -1 -1 -1 -1 -1 -1 -1 -1 -1 -1 -1 -1 -1 -1 -1 -1 -1 -1 -1 -1 -1 -1 -1 -1 -1 -1 -1 -1 -1 -1 -1 -1 -1 -1 -1 -1 -1 -1 -1 -1 -1 -1 -1 -1 -1 -1 -1 -1 -1 -1 -1 -1 -1 -1 1442
269 2656 4533 4335 653 6199 1421 8848 8275 9932 7124 5073 2268 5099 6569 8336 4547 9198 8850 339 6851 5681 497 7152 9149 3820 8976 3917 8106 679 3445 3752 6051 4546 8356 4526 9409 5581 4310 9395 2886 4121 8780 4460 1794 7998 287 6592 8201 5847 4845 1951 4438 3148 2314 3084 2423 5429 6578 2978 3012 8668 5239 1460 1805 6326 9827 5577 7141 5032 3055 964 3202 1834 938 4884 18 1225 5530 6767 6383 7268 1995 4190 4800 1910 4569 1428 7014 5086 821 2935 2860 5166 6848 4152 1181 7275 9694
-1 -1 -1 -1 -1 -1 -1 -1 -1 -1 -1 -1 -1 -1 -1 -1 -1 -1 -1 -1 -1 -1 -1 -1 -1 -1 -1 -1 -1 -1 -1 -1 -1 -1 -1 -1 -1 -1 -1 -1 -1 -1 -1 -1 -1 -1 -1 -1 -1 -1 -1 -1 -1 -1 -1 -1 -1 -1 -1 -1 -1 -1 -1 -1 -1 -1 -1 -1 -1 -1 -1 5149 -1 -1 -1 -1 -1 -1 -1 -1 -1 -1 -1 -1 -1 -1 -1 -1 -1 -1 -1 -1 -1 -1 -1 -1 -1 -1 -1
6627 7413 2709 5441 9530 3339 3852 7296 4738 8439 6675 2953 9126 7300 4390 346 3383 3590 4415 7088 6455 7010 2376 1484 8981 612 1290 409 9849 4691 8002 4721 3576 382 8751 4293 7995 3541 6033 7811 8222 9100 509 3478 2941 613 7789 59 1050 9565 9603 265 5142 5844 7174 4437 4497 2117 7133 6155 5593 8078 2354 450 5757 237 4060 3462 1296 5370 6434 6648 6578 8128 196 9809 6448 7772 5664 3701 5473 5953 7740 7724 5729 8430 3795 5012 3027 3108 2687 2335 5918 7609 9752 9058 7062 4339 6354
6621 -1 -1 -1 -1 -1 -1 -1 -1 -1 -1 -1 -1 -1 -1 -1 -1 -1 -1 -1 -1 -1 -1 -1 -1 -1 -1 -1 -1 -1 -1 -1 -1 -1 -1 -1 -1 -1 -1 -1 -1 -1 -1 -1 -1 -1 -1 -1 -1 -1 -1 -1 -1 -1 -1 -1 -1 -1 -1 -1 -1 -1 -1 -1 -1 -1 -1 -1 -1 -1 -1 -1 -1 -1 -1 -1 -1 -1 -1 -1 -1 -1 -1 -1 -1 -1 -1 -1 -1 -1 -1 -1 -1 -1 -1 -1 -1 -1 6556
7304 9361 9023 9066 9354 218 8381 2781 2404 7565 7281 5686 1072 303 150 7825 2142 3844 4405 3674 3300 677 4634 796 1843 2111 203 6178 1423 8077 4051 6348 1700 3086 5801 6355 8042 9204 1768 8666 7660 3502 9706 3569 8619 8897 4289 848 5422 3436 8293 482 3590 4422 9747 1062 6806 4643 233 5146 9201 5573 865 6657 3218 1057 5647 2047 8624 7477 8393 1909 2105 7477 1383 2421 6802 3423 4428 7815 6076 4966 8313 7987 5388 9178 8028 3483 594 4350 2414 2457 6102 3953 5959 2496 5307 4971 8275
-1 -1 -1 -1 -1 -1 -1 -1 -1 -1 -1 -1 -1 -1 -1 -1 -1 -1 -1 -1 -1 -1 -1 -1 -1 -1 -1 -1 -1 -1 -1 -1 -1 -1 -1 -1 -1 -1 -1 -1 -1 -1 -1 -1 -1 -1 -1 -1 -1 -1 -1 -1 -1 -1 -1 -1 -1 -1 -1 -1 -1 -1 -1 -1 -1 -1 -1 -1 -1 -1 -1 -1 -1 -1 -1 -1 -1 -1 -1 -1 -1 -1 -1 -1 -1 -1 -1 -1 -1 -1 -1 -1 3338 -1 -1 -1 -1 -1 -1
7299 9709 6138 4225 3722 5271 7956 861 1863 8296 8113 5033 7483 5289 3342 4373 1882 7244 8473 9971 1476 7204 4244 9465 5923 3691 9756 938 3974 6541 3559 5233 3649 778 7330 7701 4361 4836 5388 6860 6195 8965 1741 9033 1444 5265 287 6695 3787 3468 3416 8445 6362 1012 820 2513 1746 2863 1956 1596 6748 3247 3395 6925 7519 210 6771 1100 5506 7031 4532 1045 4386 5544 9778 7144 3572 8297 17 5138 9677 7948 6321 1316 4744 2355 8787 4464 8682 5764 4755 4871 737 838 1464 5189 4391 6575 8228
1670 -1 -1 -1 -1 -1 -1 -1 -1 -1 -1 -1 -1 -1 -1 -1 -1 -1 -1 -1 -1 -1 -1 -1 -1 -1 -1 -1 -1 -1 -1 -1 -1 -1 -1 -1 -1 -1 -1 -1 -1 -1 -1 -1 -1 -1 -1 -1 -1 -1 -1 -1 -1 -1 -1 -1 -1 -1 -1 -1 -1 -1 -1 -1 -1 -1 -1 -1 -1 -1 -1 -1 -1 -1 -1 -1 -1 -1 -1 -1 -1 -1 -1 -1 -1 -1 -1 -1 -1 -1 -1 -1 -1 -1 -1 -1 -1 -1 3231
1453 7583 9466 9395 1309 677 7901 9689 5030 2926 7355 8130 6106 2040 9025 7624 9042 9417 6403 2404 5139 983 8238 6670 8194 1139 9956 901 1129 803 737 1965 8888 5853 9851 5740 2971 2387 941 3534 7758 6602 8045 7995 2386 4528 2171 9607 5789 9978 1976 5412 5586 6185 2059 6773 3313 6036 8697 454 4918 4748 6954 7994 1503 48 7168 2263 6612 2436 2247 3228 2990 9381 3561 6657 6814 228 9750 3017 2319 5991 4054 981 3413 7385 9868 4595 1605 1780 3798 8788 64 4739 1053 7722 9490 6094 1419
-1 -1 -1 -1 -1 -1 -1 -1 -1 8044 -1 -1 -1 -1 -1 -1 -1 -1 -1 -1 -1 -1 -1 -1 -1 -1 -1 -1 -1 -1 -1 -1 -1 -1 -1 -1 -1 -1 -1 -1 -1 -1 -1 -1 -1 -1 -1 -1 -1 -1 -1 -1 -1 -1 -1 -1 -1 -1 -1 -1 -1 -1 -1 -1 -1 -1 -1 -1 -1 -1 -1 -1 -1 -1 -1 -1 -1 -1 -1 -1 -1 -1 -1 -1 -1 -1 -1 -1 -1 -1 -1 -1 -1 -1 -1 -1 -1 -1 -1
7389 6555 804 2894 4710 4391 7015 5471 9904 953 9571 2021 4479 8245 9439 7244 1949 6438 4714 3751 2964 6342 4677 4666 2904 2670 9832 5760 3898 8342 4270 1730 1010 1954 6897 4342 5458 1562 507 8297 6353 9036 1055 1570 5290 1436 9810 6515 498 9911 3481 5971 2989 2503 9373 4383 5659 7564 1134 1855 8947 2228 1449 1304 4336 1621 6689 3503 705 6170 3509 3605 3505 5611 782 6853 3158 2921 4949 1270 3768 292 6637 3437 2158 2100 3107 3058 5868 6943 111 6431 1976 2714 7900 2272 246 5116 6597
7133 -1 -1 -1 -1 -1 -1 -1 -1 -1 -1 -1 -1 -1 -1 -1 -1 -1 -1 -1 -1 -1 -1 -1 -1 -1 -1 -1 -1 -1 -1 -1 -1 -1 -1 -1 -1 -1 -1 -1 -1 -1 -1 -1 -1 -1 -1 -1 -1 -1 -1 -1 -1 -1 -1 -1 -1 -1 -1 -1 -1 -1 -1 -1 -1 -1 -1 -1 -1 -1 -1 -1 -1 -1 -1 -1 -1 -1 -1 -1 -1 -1 -1 -1 -1 -1 -1 -1 -1 -1 -1 -1 -1 -1 -1 -1 -1 -1 9615
547 451 5398 9446 6155 7785 8101 7460 8356 7864 5288 7573 3977 6057 1309 536 2901 6879 1527 2905 2032 8249 4694 3007 5308 7003 5965 1297 819 3663 9041 503 9433 7104 2606 782 3297 1824 5094 3715 100 4221 6162 3959 3071 8198 4469 5099 6828 5338 881 5328 9433 1521 826 1464 1871 4847 6354 2866 6697 248 9861 3621 4422 6221 1718 4493 1359 8819 6913 5946 6079 1238 8917 7394 9692 5306 3375 6297 4665 5557 6222 9439 2813 6465 6664 5465 7349 8491 6104 7337 7372 3104 2075 8234 5083 1489 6576
-1 -1 -1 -1 -1 -1 -1 -1 -1 -1 -1 -1 -1 -1 -1 -1 -1 -1 -1 -1 -1 -1 -1 -1 -1 -1 -1 -1 -1 -1 -1 -1 -1 -1 -1 -1 -1 -1 -1 -1 -1 -1 -1 -1 -1 -1 -1 -1 -1 -1 -1 -1 -1 -1 -1 -1 -1 -1 -1 -1 -1 -1 -1 -1 -1 2165 -1 -1 -1 -1 -1 -1 -1 -1 -1 -1 -1 -1 -1 -1 -1 -1 -1 -1 -1 -1 -1 -1 -1 -1 -1 -1 -1 -1 -1 -1 -1 -1 -1
3250 4419 2848 8142 8759 1214 6461 8513 7974 7197 8171 3062 4596 6115 5881 7407 1483 2631 307 4750 4095 7972 4342 6973 8468 3292 4161 3969 4869 5584 4392 2100 9956 5186 7824 4863 7194 1338 4745 2518 3143 4371 7085 8495 315 1739 9424 9507 7150 8424 737 8315 2277 3295 1081 8747 1708 4362 2276 4736 9697 3045 5858 418 3064 9672 97 4136 5005 199 4302 778 6118 6776 9195 2970 5496 3107 2599 841 6836 260 3055 9103 3579 740 2546 5555 1558 7164 8468 7360 4219 2376 6590 3539 987 9494 4635
4433 -1 -1 -1 -1 -1 -1 -1 -1 -1 -1 -1 -1 -1 -1 -1 -1 -1 -1 -1 -1 -1 -1 -1 -1 -1 -1 -1 -1 -1 -1 -1 -1 -1 -1 -1 -1 -1 -1 -1 -1 -1 -1 -1 -1 -1 -1 -1 -1 -1 -1 -1 -1 -1 -1 -1 -1 -1 -1 -1 -1 -1 -1 -1 -1 -1 -1 -1 -1 -1 -1 -1 -1 -1 -1 -1 -1 -1 -1 -1 -1 -1 -1 -1 -1 -1 -1 -1 -1 -1 -1 -1 -1 -1 -1 -1 -1 -1 5077
8200 8875 4423 4014 2150 954 6420 3009 8339 2862 4588 6927 9820 329 1547 2360 374 6021 7314 9142 7626 5736 7222 1591 9221 3541 8901 4584 3726 6891 494 2248 2104 6792 1077 4507 1844 2604 7623 2249 6446 2834 4171 5480 1891 4555 8327 9402 8751 5882 7185 1970 4497 5767 1600 9481 4134 9145 5996 8351 6843 8632 2643 5147 7958 8417 5499 6875 2198 8607 9194 389 7284 651 6520 7190 9576 9887 8023 8193 2523 9930 6030 9106 3964 9312 9821 3937 1281 749 4282 3285 396 2898 7029 8128 7251 3625 3508
-1 -1 -1 -1 -1 -1 -1 -1 -1 -1 -1 -1 -1 -1 -1 -1 -1 -1 -1 -1 -1 -1 -1 -1 -1 -1 -1 -1 -1 -1 -1 -1 -1 -1 -1 -1 -1 -1 -1 -1 -1 -1 -1 -1 -1 -1 -1 -1 -1 -1 -1 -1 -1 -1 -1 -1 -1 -1 -1 -1 -1 -1 -1 -1 -1 -1 -1 -1 -1 -1 -1 -1 -1 -1 -1 -1 -1 -1 -1 -1 -1 -1 -1 -1 -1 -1 -1 -1 -1 -1 -1 -1 -1 -1 5564 -1 -1 -1 -1
8919 1950 3824 4143 8914 7942 2288 1619 4985 5569 5751 6335 3953 8549 436 5377 8511 4342 9933 8040 391 8648 8183 8103 2295 2511 3448 2984 1131 2233 3238 2658 5402 6716 7099 6385 3097 4404 4798 6000 9281 3006 2026 2909 9003 8640 3557 5169 8207 4286 1397 666 3264 6332 5524 1942 5483 403 8685 6989 9315 6623 698 7502 8613 9814 3976 7821 4938 1622 174 2390 8319 4367 423 9487 7209 4522 5500 2761 6038 1577 6438 9238 2010 8179 3404 7467 2859 9974 1368 6026 4929 2554 8687 2738 2638 9428 8862
6876 -1 -1 -1 -1 -1 -1 -1 -1 -1 -1 -1 -1 -1 -1 -1 -1 -1 -1 -1 -1 -1 -1 -1 -1 -1 -1 -1 -1 -1 -1 -1 -1 -1 -1 -1 -1 -1 -1 -1 -1 -1 -1 -1 -1 -1 -1 -1 -1 -1 -1 -1 -1 -1 -1 -1 -1 -1 -1 -1 -1 -1 -1 -1 -1 -1 -1 -1 -1 -1 -1 -1 -1 -1 -1 -1 -1 -1 -1 -1 -1 -1 -1 -1 -1 -1 -1 -1 -1 -1 -1 -1 -1 -1 -1 -1 -1 -1 3902
6848 9411 7214 5868 2345 2450 4281 85 4416 9802 2118 3885 1728 3406 652 6007 284 4782 6166 3743 5679 5873 6998 695 3976 7009 5798 3078 4638 6484 514 9010 8793 3940 8009 3184 2429 5122 1816 49 6453 5479 9194 2777 8052 4469 4244 2888 3937 3561 4158 6003 8611 1618 2967 6403 8847 4056 622 8715 3848 9689 1433 9849 1027 6463 4944 1090 5097 323 8205 2218 1471 2036 1820 2466 9661 7482 830 277 1134 2402 9022 9998 8224 6762 5334 9353 8449 5429 5996 6299 2559 6345 2565 1322 670 9466 909
-1 -1 -1 -1 -1 -1 -1 -1 -1 -1 -1 -1 -1 -1 -1 -1 -1 -1 -1 -1 -1 -1 -1 -1 -1 -1 -1 -1 -1 -1 -1 -1 -1 5452 -1 -1 -1 -1 -1 -1 -1 -1 -1 -1 -1 -1 -1 -1 -1 -1 -1 -1 -1 -1 -1 -1 -1 -1 -1 -1 -1 -1 -1 -1 -1 -1 -1 -1 -1 -1 -1 -1 -1 -1 -1 -1 -1 -1 -1 -1 -1 -1 -1 -1 -1 -1 -1 -1 -1 -1 -1 -1 -1 -1 -1 -1 -1 -1 -1
7022 5541 6741 443 6319 7429 1163 4006 7631 157 3489 8569 546 3831 213 4273 6088 8304 7277 3332 7892 6055 4034 6302 6359 1258 4366 6493 3541 6599 8650 7964 2848 1799 9927 6286 9721 2700 9251 5811 2278 8109 8174 3836 2417 1215 4361 5373 9057 5955 9977 6747 412 4787 5366 8286 7170 4615 64 3320 2782 5779 6071 9209 4225 253 346 9849 8597 7404 8739 236 829 1039 8945 9262 8522 9754 8149 8786 1553 6867 7298 1076 6010 5382 9098 6653 3809 6747 8762 7922 975 9922 1933 4479 2581 8942 2902
4565 -1 -1 -1 -1 -1 -1 -1 -1 -1 -1 -1 -1 -1 -1 -1 -1 -1 -1 -1 -1 -1 -1 -1 -1 -1 -1 -1 -1 -1 -1 -1 -1 -1 -1 -1 -1 -1 -1 -1 -1 -1 -1 -1 -1 -1 -1 -1 -1 -1 -1 -1 -1 -1 -1 -1 -1 -1 -1 -1 -1 -1 -1 -1 -1 -1 -1 -1 -1 -1 -1 -1 -1 -1 -1 -1 -1 -1 -1 -1 -1 -1 -1 -1 -1 -1 -1 -1 -1 -1 -1 -1 -1 -1 -1 -1 -1 -1 5554
918 1466 241 1211 468 2012 2533 5161 1759 1524 8671 7063 5092 2653 1026 5356 4380 1922 8598 3483 7095 8289 6351 4940 1669 249 1744 2968 1015 9302 5030 7332 2076 2928 7724 5679 980 6824 508 1522 9477 8988 4257 8926 6941 144 6906 8440 1461 4999 2668 8542 964 1221 3458 2040 4347 8514 2279 7531 8351 8682 5144 2318 9002 2655 6713 9948 4190 9709 1554 7102 4551 4525 4611 7863 2546 643 8394 542 2924 4760 8749 16 3211 4182 2980 1893 7230 5822 3038 6259 7334 2065 1676 851 7231 7180 5969
-1 -1 -1 -1 -1 -1 -1 -1 -1 -1 -1 -1 -1 -1 -1 -1 -1 -1 -1 -1 -1 -1 -1 -1 -1 -1 -1 -1 -1 -1 -1 -1 -1 -1 -1 -1 -1 -1 -1 -1 -1 -1 -1 -1 2305 -1 -1 -1 -1 -1 -1 -1 -1 -1 -1 -1 -1 -1 -1 -1 -1 -1 -1 -1 -1 -1 -1 -1 -1 -1 -1 -1 -1 -1 -1 -1 -1 -1 -1 -1 -1 -1 -1 -1 -1 -1 -1 -1 -1 -1 -1 -1 -1 -1 -1 -1 -1 -1 -1
9914 209 505 1299 3328 8498 2140 5394 9640 7930 2735 4596 7324 7039 1343 2169 9503 6260 4490 7869 5130 1901 6690 6604 656 9155 4979 1982 7289 207 5767 4163 3861 251 8193 5975 3930 2894 8490 1586 3517 8694 9281 8191 8421 7628 2905 5993 5341 9817 8375 5428 8520 1873 9729 8339 8700 4756 280 2130 3338 6901 581 7757 2899 5972 5869 708 9423 8881 9711 3964 4927 1351 8185 171 7987 5577 4181 4535 5370 8880 7644 614 4370 5590 371 9268 2681 6085 2706 2429 3538 9657 5140 8630 2400 2217 3439
5411 -1 -1 -1 -1 -1 -1 -1 -1 -1 -1 -1 -1 -1 -1 -1 -1 -1 -1 -1 -1 -1 -1 -1 -1 -1 -1 -1 -1 -1 -1 -1 -1 -1 -1 -1 -1 -1 -1 -1 -1 -1 -1 -1 -1 -1 -1 -1 -1 -1 -1 -1 -1 -1 -1 -1 -1 -1 -1 -1 -1 -1 -1 -1 -1 -1 -1 -1 -1 -1 -1 -1 -1 -1 -1 -1 -1 -1 -1 -1 -1 -1 -1 -1 -1 -1 -1 -1 -1 -1 -1 -1 -1 -1 -1 -1 -1 -1 1431
9212 78 3384 3635 8037 7979 8971 1072 1913 8165 2654 8636 9468 4717 9860 909 6571 4725 6161 6084 229 4051 7900 2330 4024 1266 582 461 7138 2752 5391 7156 6342 3250 9503 2676 6649 4620 3839 1676 1929 7826 8350 7046 9312 9793 5900 1114 2448 5001 803 6348 1909 6742 154 9181 5564 8149 956 2390 6319 9896 878 7016 6596 6280 5578 7400 4762 1366 6982 9733 7409 6175 4302 8459 4321 2173 9080 7457 6290 3329 8408 1333 5478 2738 4404 5759 8357 6737 263 6810 875 7630 2112 7361 5680 4657 4559
-1 -1 -1 -1 -1 -1 -1 -1 -1 -1 -1 -1 -1 -1 -1 -1 -1 -1 -1 -1 -1 -1 -1 -1 -1 -1 -1 -1 -1 -1 -1 -1 -1 -1 -1 -1 -1 -1 -1 -1 -1 -1 -1 5052 -1 -1 -1 -1 -1 -1 -1 -1 -1 -1 -1 -1 -1 -1 -1 -1 -1 -1 -1 -1 -1 -1 -1 -1 -1 -1 -1 -1 -1 -1 -1 -1 -1 -1 -1 -1 -1 -1 -1 -1 -1 -1 -1 -1 -1 -1 -1 -1 -1 -1 -1 -1 -1 -1 -1
9018 7684 2237 4243 7292 9742 8358 8884 694 1791 5206 2789 8906 9271 5318 2807 7316 6665 574 5581 5842 4272 3003 6315 6174 4827 4367 3264 667 4606 3443 8211 8096 8436 4190 5166 3331 5132 3265 7463 6268 9600 8638 8346 8789 9079 5024 3720 5167 472 2125 1934 4275 8411 7983 496 5087 7634 3191 7936 4353 9107 8866 8987 664 6171 7666 1135 5136 4410 5299 5261 6682 9176 7919 2398 3905 409 6880 8265 4325 9355 3057 3570 8058 7948 2745 2217 3998 8734 2965 2182 3952 9475 2161 7375 6518 2249 2034
8284 -1 -1 -1 -1 -1 -1 -1 -1 -1 -1 -1 -1 -1 -1 -1 -1 -1 -1 -1 -1 -1 -1 -1 -1 -1 -1 -1 -1 -1 -1 -1 -1 -1 -1 -1 -1 -1 -1 -1 -1 -1 -1 -1 -1 -1 -1 -1 -1 -1 -1 -1 -1 -1 -1 -1 -1 -1 -1 -1 -1 -1 -1 -1 -1 -1 -1 -1 -1 -1 -1 -1 -1 -1 -1 -1 -1 -1 -1 -1 -1 -1 -1 -1 -1 -1 -1 -1 -1 -1 -1 -1 -1 -1 -1 -1 -1 -1 868
114 9278 9230 2664 9867 9542 961 7595 121 9824 7170 823 1803 1945 4441 2277 251 5307 9407 2611 823 1949 5654 7774 2646 4859 9168 6654 2604 9705 4231 7874 4462 5686 2890 241 1158 7138 8538 8668 2182 3242 7373 1122 1688 2175 3429 7822 203 6146 6666 6112 5041 6395 6918 1149 1775 5818 3980 9361 8903 5387 4026 4876 310 1502 1819 8572 4272 1664 3276 9759 6851 7678 3788 7944 4270 5117 2879 3756 9769 4020 3376 416 4244 5885 4460 5924 5977 649 7500 6385 1429 9916 1406 6094 2942 379 6455
-1 -1 -1 -1 -1 -1 -1 -1 -1 -1 -1 -1 -1 -1 -1 -1 -1 -1 -1 -1 -1 -1 -1 -1 -1 -1 -1 -1 -1 -1 -1 -1 -1 -1 -1 -1 -1 -1 -1 -1 -1 -1 -1 -1 -1 -1 -1 -1 -1 -1 -1 -1 -1 -1 -1 -1 -1 -1 -1 -1 -1 -1 -1 -1 133 -1 -1 -1 -1 -1 -1 -1 -1 -1 -1 -1 -1 -1 -1 -1 -1 -1 -1 -1 -1 -1 -1 -1 -1 -1 -1 -1 -1 -1 -1 -1 -1 -1 -1
7543 5849 4906 5706 7165 5615 7534 8833 7795 2206 9392 8824 5554 9603 7362 3759 3736 8959 5874 1287 5748 4457 2741 2222 1048 6373 5807 3161 3183 9975 8681 2631 1522 2934 4861 1237 4882 8427 8489 2340 7001 3336 6336 3447 2060 5804 8118 49 6789 3917 949 5089 1911 9231 8304 3175 6325 7106 3330 6978 695 7154 562 7702 5127 4880 992 7955 1140 4240 3009 7127 2921 3062 4680 9156 9541 9101 3069 8994 5759 1761 4402 2691 8886 5070 7188 5681 5070 9800 6550 6163 474 4304 4386 8689 3260 7706 6405
7155 -1 -1 -1 -1 -1 -1 -1 -1 -1 -1 -1 -1 -1 -1 -1 -1 -1 -1 -1 -1 -1 -1 -1 -1 -1 -1 -1 -1 -1 -1 -1 -1 -1 -1 -1 -1 -1 -1 -1 -1 -1 -1 -1 -1 -1 -1 -1 -1 -1 -1 -1 -1 -1 -1 -1 -1 -1 -1 -1 -1 -1 -1 -1 -1 -1 -1 -1 -1 -1 -1 -1 -1 -1 -1 -1 -1 -1 -1 -1 -1 -1 -1 -1 -1 -1 -1 -1 -1 -1 -1 -1 -1 -1 -1 -1 -1 -1 973
2118 7461 9418 5386 841 3061 113 6445 6623 1519 9799 4302 604 5317 9957 5966 1882 1782 4175 4076 1043 4457 7078 9485 4454 7957 2909 2122 7793 6062 1348 7745 730 6821 498 9344 6833 1841 3333 8235 1000 3589 1614 8271 2688 2982 4222 8487 6025 4211 9716 9560 290 3796 514 2465 6311 6555 8171 1601 6276 6521 9931 1625 3218 1954 1530 9098 6192 8086 3080 1601 2407 7257 3382 671 7198 1526 300 3022 2400 2039 2202 8239 4391 738 2554 1759 4737 7202 6844 8784 5567 7358 6083 2972 4615 942 3016
-1 -1 -1 -1 -1 -1 -1 -1 -1 -1 -1 -1 -1 -1 -1 -1 -1 -1 -1 -1 -1 -1 -1 -1 -1 -1 -1 -1 -1 -1 -1 4445 -1 -1 -1 -1 -1 -1 -1 -1 -1 -1 -1 -1 -1 -1 -1 -1 -1 -1 -1 -1 -1 -1 -1 -1 -1 -1 -1 -1 -1 -1 -1 -1 -1 -1 -1 -1 -1 -1 -1 -1 -1 -1 -1 -1 -1 -1 -1 -1 -1 -1 -1 -1 -1 -1 -1 -1 -1 -1 -1 -1 -1 -1 -1 -1 -1 -1 -1
6200 2671 9070 3721 5627 995 322 1604 6504 9837 9006 4295 9362 8529 8086 6846 6261 7467 2634 5958 9797 5390 6640 9364 3440 6929 2691 2717 5945 1452 5 8212 1690 2639 8190 1067 4974 8179 3735 5355 7669 64 88 7881 7889 200 2542 9804 5632 860 3521 255 5126 3893 8071 1610 8855 3479 2933 5262 3215 6841 2925 4371 6438 1063 6150 6399 663 3684 8912 5818 8000 1706 5733 7082 1642 1718 4702 3514 70 7168 8833 3990 271 8509 5985 9099 9329 585 4092 2515 125 8573 7707 490 4400 1976 1885
2370 -1 -1 -1 -1 -1 -1 -1 -1 -1 -1 -1 -1 -1 -1 -1 -1 -1 -1 -1 -1 -1 -1 -1 -1 -1 -1 -1 -1 -1 -1 -1 -1 -1 -1 -1 -1 -1 -1 -1 -1 -1 -1 -1 -1 -1 -1 -1 -1 -1 -1 -1 -1 -1 -1 -1 -1 -1 -1 -1 -1 -1 -1 -1 -1 -1 -1 -1 -1 -1 -1 -1 -1 -1 -1 -1 -1 -1 -1 -1 -1 -1 -1 -1 -1 -1 -1 -1 -1 -1 -1 -1 -1 -1 -1 -1 -1 -1 5939
753 6106 6744 384 8516 4441 9110 5130 9103 2177 3207 7609 5921 9118 312 8224 8470 445 1061 7396 9061 1826 534 7586 6874 2583 5276 5649 5999 1665 1586 2718 4848 9692 4358 502 4278 4368 9490 5708 2769 610 6941 1093 400 7029 3596 3799 3396 4128 5499 551 3031 8162 6064 6571 5558 3830 6955 7106 6104 1528 8548 9392 9960 201 7635 8091 6086 8350 1020 9376 8844 509 8925 1992 1374 7090 5007 1238 9921 2569 990 8208 182 3168 6971 5307 3846 2666 7318 1409 1614 8761 7048 4647 6346 1108 5492
-1 -1 -1 -1 -1 -1 -1 -1 -1 -1 -1 -1 -1 -1 -1 -1 -1 -1 -1 -1 -1 -1 -1 -1 -1 -1 -1 -1 -1 -1 -1 -1 -1 -1 -1 3745 -1 -1 -1 -1 -1 -1 -1 -1 -1 -1 -1 -1 -1 -1 -1 -1 -1 -1 -1 -1 -1 -1 -1 -1 -1 -1 -1 -1 -1 -1 -1 -1 -1 -1 -1 -1 -1 -1 -1 -1 -1 -1 -1 -1 -1 -1 -1 -1 -1 -1 -1 -1 -1 -1 -1 -1 -1 -1 -1 -1 -1 -1 -1
2298 358 3865 9107 7733 557 9615 1053 6651 2083 5206 2475 3400 9012 3978 2083 8690 5831 5754 5565 3737 2959 5151 60 4030 9872 5890 4320 3769 7719 9710 3852 2109 7872 3681 591 2895 567 750 7508 8095 6851 2437 6105 5380 8205 6075 5150 4121 1821 7006 8256 282 6201 2848 6124 5960 3250 8438 1782 9639 5762 7470 5924 5023 2747 8912 8344 2567 4704 1747 3766 4492 1211 3894 5913 447 880 4748 4956 2899 9245 7621 520 9867 3906 1210 1339 683 6849 2033 6922 324 4779 1302 5937 798 7360 9971
9020 -1 -1 -1 -1 -1 -1 -1 -1 -1 -1 -1 -1 -1 -1 -1 -1 -1 -1 -1 -1 -1 -1 -1 -1 -1 -1 -1 -1 -1 -1 -1 -1 -1 -1 -1 -1 -1 -1 -1 -1 -1 -1 -1 -1 -1 -1 -1 -1 -1 -1 -1 -1 -1 -1 -1 -1 -1 -1 -1 -1 -1 -1 -1 -1 -1 -1 -1 -1 -1 -1 -1 -1 -1 -1 -1 -1 -1 -1 -1 -1 -1 -1 -1 -1 -1 -1 -1 -1 -1 -1 -1 -1 -1 -1 -1 -1 -1 3569
2293 7360 8666 529 4841 5655 8426 7138 9522 9192 2490 4801 7597 4925 9986 8976 4996 1638 5727 1751 7523 7612 5690 9355 1301 2008 7608 4844 4009 2950 5131 4751 3880 4290 614 7621 2805 7987 5621 7584 8759 7979 1025 6738 8557 1039 8233 5730 5791 9530 3865 954 858 2619 5321 2548 1400 9793 9242 9000 4462 1704 1822 1823 251 1787 8524 7474 832 5858 9153 4900 4114 2814 8440 6670 9627 2971 8561 2158 1002 2639 9903 9523 9125 9983 4849 1210 3914 131 9135 6976 6906 7505 8313 7926 7811 459 4853
-1 -1 -1 -1 -1 -1 -1 -1 -1 -1 -1 -1 -1 -1 -1 -1 -1 -1 -1 -1 -1 -1 -1 -1 -1 -1 -1 -1 -1 -1 -1 -1 -1 -1 -1 -1 -1 -1 -1 -1 -1 -1 -1 -1 -1 -1 -1 2056 -1 -1 -1 -1 -1 -1 -1 -1 -1 -1 -1 -1 -1 -1 -1 -1 -1 -1 -1 -1 -1 -1 -1 -1 -1 -1 -1 -1 -1 -1 -1 -1 -1 -1 -1 -1 -1 -1 -1 -1 -1 -1 -1 -1 -1 -1 -1 -1 -1 -1 -1
7781 3472 4492 5614 4057 3286 1363 2074 1595 4087 1980 4728 9467 1202 4585 4404 9234 5855 3757 4029 7745 8863 1272 2406 4800 8126 7287 9877 744 3362 6919 4160 2531 7753 9008 5333 7375 9541 1389 84 1339 7189 6421 1509 1024 9901 9570 6556 1285 1639 1389 4172 1664 1544 8184 9960 469 534 5795 8078 4131 6580 6165 3921 1385 8042 2128 2552 3704 3974 9608 9931 3537 6906 2508 3625 5170 4250 8927 2169 5588 1692 9982 1296 1739 7382 3663 9280 2688 3554 8668 2809 9268 9155 7781 7913 3338 1741 9369
8847 -1 -1 -1 -1 -1 -1 -1 -1 -1 -1 -1 -1 -1 -1 -1 -1 -1 -1 -1 -1 -1 -1 -1 -1 -1 -1 -1 -1 -1 -1 -1 -1 -1 -1 -1 -1 -1 -1 -1 -1 -1 -1 -1 -1 -1 -1 -1 -1 -1 -1 -1 -1 -1 -1 -1 -1 -1 -1 -1 -1 -1 -1 -1 -1 -1 -1 -1 -1 -1 -1 -1 -1 -1 -1 -1 -1 -1 -1 -1 -1 -1 -1 -1 -1 -1 -1 -1 -1 -1 -1 -1 -1 -1 -1 -1 -1 -1 2265
4608 5182 3014 5071 2617 8795 5289 4746 630 171 8250 5294 782 1116 4352 1652 1233 1589 186 4431 570 9539 1085 9439 5764 6600 4071 7673 2964 832 1760 6360 9594 2764 9310 1473 6307 1998 2910 9552 1881 3428 1551 5347 5431 6508 8635 8646 1258 3788 7525 1434 4360 8175 1505 4170 8393 1024 5756 6494 1788 3885 5707 1315 430 461 1954 1913 3558 9949 1612 2142 8932 2394 3404 3061 963 628 7538 7810 2898 1380 3365 5431 4661 6042 4344 489 4198 8531 677 4403 4199 4283 7997 555 3653 7608 5268
-1 -1 -1 -1 -1 -1 -1 -1 -1 -1 -1 -1 -1 -1 -1 -1 -1 -1 -1 -1 -1 -1 -1 -1 -1 -1 -1 -1 -1 -1 -1 -1 -1 -1 -1 -1 -1 -1 -1 -1 -1 -1 -1 -1 -1 -1 -1 -1 -1 -1 -1 -1 -1 -1 -1 -1 -1 -1 -1 8556 -1 -1 -1 -1 -1 -1 -1 -1 -1 -1 -1 -1 -1 -1 -1 -1 -1 -1 -1 -1 -1 -1 -1 -1 -1 -1 -1 -1 -1 -1 -1 -1 -1 -1 -1 -1 -1 -1 -1
1601 2204 5144 5417 9936 785 1774 4228 3814 822 9783 9570 916 4292 3892 7184 5686 3128 3030 3547 3552 2718 6968 1424 3810 8075 9123 6219 1346 2632 3395 1380 9586 8798 5195 8447 9234 443 3679 2481 4997 2771 449 357 7524 3638 2830 8707 3750 120 3706 6227 4162 1058 5123 1966 8935 670 2881 6301 8106 9532 8731 109 7062 9912 2158 5043 9983 7544 3938 6351 3600 9467 3534 1226 9015 7377 601 8253 9909 5594 1141 7675 880 9821 6544 2363 2387 4680 2527 6134 1042 4591 2608 6326 394 8599 1785
5235 -1 -1 -1 -1 -1 -1 -1 -1 -1 -1 -1 -1 -1 -1 -1 -1 -1 -1 -1 -1 -1 -1 -1 -1 -1 -1 -1 -1 -1 -1 -1 -1 -1 -1 -1 -1 -1 -1 -1 -1 -1 -1 -1 -1 -1 -1 -1 -1 -1 -1 -1 -1 -1 -1 -1 -1 -1 -1 -1 -1 -1 -1 -1 -1 -1 -1 -1 -1 -1 -1 -1 -1 -1 -1 -1 -1 -1 -1 -1 -1 -1 -1 -1 -1 -1 -1 -1 -1 -1 -1 -1 -1 -1 -1 -1 -1 -1 5006
5919 2870 5667 3316 9876 8946 1011 49 3391 1824 9448 5578 6426 28 2204 7125 348 5873 347 7966 9936 391 1695 9858 1409 1977 5153 3487 3430 9226 173 6018 4137 7384 9725 1470 6476 9746 1309 3292 7187 6610 1586 8082 1668 1006 2902 4045 2037 9966 5640 2070 9003 3154 5801 231 7842 6094 4978 119 7028 4734 2365 3086 5883 1327 5459 9316 1772 1846 4929 4813 106 9995 4744 6030 9326 2769 1252 5051 5627 3705 9852 6518 5039 218 7050 9029 7151 3328 7785 5102 7180 5446 5155 4485 184 888 5967
-1 -1 -1 -1 -1 5754 -1 -1 -1 -1 -1 -1 -1 -1 -1 -1 -1 -1 -1 -1 -1 -1 -1 -1 -1 -1 -1 -1 -1 -1 -1 -1 -1 -1 -1 -1 -1 -1 -1 -1 -1 -1 -1 -1 -1 -1 -1 -1 -1 -1 -1 -1 -1 -1 -1 -1 -1 -1 -1 -1 -1 -1 -1 -1 -1 -1 -1 -1 -1 -1 -1 -1 -1 -1 -1 -1 -1 -1 -1 -1 -1 -1 -1 -1 -1 -1 -1 -1 -1 -1 -1 -1 -1 -1 -1 -1 -1 -1 -1
8462 7164 9516 5013 8324 8682 1372 4389 5481 7464 8222 3240 6839 7296 1167 8549 430 8993 5733 5757 3826 5233 3656 9364 2686 3182 457 5330 7643 9062 6886 227 3453 5551 206 9792 8832 593 5926 4960 64 2767 406 5748 3220 904 2342 2072 3189 4588 2289 961 7239 7379 3982 7262 9325 2221 6346 8073 7324 7638 9819 713 9032 5909 4812 1396 4403 5629 9257 6040 775 9909 155 9237 799 6104 1742 6620 8983 7477 267 6501 976 513 493 251 7907 4029 8281 8575 4911 5685 8753 9706 9226 4321 5877
4065 -1 -1 -1 -1 -1 -1 -1 -1 -1 -1 -1 -1 -1 -1 -1 -1 -1 -1 -1 -1 -1 -1 -1 -1 -1 -1 -1 -1 -1 -1 -1 -1 -1 -1 -1 -1 -1 -1 -1 -1 -1 -1 -1 -1 -1 -1 -1 -1 -1 -1 -1 -1 -1 -1 -1 -1 -1 -1 -1 -1 -1 -1 -1 -1 -1 -1 -1 -1 -1 -1 -1 -1 -1 -1 -1 -1 -1 -1 -1 -1 -1 -1 -1 -1 -1 -1 -1 -1 -1 -1 -1 -1 -1 -1 -1 -1 -1 5013
4655 1129 2753 8785 9540 3888 7730 5429 284 6385 8113 9296 1589 6896 1268 5045 2811 8282 2259 6950 7163 7055 2725 6986 8710 5933 6977 6014 8650 8243 1354 3645 3187 7683 9763 749 5638 7300 6611 5721 1406 4373 7412 7501 4632 1033 2345 3462 7175 8892 8550 9183 5021 4866 5408 5018 6392 4436 7872 2423 4749 5543 5719 308 4129 2322 3171 3414 2324 1062 5501 866 1908 5444 3847 4991 3844 8602 7237 2875 4031 5383 6799 8239 1488 1699 6302 6679 4717 1819 9730 5032 3292 3091 6445 653 5600 6159 4597
1 1
99 99
