99 99 163200084
5739 17 4516 7110 3609 9107 3263 1391 7991 3780 1388 1158 4859 4955 9326 8383 7561 8953 6062 7457 1094 174 1980 4765 5117 6953 1982 4959 3511 9584 8135 7061 2384 2410 2704 8134 9694 3677 5378 9789 9956 8447 2084 7285 6836 965 6772 2125 1028 302 6789 5451 8578 7783 334 6865 856 9749 7624 5605 1228 1239 9932 9025 8921 3146 1070 7612 164 9269 6063 8151 4638 745 131 7366 9403 6587 1107 4364 132 6501 2629 1456 2643 7574 8748 4404 8508 7535 6054 9239 4795 4369 8353 136 1221 1006 97
3586 -1 -1 -1 -1 -1 -1 -1 -1 -1 -1 -1 -1 -1 -1 -1 -1 -1 -1 -1 -1 -1 -1 -1 -1 -1 -1 -1 -1 -1 -1 -1 -1 -1 -1 -1 -1 -1 -1 -1 -1 -1 -1 -1 -1 -1 -1 -1 -1 -1 -1 -1 -1 -1 -1 -1 -1 -1 -1 -1 -1 -1 -1 -1 -1 -1 -1 -1 -1 -1 -1 -1 -1 -1 -1 -1 -1 -1 -1 -1 -1 -1 -1 -1 -1 -1 -1 -1 -1 -1 -1 -1 -1 -1 -1 -1 -1 -1 6149
1159 5773 465 9371 3580 9459 3432 5623 8949 8937 5612 9267 6059 2949 9192 1142 5132 2621 3589 5880 4003 9907 6036 4428 5065 3870 1978 3999 9732 2421 716 8733 8648 7945 7160 5377 6435 1910 5108 1859 8733 6040 1434 4105 8431 1211 1410 5561 1743 9274 9126 2509 3913 8389 8783 1843 9189 6873 7397 6700 8322 4354 9580 8569 3183 7770 771 5810 2486 5827 7114 4623 1703 413 1307 1105 2677 7711 7091 1087 2605 4721 6731 3666 1300 5383 885 6222 4172 7053 9513 805 9969 4620 9523 5063 9669 4925 3177
-1 -1 -1 -1 -1 -1 -1 -1 -1 -1 -1 -1 -1 -1 -1 -1 -1 -1 -1 -1 -1 -1 -1 -1 -1 -1 -1 -1 -1 7419 -1 -1 -1 -1 -1 -1 -1 -1 -1 -1 -1 -1 -1 -1 -1 -1 -1 -1 -1 -1 -1 -1 -1 -1 -1 -1 -1 -1 -1 -1 -1 -1 -1 -1 -1 -1 -1 -1 -1 -1 -1 -1 -1 -1 -1 -1 -1 -1 -1 -1 -1 -1 -1 -1 -1 -1 -1 -1 -1 -1 -1 -1 -1 -1 -1 -1 -1 -1 -1
5334 3949 4269 6476 4888 9197 2487 627 1442 9164 2132 7202 7635 2545 392 1409 6130 3684 8401 2335 1807 6977 90 4184 4037 4910 2129 1642 9790 9317 5250 6730 199 5379 366 6020 4114 4170 3993 4498 2865 2754 2004 1926 6636 9570 4084 4588 4213 650 7619 4835 732 7869 663 8969 2438 3027 304 7026 2857 1187 4009 8286 1307 635 9996 9062 2450 1177 4559 9306 1176 6944 4237 8911 171 6490 732 3078 3810 9859 876 7289 9056 7306 2101 4153 4354 4849 3876 553 1710 1580 4444 4404 4149 7402 6750
5879 -1 -1 -1 -1 -1 -1 -1 -1 -1 -1 -1 -1 -1 -1 -1 -1 -1 -1 -1 -1 -1 -1 -1 -1 -1 -1 -1 -1 -1 -1 -1 -1 -1 -1 -1 -1 -1 -1 -1 -1 -1 -1 -1 -1 -1 -1 -1 -1 -1 -1 -1 -1 -1 -1 -1 -1 -1 -1 -1 -1 -1 -1 -1 -1 -1 -1 -1 -1 -1 -1 -1 -1 -1 -1 -1 -1 -1 -1 -1 -1 -1 -1 -1 -1 -1 -1 -1 -1 -1 -1 -1 -1 -1 -1 -1 -1 -1 5174
1922 4461 7809 9245 7312 7314 2455 6238 1269 4369 5282 1673 1503 7153 593 753 7463 2759 4025 2685 71 3194 7634 4918 5666 5493 7685 7875 3465 6920 2419 3435 8567 9674 784 5255 2020 1353 5932 3097 9678 1118 3080 8052 9937 1795 8002 8056 866 1810 950 5206 2046 8725 3535 9333 6180 7101 6986 2100 2614 9187 6579 6653 228 7563 3198 2865 825 8446 3910 5332 6657 3342 9939 7926 265 3125 6285 3361 7016 390 6038 6412 9813 3513 2496 9615 9741 212 9350 8252 9744 1242 1885 3265 607 330 5949
-1 -1 -1 -1 -1 -1 -1 -1 -1 -1 -1 -1 -1 -1 -1 -1 -1 -1 -1 -1 -1 -1 -1 -1 -1 -1 -1 -1 -1 -1 -1 -1 -1 -1 -1 -1 -1 -1 -1 -1 -1 -1 -1 -1 -1 -1 -1 -1 -1 -1 -1 -1 -1 -1 -1 -1 -1 -1 -1 -1 -1 -1 -1 -1 -1 -1 -1 -1 -1 -1 -1 -1 -1 -1 -1 -1 -1 -1 -1 -1 -1 -1 -1 -1 -1 -1 -1 -1 -1 -1 -1 -1 -1 -1 -1 8874 -1 -1 -1
9465 1216 7093 328 7898 3402 2463 8604 8778 6971 7289 6932 226 2457 2542 3881 5031 8793 8839 7164 34 5043 7761 1090 3779 7658 5311 8667 6883 3546 4338 5016 303 2776 3819 4187 445 7554 8758 148 1023 6615 2161 2431 4959 6270 3203 4998 133 3677 6750 614 442 573 2529 8304 1647 7357 7033 379 5439 218 3692 9264 9535 9353 885 9054 5155 7412 1463 535 2811 6982 7588 755 3775 4286 518 8193 6439 8731 1242 7935 7105 8420 3192 8388 4204 4238 5477 1724 305 9483 9887 4370 1924 3411 3426
9003 -1 -1 -1 -1 -1 -1 -1 -1 -1 -1 -1 -1 -1 -1 -1 -1 -1 -1 -1 -1 -1 -1 -1 -1 -1 -1 -1 -1 -1 -1 -1 -1 -1 -1 -1 -1 -1 -1 -1 -1 -1 -1 -1 -1 -1 -1 -1 -1 -1 -1 -1 -1 -1 -1 -1 -1 -1 -1 -1 -1 -1 -1 -1 -1 -1 -1 -1 -1 -1 -1 -1 -1 -1 -1 -1 -1 -1 -1 -1 -1 -1 -1 -1 -1 -1 -1 -1 -1 -1 -1 -1 -1 -1 -1 -1 -1 -1 4438
7919 478 9310 9657 4194 2641 6825 9137 5812 6993 7685 7294 5975 8249 8806 2828 9520 7030 7636 1644 9502 6601 1449 9114 2796 8021 2949 665 7417 1408 376 4954 2830 9992 864 2498 3097 229 1384 2187 6814 1273 6273 1106 6621 3500 4186 6425 2085 2361 71 4736 5750 1768 8459 2111 3766 5519 6376 3018 748 2886 8509 7812 1174 6909 234 9933 1274 6751 3756 3029 6105 9378 8626 654 525 7434 3007 4975 3765 8053 9382 7435 2134 2073 6752 413 994 3547 9176 1920 5297 3399 5348 1662 1902 7358 932
-1 -1 -1 -1 -1 -1 -1 -1 -1 3191 -1 -1 -1 -1 -1 -1 -1 -1 -1 -1 -1 -1 -1 -1 -1 -1 -1 -1 -1 -1 -1 -1 -1 -1 -1 -1 -1 -1 -1 -1 -1 -1 -1 -1 -1 -1 -1 -1 -1 -1 -1 -1 -1 -1 -1 -1 -1 -1 -1 -1 -1 -1 -1 -1 -1 -1 -1 -1 -1 -1 -1 -1 -1 -1 -1 -1 -1 -1 -1 -1 -1 -1 -1 -1 -1 -1 -1 -1 -1 -1 -1 -1 -1 -1 -1 -1 -1 -1 -1
1639 8534 8318 5650 3126 248 9328 1242 5797 2124 5484 2953 699 2256 9197 6908 3544 5139 7619 1299 4883 3227 2187 5283 311 1676 2970 7148 3798 1002 4522 9802 1884 314 3249 449 3517 1756 3928 770 2026 1730 2409 4191 5187 7798 3995 2761 7104 6656 4000 5226 9813 5080 4380 7744 7113 6179 9842 8861 5057 6719 5286 9277 2545 9608 3028 8947 7278 1386 1717 8319 106 812 5337 1675 5267 6543 5000 2361 569 3337 9877 2182 8978 565 950 3510 6008 7651 5457 116 2654 2604 3908 3221 8255 5994 9685
178 -1 -1 -1 -1 -1 -1 -1 -1 -1 -1 -1 -1 -1 -1 -1 -1 -1 -1 -1 -1 -1 -1 -1 -1 -1 -1 -1 -1 -1 -1 -1 -1 -1 -1 -1 -1 -1 -1 -1 -1 -1 -1 -1 -1 -1 -1 -1 -1 -1 -1 -1 -1 -1 -1 -1 -1 -1 -1 -1 -1 -1 -1 -1 -1 -1 -1 -1 -1 -1 -1 -1 -1 -1 -1 -1 -1 -1 -1 -1 -1 -1 -1 -1 -1 -1 -1 -1 -1 -1 -1 -1 -1 -1 -1 -1 -1 -1 4451
5827 2262 1684 9352 9589 3474 7650 7410 9792 4094 4637 4570 2486 2315 5309 2790 5991 4495 6471 3119 7219 5174 7256 2738 2945 4960 3063 9578 4552 817 9138 1932 7252 4138 7296 4510 2274 4862 6027 4113 2080 6605 6287 3159 9418 261 699 7192 4939 4970 7365 2979 6505 2316 5645 1211 5129 1376 164 808 2552 6200 979 570 3808 3188 9470 1092 6581 7610 4964 960 3045 4769 9783 5418 2338 5751 6654 9497 8231 7914 1136 7813 7955 7063 7116 2625 5349 7008 724 3131 8861 805 3361 1216 7774 381 9215
-1 -1 -1 -1 -1 -1 -1 -1 -1 -1 -1 -1 -1 -1 -1 6703 -1 -1 -1 -1 -1 -1 -1 -1 -1 -1 -1 -1 -1 -1 -1 -1 -1 -1 -1 -1 -1 -1 -1 -1 -1 -1 -1 -1 -1 -1 -1 -1 -1 -1 -1 -1 -1 -1 -1 -1 -1 -1 -1 -1 -1 -1 -1 -1 -1 -1 -1 -1 -1 -1 -1 -1 -1 -1 -1 -1 -1 -1 -1 -1 -1 -1 -1 -1 -1 -1 -1 -1 -1 -1 -1 -1 -1 -1 -1 -1 -1 -1 -1
7571 8168 263 1762 1431 5014 9689 1011 839 7503 7673 8000 5471 1522 4589 8424 2371 5355 4805 2614 3483 9012 5544 8472 3342 5923 6851 8552 8243 2742 744 544 1433 7235 6686 5165 325 586 6902 6231 2877 9797 9092 4905 1903 1237 2338 4170 3437 7267 8895 7522 2042 8823 4862 4558 7420 7052 6137 3141 4581 6538 9373 640 2073 7080 1303 9961 4580 1583 9599 6053 7368 462 4487 8837 329 2113 2519 194 3639 2537 9392 9056 4233 8146 3981 8346 5779 3389 1472 3721 9232 7542 9233 12 6239 5325 2521
6377 -1 -1 -1 -1 -1 -1 -1 -1 -1 -1 -1 -1 -1 -1 -1 -1 -1 -1 -1 -1 -1 -1 -1 -1 -1 -1 -1 -1 -1 -1 -1 -1 -1 -1 -1 -1 -1 -1 -1 -1 -1 -1 -1 -1 -1 -1 -1 -1 -1 -1 -1 -1 -1 -1 -1 -1 -1 -1 -1 -1 -1 -1 -1 -1 -1 -1 -1 -1 -1 -1 -1 -1 -1 -1 -1 -1 -1 -1 -1 -1 -1 -1 -1 -1 -1 -1 -1 -1 -1 -1 -1 -1 -1 -1 -1 -1 -1 2111
3584 9153 3865 8165 5459 3670 699 9631 947 7342 3723 4980 3862 3279 5381 3841 6836 120 6438 8596 8042 3517 2285 229 6099 9553 7741 102 5861 5894 3765 4579 8468 271 4543 1620 9197 2322 3143 3318 293 7586 836 2955 7193 8686 5451 1125 2825 8116 3658 9788 4754 8805 5497 2158 8997 8076 3591 5674 7375 4157 1851 2551 8681 8084 8928 2795 7426 5632 1877 1255 8511 7286 6129 788 8503 1413 8768 7874 9674 8095 568 4167 5351 6964 5937 3826 3200 624 9909 9963 9683 775 3556 3663 2522 811 6451
-1 -1 -1 -1 -1 -1 -1 -1 -1 -1 -1 -1 -1 -1 -1 -1 -1 -1 -1 -1 -1 -1 -1 -1 -1 -1 -1 -1 -1 -1 -1 -1 -1 -1 -1 -1 -1 -1 -1 -1 -1 -1 -1 -1 -1 -1 -1 -1 -1 -1 -1 -1 -1 -1 -1 -1 -1 -1 -1 -1 -1 -1 -1 7791 -1 -1 -1 -1 -1 -1 -1 -1 -1 -1 -1 -1 -1 -1 -1 -1 -1 -1 -1 -1 -1 -1 -1 -1 -1 -1 -1 -1 -1 -1 -1 -1 -1 -1 -1
9296 1138 5970 1565 9924 8735 5620 5272 2638 4197 30 9043 413 9942 4294 4892 6033 6187 3992 8920 2006 1776 9251 762 3962 8584 7654 8277 7043 508 3438 9733 7678 3966 8944 5126 9479 5626 7684 24 8448 8704 3238 770 5092 5786 3148 7553 295 3394 2216 4402 7501 7804 2368 1089 1925 8842 5372 5937 4904 6242 2163 3341 1316 4310 5013 5375 8770 2209 384 4783 7448 4847 7918 5895 1012 3039 6479 4259 3295 4317 8531 1339 7961 10000 2581 5821 8132 7057 9926 5361 8926 4174 9152 6633 1716 9447 3493
6279 -1 -1 -1 -1 -1 -1 -1 -1 -1 -1 -1 -1 -1 -1 -1 -1 -1 -1 -1 -1 -1 -1 -1 -1 -1 -1 -1 -1 -1 -1 -1 -1 -1 -1 -1 -1 -1 -1 -1 -1 -1 -1 -1 -1 -1 -1 -1 -1 -1 -1 -1 -1 -1 -1 -1 -1 -1 -1 -1 -1 -1 -1 -1 -1 -1 -1 -1 -1 -1 -1 -1 -1 -1 -1 -1 -1 -1 -1 -1 -1 -1 -1 -1 -1 -1 -1 -1 -1 -1 -1 -1 -1 -1 -1 -1 -1 -1 8080
8031 4751 1155 7796 764 5704 6995 7736 4103 1264 229 3664 1429 8709 2201 849 24 265 6722 6314 5538 9039 6555 7362 9712 4157 481 4150 1901 4192 7197 7017 9201 8333 8662 5452 8350 3647 4347 9811 1027 9679 5663 9715 5985 6710 338 4271 354 1423 1630 7752 7372 5516 4053 2381 9570 7534 3620 4765 5836 1442 7044 5166 2807 625 9269 5727 1775 2669 3103 3974 6072 8162 9835 3562 1564 1849 2367 5301 3201 5629 3915 8020 5279 5716 5301 5672 5387 3874 5153 9840 4046 2986 1875 294 9840 3066 2042
-1 -1 -1 -1 -1 -1 -1 -1 -1 -1 -1 -1 -1 -1 -1 -1 -1 -1 -1 -1 -1 -1 -1 -1 -1 -1 -1 -1 -1 -1 -1 -1 -1 -1 -1 -1 -1 -1 -1 -1 -1 -1 -1 -1 -1 -1 -1 -1 -1 -1 -1 -1 -1 -1 -1 -1 -1 -1 -1 -1 -1 -1 -1 -1 -1 -1 -1 -1 -1 -1 -1 -1 -1 -1 -1 -1 -1 -1 -1 -1 -1 -1 -1 -1 -1 -1 -1 -1 -1 -1 -1 -1 -1 -1 4290 -1 -1 -1 -1
2639 6993 3613 9534 4906 1283 9868 9489 6406 1942 1387 3750 6352 7300 1925 1681 4327 3310 9971 612 2182 4515 5952 4333 9218 7332 1649 9304 2915 4635 2768 3788 6468 1481 9402 5781 8778 7857 8095 7863 8956 355 6983 5327 1089 9808 2248 1299 9295 4304 4969 703 8834 8193 3620 7181 4055 2931 7634 3220 5947 9406 1988 409 7730 8302 3671 4850 1867 2334 1666 9018 937 2494 3731 5406 7110 2566 1487 6754 311 3134 1029 4506 9031 5118 7941 6291 3575 2654 8798 6978 1222 9439 9718 2829 1610 5130 9090
6759 -1 -1 -1 -1 -1 -1 -1 -1 -1 -1 -1 -1 -1 -1 -1 -1 -1 -1 -1 -1 -1 -1 -1 -1 -1 -1 -1 -1 -1 -1 -1 -1 -1 -1 -1 -1 -1 -1 -1 -1 -1 -1 -1 -1 -1 -1 -1 -1 -1 -1 -1 -1 -1 -1 -1 -1 -1 -1 -1 -1 -1 -1 -1 -1 -1 -1 -1 -1 -1 -1 -1 -1 -1 -1 -1 -1 -1 -1 -1 -1 -1 -1 -1 -1 -1 -1 -1 -1 -1 -1 -1 -1 -1 -1 -1 -1 -1 5944
6081 6242 8763 1804 4588 3333 5066 6406 9325 178 4476 6143 5061 4841 8480 7602 8553 636 2049 4498 4167 7176 3271 2477 9949 5767 9298 6366 9005 4681 8791 6037 8931 3487 9886 3528 5455 4937 9874 208 1207 1998 78 7106 8523 7499 3811 95 6634 3610 2623 5683 5807 4356 6106 341 7011 92 2011 8936 243 2747 5566 6765 1748 6427 6637 3267 8364 3756 3039 1999 879 841 8688 6136 5756 2194 9770 7505 8464 4656 2023 9631 4176 3270 8519 1602 3635 8649 6496 9859 145 2897 1170 8524 3296 2533 5680
-1 -1 -1 -1 -1 -1 -1 -1 -1 -1 -1 -1 -1 -1 -1 -1 -1 -1 -1 -1 -1 -1 -1 -1 -1 -1 -1 -1 -1 -1 -1 -1 -1 -1 -1 -1 -1 -1 -1 -1 -1 -1 -1 -1 -1 -1 -1 -1 -1 -1 -1 -1 5653 -1 -1 -1 -1 -1 -1 -1 -1 -1 -1 -1 -1 -1 -1 -1 -1 -1 -1 -1 -1 -1 -1 -1 -1 -1 -1 -1 -1 -1 -1 -1 -1 -1 -1 -1 -1 -1 -1 -1 -1 -1 -1 -1 -1 -1 -1
6895 519 3053 2237 240 41 2884 1040 9245 8255 1662 3767 242 8105 8370 3217 4931 1384 7057 4348 6838 10000 4566 3342 382 6940 3303 6150 913 6165 8085 8213 9505 469 3474 4570 284 4559 4086 6278 7421 8707 714 2838 2865 4673 5529 6568 6274 2992 6287 4790 68 3779 3179 5901 852 9452 5381 6072 5731 9611 8662 208 2299 1503 6328 5210 2800 1991 978 4614 8065 7486 594 4600 3680 1491 8853 3736 9965 6781 1679 6909 699 961 3871 100 6116 3693 1897 1572 6446 2419 488 3413 2760 9795 1810
7456 -1 -1 -1 -1 -1 -1 -1 -1 -1 -1 -1 -1 -1 -1 -1 -1 -1 -1 -1 -1 -1 -1 -1 -1 -1 -1 -1 -1 -1 -1 -1 -1 -1 -1 -1 -1 -1 -1 -1 -1 -1 -1 -1 -1 -1 -1 -1 -1 -1 -1 -1 -1 -1 -1 -1 -1 -1 -1 -1 -1 -1 -1 -1 -1 -1 -1 -1 -1 -1 -1 -1 -1 -1 -1 -1 -1 -1 -1 -1 -1 -1 -1 -1 -1 -1 -1 -1 -1 -1 -1 -1 -1 -1 -1 -1 -1 -1 7494
5281 4651 7460 8255 9792 9514 9685 310 84 5668 8974 4856 9438 2958 9884 6963 1597 1998 1338 1323 3457 2951 3642 9413 3944 8389 2170 500 7308 7140 6620 4145 2514 9226 4998 3556 178 1583 8656 3700 32 8933 8085 5725 4825 9366 4411 2458 1861 2221 8527 7526 5015 7422 7595 233 5922 5553 6698 5004 5461 3120 4279 9511 1904 6511 1668 4460 3443 9629 7054 5154 2045 9939 8882 9029 6112 6894 2961 1562 6359 4786 2629 1640 1639 2088 4124 3343 366 3060 9296 2600 3191 1428 5672 3828 8860 7697 9256
-1 -1 -1 -1 -1 8021 -1 -1 -1 -1 -1 -1 -1 -1 -1 -1 -1 -1 -1 -1 -1 -1 -1 -1 -1 -1 -1 -1 -1 -1 -1 -1 -1 -1 -1 -1 -1 -1 -1 -1 -1 -1 -1 -1 -1 -1 -1 -1 -1 -1 -1 -1 -1 -1 -1 -1 -1 -1 -1 -1 -1 -1 -1 -1 -1 -1 -1 -1 -1 -1 -1 -1 -1 -1 -1 -1 -1 -1 -1 -1 -1 -1 -1 -1 -1 -1 -1 -1 -1 -1 -1 -1 -1 -1 -1 -1 -1 -1 -1
5931 8244 6723 6618 4459 7370 9979 708 5343 8488 4895 7684 8215 8330 6878 8393 3843 6375 1302 9377 6094 6082 8953 9115 7817 3615 689 3040 9189 3129 3501 9815 18 6874 955 6693 2100 9157 7759 9255 9500 7853 5551 3253 4633 8036 7042 4600 9922 1717 599 9097 4931 1209 8139 9891 6610 9446 7918 7109 8746 1052 3707 8139 1788 5794 9736 8368 4036 5442 5011 4969 997 235 7103 8480 7613 9706 6022 8342 5836 2692 272 4847 3194 6700 9139 679 6075 6685 6906 9328 1316 4972 9117 5086 4426 1515 8723
3931 -1 -1 -1 -1 -1 -1 -1 -1 -1 -1 -1 -1 -1 -1 -1 -1 -1 -1 -1 -1 -1 -1 -1 -1 -1 -1 -1 -1 -1 -1 -1 -1 -1 -1 -1 -1 -1 -1 -1 -1 -1 -1 -1 -1 -1 -1 -1 -1 -1 -1 -1 -1 -1 -1 -1 -1 -1 -1 -1 -1 -1 -1 -1 -1 -1 -1 -1 -1 -1 -1 -1 -1 -1 -1 -1 -1 -1 -1 -1 -1 -1 -1 -1 -1 -1 -1 -1 -1 -1 -1 -1 -1 -1 -1 -1 -1 -1 2545
7604 2164 7580 3258 1231 2678 9164 8616 8383 8959 7453 3791 2393 8056 7884 6323 9940 7158 2572 6009 7094 2064 8906 2338 4210 1738 5600 4077 6859 4186 4784 8228 4941 2363 8593 2616 7578 8376 6737 1375 7687 4754 3707 4175 1991 3628 316 4760 5562 631 7273 827 7782 1933 3691 7875 269 92 6679 6001 6599 9129 3246 5490 9559 5248 8923 4275 3588 8623 6723 9494 3803 5471 3648 7463 6716 6765 8652 1603 8956 4232 8630 6463 6321 8615 5134 9050 529 9172 8976 6733 3297 1775 3895 2313 1451 5554 8611
-1 -1 -1 -1 -1 -1 -1 -1 -1 -1 -1 -1 -1 -1 -1 -1 -1 -1 -1 -1 -1 -1 -1 -1 -1 -1 -1 -1 -1 -1 -1 -1 -1 -1 -1 -1 -1 -1 -1 -1 -1 -1 -1 -1 -1 -1 -1 -1 -1 -1 -1 -1 -1 -1 -1 -1 -1 -1 -1 -1 -1 -1 -1 -1 -1 -1 -1 -1 -1 -1 -1 -1 -1 -1 -1 -1 -1 -1 -1 -1 -1 -1 -1 -1 -1 -1 -1 -1 -1 -1 -1 -1 -1 -1 -1 -1 8924 -1 -1
1310 6001 5637 138 8365 6909 4435 6544 9633 2257 879 402 6403 9289 613 688 1897 8077 1088 465 3358 1145 8730 8164 1939 2944 6745 353 6015 9147 5032 9392 3749 9334 2371 4073 5600 2818 8264 9367 2104 8368 7072 9604 1294 1840 5145 7407 6975 1295 6688 4928 6230 9447 7178 5146 8874 7555 9868 1288 9471 2643 5119 8444 3564 152 5899 7576 5111 6705 8233 3745 7618 4090 2760 7778 6606 1276 1159 7094 8619 7907 1535 3669 6077 8020 4462 9183 4690 2971 326 2022 7686 6291 9315 5039 9344 4651 9519
5638 -1 -1 -1 -1 -1 -1 -1 -1 -1 -1 -1 -1 -1 -1 -1 -1 -1 -1 -1 -1 -1 -1 -1 -1 -1 -1 -1 -1 -1 -1 -1 -1 -1 -1 -1 -1 -1 -1 -1 -1 -1 -1 -1 -1 -1 -1 -1 -1 -1 -1 -1 -1 -1 -1 -1 -1 -1 -1 -1 -1 -1 -1 -1 -1 -1 -1 -1 -1 -1 -1 -1 -1 -1 -1 -1 -1 -1 -1 -1 -1 -1 -1 -1 -1 -1 -1 -1 -1 -1 -1 -1 -1 -1 -1 -1 -1 -1 6895
4640 253 6002 4996 7153 8661 3973 1550 7331 888 1469 2257 110 3887 2584 5041 6966 183 9800 9043 7830 5580 1845 7347 8518 2097 3886 3896 1028 8273 4077 8371 8840 2374 8427 2254 8347 5481 9958 3752 3306 3627 8611 9578 5072 1966 1965 4672 4755 1241 8594 1180 8294 4156 8648 7511 7988 3549 650 2749 6128 7792 3160 373 7530 1795 7950 3077 4315 9386 6651 3107 9164 4567 699 135 5814 8233 9365 2857 3801 7859 8008 6977 7796 8341 120 3644 3580 7869 8739 2151 1507 9731 8100 9444 9732 2446 544
-1 -1 -1 -1 -1 -1 -1 -1 -1 -1 -1 -1 -1 -1 -1 -1 -1 -1 -1 -1 -1 -1 -1 -1 -1 -1 -1 -1 -1 -1 -1 -1 -1 -1 -1 -1 -1 -1 -1 -1 -1 -1 -1 -1 -1 -1 -1 -1 -1 -1 -1 -1 -1 -1 -1 -1 -1 9577 -1 -1 -1 -1 -1 -1 -1 -1 -1 -1 -1 -1 -1 -1 -1 -1 -1 -1 -1 -1 -1 -1 -1 -1 -1 -1 -1 -1 -1 -1 -1 -1 -1 -1 -1 -1 -1 -1 -1 -1 -1
7570 6308 9501 7158 5706 9483 140 598 5576 4805 6208 9232 7838 4288 9972 3974 3837 9828 7595 7914 5629 2881 1935 8198 1814 2721 7636 7602 9988 198 9312 2624 802 7002 9060 9026 283 8805 7927 742 1680 2119 3292 9307 4073 5873 2854 2933 1702 6296 7624 4560 2030 8834 9392 433 8313 2230 1088 739 2086 5491 9007 3853 5910 7599 2614 4794 802 4416 1646 3370 7957 7587 4056 3050 4161 9303 3633 3894 1967 4476 9734 796 7062 6661 3396 4110 4298 8621 5642 5960 7126 9401 759 4540 6345 8367 3409
6558 -1 -1 -1 -1 -1 -1 -1 -1 -1 -1 -1 -1 -1 -1 -1 -1 -1 -1 -1 -1 -1 -1 -1 -1 -1 -1 -1 -1 -1 -1 -1 -1 -1 -1 -1 -1 -1 -1 -1 -1 -1 -1 -1 -1 -1 -1 -1 -1 -1 -1 -1 -1 -1 -1 -1 -1 -1 -1 -1 -1 -1 -1 -1 -1 -1 -1 -1 -1 -1 -1 -1 -1 -1 -1 -1 -1 -1 -1 -1 -1 -1 -1 -1 -1 -1 -1 -1 -1 -1 -1 -1 -1 -1 -1 -1 -1 -1 2849
8080 5254 1216 5433 9908 1711 3827 2501 4756 4053 7248 8358 176 1555 5144 8908 5949 6453 6427 1414 2056 4029 9547 3482 8951 7814 5892 786 5701 6779 6785 2904 5294 352 732 2455 4316 2789 2344 3197 6197 6687 2297 3950 6222 3638 4223 2434 6863 8801 3397 7917 3935 8818 7100 3187 1769 1194 2866 1961 3679 9460 9669 5562 8151 9846 117 7400 6950 7693 100 7914 6311 7715 4304 1288 4319 5524 9828 8155 729 3110 441 8456 1798 6328 7717 3182 4121 6770 8356 6750 7395 1234 6848 4529 5023 6482 2498
-1 -1 -1 -1 -1 -1 -1 -1 -1 -1 -1 -1 -1 -1 -1 -1 -1 -1 -1 -1 -1 -1 -1 -1 -1 -1 -1 -1 -1 -1 -1 -1 -1 -1 -1 -1 -1 -1 -1 -1 -1 -1 -1 -1 -1 -1 -1 -1 -1 -1 -1 -1 -1 -1 -1 -1 -1 -1 -1 -1 -1 -1 -1 -1 -1 5423 -1 -1 -1 -1 -1 -1 -1 -1 -1 -1 -1 -1 -1 -1 -1 -1 -1 -1 -1 -1 -1 -1 -1 -1 -1 -1 -1 -1 -1 -1 -1 -1 -1
6420 3524 4781 6794 8568 7813 4692 1903 6789 8127 4737 6352 7649 4286 7577 9580 9114 8341 6046 6631 9546 383 4558 6330 2122 2145 4235 5651 2665 3910 8679 2670 8505 4572 3842 6936 3270 5404 3072 4668 9868 7917 4397 3703 9794 5607 662 6538 9298 9182 7789 2618 4392 2095 136 8725 2964 4649 8024 6963 9122 6282 4016 8180 3882 7771 9969 6584 9333 4918 2655 399 4996 2955 3094 2514 3977 1726 1835 9006 9897 3930 1340 5633 2246 1234 5286 4851 1623 7067 8730 655 8462 7282 795 3026 1032 4539 5761
6188 -1 -1 -1 -1 -1 -1 -1 -1 -1 -1 -1 -1 -1 -1 -1 -1 -1 -1 -1 -1 -1 -1 -1 -1 -1 -1 -1 -1 -1 -1 -1 -1 -1 -1 -1 -1 -1 -1 -1 -1 -1 -1 -1 -1 -1 -1 -1 -1 -1 -1 -1 -1 -1 -1 -1 -1 -1 -1 -1 -1 -1 -1 -1 -1 -1 -1 -1 -1 -1 -1 -1 -1 -1 -1 -1 -1 -1 -1 -1 -1 -1 -1 -1 -1 -1 -1 -1 -1 -1 -1 -1 -1 -1 -1 -1 -1 -1 5013
436 8887 5039 5831 8781 8804 6583 7835 4193 4469 6755 7318 5890 2156 5126 755 6574 441 3171 163 2532 4070 2138 1572 3193 3737 8050 9573 9894 2330 4391 5386 8051 1253 2107 2903 2711 4642 3680 697 4064 2793 6031 2972 6312 2927 6397 877 1424 1215 8773 3829 4049 4147 6938 9510 7984 7348 1602 1470 9797 5014 263 2729 4963 7677 7769 2709 2213 2049 8127 5146 7673 4791 9660 3820 6333 7223 9631 76 4486 6070 525 2159 8390 9234 7892 6381 8755 2825 4985 1192 618 6900 68 3187 4612 3762 8667
-1 -1 -1 -1 -1 -1 -1 -1 -1 -1 -1 -1 -1 -1 -1 -1 -1 -1 -1 -1 -1 -1 -1 -1 -1 -1 -1 -1 -1 -1 -1 -1 -1 -1 -1 -1 -1 -1 -1 -1 -1 -1 -1 -1 -1 -1 9028 -1 -1 -1 -1 -1 -1 -1 -1 -1 -1 -1 -1 -1 -1 -1 -1 -1 -1 -1 -1 -1 -1 -1 -1 -1 -1 -1 -1 -1 -1 -1 -1 -1 -1 -1 -1 -1 -1 -1 -1 -1 -1 -1 -1 -1 -1 -1 -1 -1 -1 -1 -1
5328 5636 1155 5660 8850 9559 3250 7884 4932 782 1172 8193 4413 1709 1673 8607 6528 5673 2539 3870 6061 6901 5075 1352 823 5500 4290 8625 3470 1985 1613 9591 1811 1589 8984 9746 2126 3730 8642 948 9344 5531 284 5045 5829 1846 6953 5867 1104 2637 2731 170 2120 2526 1846 3807 9770 1785 6928 2551 5005 7328 430 2300 7865 2943 8344 2834 3018 9236 7852 591 4418 8638 9525 7221 5702 1003 569 5202 2351 9215 5856 7100 8420 2487 4267 7107 8040 8151 2248 4302 5520 1014 8763 1429 5759 2669 6740
7979 -1 -1 -1 -1 -1 -1 -1 -1 -1 -1 -1 -1 -1 -1 -1 -1 -1 -1 -1 -1 -1 -1 -1 -1 -1 -1 -1 -1 -1 -1 -1 -1 -1 -1 -1 -1 -1 -1 -1 -1 -1 -1 -1 -1 -1 -1 -1 -1 -1 -1 -1 -1 -1 -1 -1 -1 -1 -1 -1 -1 -1 -1 -1 -1 -1 -1 -1 -1 -1 -1 -1 -1 -1 -1 -1 -1 -1 -1 -1 -1 -1 -1 -1 -1 -1 -1 -1 -1 -1 -1 -1 -1 -1 -1 -1 -1 -1 3244
6860 3051 7789 9123 8440 6110 3774 849 8282 6080 1641 8424 2463 1768 852 3951 1321 199 8983 3506 2260 1565 5462 3538 2533 141 1877 9376 3550 6675 9890 9559 1897 2246 5750 1235 1035 7614 3237 1422 275 5981 3533 4976 2707 3903 9878 1781 5851 9148 7993 2202 8625 8015 6419 7100 1060 5702 138 8333 6607 6647 2963 3828 7657 7496 400 3506 6007 4344 8812 1092 4834 6923 3364 2122 1540 4417 2758 3834 1289 3595 9747 1893 3034 2730 2059 838 7347 1124 7281 6464 2258 3879 1240 8700 9695 9383 3330
-1 -1 -1 -1 -1 -1 -1 -1 -1 -1 -1 -1 -1 -1 -1 9503 -1 -1 -1 -1 -1 -1 -1 -1 -1 -1 -1 -1 -1 -1 -1 -1 -1 -1 -1 -1 -1 -1 -1 -1 -1 -1 -1 -1 -1 -1 -1 -1 -1 -1 -1 -1 -1 -1 -1 -1 -1 -1 -1 -1 -1 -1 -1 -1 -1 -1 -1 -1 -1 -1 -1 -1 -1 -1 -1 -1 -1 -1 -1 -1 -1 -1 -1 -1 -1 -1 -1 -1 -1 -1 -1 -1 -1 -1 -1 -1 -1 -1 -1
3405 4077 7892 6110 1224 267 4784 1944 7996 4583 2817 1507 831 4745 1853 7798 5573 2998 2959 3288 7488 144 2115 6916 9764 4481 3024 3478 1751 967 4680 1461 8063 6392 746 8371 1574 9550 1474 9451 387 6676 5988 4662 7431 1765 4399 2114 8674 9326 8281 6432 542 3741 1550 3431 1197 6571 647 6178 5608 5221 2636 656 4443 6520 4492 6279 2264 597 7460 9362 6969 7572 5014 8418 9161 845 2818 7183 8018 729 3300 5374 312 9523 2092 9436 8571 1264 6082 3237 2695 6303 2936 2880 6213 5266 3776
1254 -1 -1 -1 -1 -1 -1 -1 -1 -1 -1 -1 -1 -1 -1 -1 -1 -1 -1 -1 -1 -1 -1 -1 -1 -1 -1 -1 -1 -1 -1 -1 -1 -1 -1 -1 -1 -1 -1 -1 -1 -1 -1 -1 -1 -1 -1 -1 -1 -1 -1 -1 -1 -1 -1 -1 -1 -1 -1 -1 -1 -1 -1 -1 -1 -1 -1 -1 -1 -1 -1 -1 -1 -1 -1 -1 -1 -1 -1 -1 -1 -1 -1 -1 -1 -1 -1 -1 -1 -1 -1 -1 -1 -1 -1 -1 -1 -1 6371
1531 1330 7176 2317 6893 580 5570 7336 7964 1684 8127 1502 3117 172 5141 6881 211 2453 6509 9986 2980 9381 8137 8800 6589 5432 7744 2219 7368 6224 3380 4210 1001 218 2922 7800 5506 3326 3598 658 5040 5106 4836 7082 9703 5630 1283 7242 1791 1105 8598 4001 921 5888 5486 4532 8994 459 4960 1099 9835 9744 4271 3311 9994 3730 6178 5310 292 668 3601 1364 9337 7283 7367 69 5316 2858 2097 416 642 7653 7093 7587 5284 829 1989 5598 4847 269 6744 3569 5970 8555 3821 1918 9011 9886 6918
-1 -1 -1 -1 -1 -1 -1 -1 -1 -1 -1 -1 -1 -1 -1 -1 -1 -1 -1 -1 -1 -1 -1 -1 -1 -1 -1 -1 -1 -1 -1 -1 -1 -1 -1 2650 -1 -1 -1 -1 -1 -1 -1 -1 -1 -1 -1 -1 -1 -1 -1 -1 -1 -1 -1 -1 -1 -1 -1 -1 -1 -1 -1 -1 -1 -1 -1 -1 -1 -1 -1 -1 -1 -1 -1 -1 -1 -1 -1 -1 -1 -1 -1 -1 -1 -1 -1 -1 -1 -1 -1 -1 -1 -1 -1 -1 -1 -1 -1
2820 7698 9261 7966 7782 7197 8049 512 3071 8321 2102 6539 6632 8667 2864 4932 4142 9850 5142 8700 4217 461 8748 6716 3900 2656 4741 1073 1555 1524 1099 7447 3678 318 6464 9803 9554 396 9379 6180 2971 5184 4583 9041 7442 4254 4461 2766 9749 1215 5152 5731 7904 9760 2530 6513 2465 728 3837 9001 7628 318 5984 6840 1855 8417 5130 8276 2435 9206 3721 6322 9721 2653 1561 4753 2591 2252 5322 7362 3731 7841 1974 7806 5477 3018 4607 705 991 1257 5697 2906 9758 1432 587 4513 3094 6593 3314
3803 -1 -1 -1 -1 -1 -1 -1 -1 -1 -1 -1 -1 -1 -1 -1 -1 -1 -1 -1 -1 -1 -1 -1 -1 -1 -1 -1 -1 -1 -1 -1 -1 -1 -1 -1 -1 -1 -1 -1 -1 -1 -1 -1 -1 -1 -1 -1 -1 -1 -1 -1 -1 -1 -1 -1 -1 -1 -1 -1 -1 -1 -1 -1 -1 -1 -1 -1 -1 -1 -1 -1 -1 -1 -1 -1 -1 -1 -1 -1 -1 -1 -1 -1 -1 -1 -1 -1 -1 -1 -1 -1 -1 -1 -1 -1 -1 -1 4233
3705 6231 4290 638 392 7718 2504 4078 7610 2265 5886 1517 190 6460 6732 5197 286 7440 2599 7350 6494 5392 9359 5032 1707 5832 6803 4874 4125 1255 455 7065 3665 4982 7333 5868 6703 9546 7813 5883 788 6954 7519 6881 3373 7491 6695 4866 643 4561 1116 6374 1891 1058 6954 2081 8528 9115 9898 6203 1644 1099 2656 6307 6741 4629 284 5983 3725 4715 6196 6892 2370 388 1705 3791 2795 5317 9750 4773 9392 214 5100 9481 2701 2854 5430 4115 741 5352 2458 5694 1245 3937 8987 8644 2980 1509 6442
-1 -1 -1 -1 -1 -1 -1 -1 -1 -1 -1 -1 -1 -1 -1 -1 -1 -1 -1 -1 -1 -1 -1 -1 -1 -1 -1 -1 -1 -1 -1 -1 -1 -1 -1 8534 -1 -1 -1 -1 -1 -1 -1 -1 -1 -1 -1 -1 -1 -1 -1 -1 -1 -1 -1 -1 -1 -1 -1 -1 -1 -1 -1 -1 -1 -1 -1 -1 -1 -1 -1 -1 -1 -1 -1 -1 -1 -1 -1 -1 -1 -1 -1 -1 -1 -1 -1 -1 -1 -1 -1 -1 -1 -1 -1 -1 -1 -1 -1
3361 8599 9935 7987 4629 2982 6966 6339 1682 6551 5406 9008 6342 7789 2166 7916 2196 2218 3521 8525 5746 3912 2840 7916 4237 702 1273 8831 9726 1182 2541 9532 9106 1231 4279 3657 5433 2449 24 1907 4859 7409 4878 3938 1956 1360 235 2109 913 4074 1315 8665 9213 82 2053 5967 9375 9325 1315 5365 87 5200 7198 9636 8469 685 3983 1444 2406 4839 1133 7386 6729 6232 6163 542 9311 8574 3940 7012 5421 5844 3048 9394 1653 3038 2252 9722 500 8973 5383 7615 7391 9404 2644 8088 4661 3992 3050
7779 -1 -1 -1 -1 -1 -1 -1 -1 -1 -1 -1 -1 -1 -1 -1 -1 -1 -1 -1 -1 -1 -1 -1 -1 -1 -1 -1 -1 -1 -1 -1 -1 -1 -1 -1 -1 -1 -1 -1 -1 -1 -1 -1 -1 -1 -1 -1 -1 -1 -1 -1 -1 -1 -1 -1 -1 -1 -1 -1 -1 -1 -1 -1 -1 -1 -1 -1 -1 -1 -1 -1 -1 -1 -1 -1 -1 -1 -1 -1 -1 -1 -1 -1 -1 -1 -1 -1 -1 -1 -1 -1 -1 -1 -1 -1 -1 -1 6911
7583 9134 2878 4950 9497 1470 2015 8394 5658 5083 310 911 3110 4709 2688 9176 6771 9070 3499 2848 4313 6868 7428 52 6631 5055 5704 5590 4136 5935 7668 407 3186 3965 4904 6549 8626 4998 5136 8902 5749 2471 8728 8184 74 9841 9117 860 8272 7664 2883 367 3804 9542 3912 8117 4373 1110 6364 8287 8650 9972 737 9102 5516 9498 3427 5646 4029 665 1100 857 9545 3704 2909 9212 9485 2119 5462 685 3939 2996 6937 5414 8410 5284 4898 1698 1342 5492 4047 102 5735 5641 9241 1068 2663 4256 6826
-1 -1 -1 -1 -1 -1 -1 -1 -1 -1 -1 -1 -1 -1 -1 -1 -1 -1 6225 -1 -1 -1 -1 -1 -1 -1 -1 -1 -1 -1 -1 -1 -1 -1 -1 -1 -1 -1 -1 -1 -1 -1 -1 -1 -1 -1 -1 -1 -1 -1 -1 -1 -1 -1 -1 -1 -1 -1 -1 -1 -1 -1 -1 -1 -1 -1 -1 -1 -1 -1 -1 -1 -1 -1 -1 -1 -1 -1 -1 -1 -1 -1 -1 -1 -1 -1 -1 -1 -1 -1 -1 -1 -1 -1 -1 -1 -1 -1 -1
4333 4639 2393 7793 8318 6445 9271 5353 6390 604 5121 1672 4517 3348 7706 7327 5468 4849 4882 8265 1290 6625 5741 6753 3610 9434 8111 186 7634 4508 310 7457 5360 5159 2445 4995 3072 8760 6580 3884 3277 6257 1756 8617 7966 8176 5129 6893 502 5530 9558 9661 839 1817 8582 4520 5437 2844 6150 7513 4974 3193 1690 8596 8152 8421 4402 907 7938 5459 1813 8666 9690 4496 5596 1418 9260 2304 8863 3859 6944 188 5623 2135 4996 8451 1399 5975 2250 2667 5514 2990 1352 2039 362 1905 6707 4187 737
5516 -1 -1 -1 -1 -1 -1 -1 -1 -1 -1 -1 -1 -1 -1 -1 -1 -1 -1 -1 -1 -1 -1 -1 -1 -1 -1 -1 -1 -1 -1 -1 -1 -1 -1 -1 -1 -1 -1 -1 -1 -1 -1 -1 -1 -1 -1 -1 -1 -1 -1 -1 -1 -1 -1 -1 -1 -1 -1 -1 -1 -1 -1 -1 -1 -1 -1 -1 -1 -1 -1 -1 -1 -1 -1 -1 -1 -1 -1 -1 -1 -1 -1 -1 -1 -1 -1 -1 -1 -1 -1 -1 -1 -1 -1 -1 -1 -1 705
2590 6901 8665 7068 6574 7035 447 3907 1294 6305 133 2842 819 9359 9780 6475 4235 4161 6325 5170 4134 4277 9999 488 7891 1407 6916 7675 2520 98 9164 2492 6716 5257 8263 1154 2426 2532 9478 9691 4816 2454 3868 3588 9087 184 8262 9889 1782 1015 9718 8847 2832 6701 4062 1921 1201 8466 5472 6231 2730 3110 1389 61 2469 3710 8670 2644 3099 2797 3129 9025 6388 8541 3402 5153 5320 1731 1665 1295 8533 570 819 6126 1521 3206 3834 2273 5616 8869 7766 9915 6392 2338 8170 7161 2996 3908 2018
-1 -1 -1 -1 -1 -1 -1 -1 -1 -1 -1 -1 -1 -1 -1 -1 -1 -1 -1 -1 -1 -1 -1 -1 -1 -1 -1 -1 -1 -1 -1 -1 -1 -1 -1 -1 -1 -1 -1 -1 -1 -1 -1 -1 -1 -1 -1 -1 -1 -1 -1 -1 -1 -1 -1 -1 -1 -1 -1 -1 -1 -1 -1 -1 -1 -1 -1 -1 -1 -1 -1 -1 -1 200 -1 -1 -1 -1 -1 -1 -1 -1 -1 -1 -1 -1 -1 -1 -1 -1 -1 -1 -1 -1 -1 -1 -1 -1 -1
4412 2050 5006 4723 5725 7622 5403 7666 5414 2766 2057 3878 4286 1645 7330 4973 4606 2458 4271 6918 6511 493 1454 9126 4213 5921 1353 9794 2310 5837 496 3935 3039 8954 2858 1431 2795 2397 2046 9126 6692 4333 437 8118 7885 9214 5430 1823 887 4083 9490 5381 1319 2839 8043 7157 3518 8448 2979 2849 3149 3037 7859 9118 6096 87 1190 9855 9434 2463 9085 9256 2675 9536 3118 4377 6315 1133 4000 647 1143 913 9100 6346 7712 1645 7773 9388 4775 3440 6391 9313 1765 4936 9023 654 3283 6713 5620
2758 -1 -1 -1 -1 -1 -1 -1 -1 -1 -1 -1 -1 -1 -1 -1 -1 -1 -1 -1 -1 -1 -1 -1 -1 -1 -1 -1 -1 -1 -1 -1 -1 -1 -1 -1 -1 -1 -1 -1 -1 -1 -1 -1 -1 -1 -1 -1 -1 -1 -1 -1 -1 -1 -1 -1 -1 -1 -1 -1 -1 -1 -1 -1 -1 -1 -1 -1 -1 -1 -1 -1 -1 -1 -1 -1 -1 -1 -1 -1 -1 -1 -1 -1 -1 -1 -1 -1 -1 -1 -1 -1 -1 -1 -1 -1 -1 -1 5626
9630 4958 1079 4054 5796 4463 1817 7994 5869 4793 7480 5836 5890 1736 6869 2554 8068 9571 618 3751 2661 6606 9410 4513 4886 2944 8767 1612 6611 7282 7601 2398 5726 2188 3324 2455 9097 3580 6615 9936 9220 6232 6070 4335 5374 3572 7626 8452 5756 3384 2062 8793 8968 9435 7583 9751 4121 6159 5142 9910 4488 8520 7494 7278 6142 3275 6771 4939 2755 5194 6536 4397 9424 7567 8979 1070 355 9593 7470 2457 4019 6288 4063 428 8106 2312 5279 1071 1720 8512 9016 3575 4151 1110 5272 3743 6376 824 7202
-1 -1 -1 -1 -1 -1 -1 -1 -1 -1 -1 -1 9283 -1 -1 -1 -1 -1 -1 -1 -1 -1 -1 -1 -1 -1 -1 -1 -1 -1 -1 -1 -1 -1 -1 -1 -1 -1 -1 -1 -1 -1 -1 -1 -1 -1 -1 -1 -1 -1 -1 -1 -1 -1 -1 -1 -1 -1 -1 -1 -1 -1 -1 -1 -1 -1 -1 -1 -1 -1 -1 -1 -1 -1 -1 -1 -1 -1 -1 -1 -1 -1 -1 -1 -1 -1 -1 -1 -1 -1 -1 -1 -1 -1 -1 -1 -1 -1 -1
6818 4846 1719 2516 7348 7441 8196 4975 73 5462 9658 6409 1560 64 6506 980 5846 1648 4086 2575 8809 7903 9397 6188 3715 2162 4119 9656 677 455 6080 9337 3366 4734 1798 6093 4140 156 9129 2342 6199 8314 4721 9726 5209 6242 6335 9875 8821 5545 9704 7694 3641 4257 7071 7292 6222 4017 4265 1193 3481 1061 8899 2219 6528 6972 1359 660 5992 1475 9129 5947 9430 7185 950 9501 2322 8849 2512 7674 1392 6245 7331 711 2334 5630 5698 8561 8466 4620 2364 2207 7915 1077 182 242 7799 1001 4990
4291 -1 -1 -1 -1 -1 -1 -1 -1 -1 -1 -1 -1 -1 -1 -1 -1 -1 -1 -1 -1 -1 -1 -1 -1 -1 -1 -1 -1 -1 -1 -1 -1 -1 -1 -1 -1 -1 -1 -1 -1 -1 -1 -1 -1 -1 -1 -1 -1 -1 -1 -1 -1 -1 -1 -1 -1 -1 -1 -1 -1 -1 -1 -1 -1 -1 -1 -1 -1 -1 -1 -1 -1 -1 -1 -1 -1 -1 -1 -1 -1 -1 -1 -1 -1 -1 -1 -1 -1 -1 -1 -1 -1 -1 -1 -1 -1 -1 8331
7681 8441 4250 5395 6109 9359 2806 7444 4059 4868 5365 2992 7723 6769 4739 1646 5256 1121 2833 665 5119 6429 1545 3259 1261 6334 4821 4551 8115 761 346 160 4206 5520 2481 3408 1979 2619 3265 1433 7353 3312 9959 7513 7693 8910 9419 7829 9038 6476 897 1576 2789 3123 1146 2978 6934 8326 3754 9837 9366 2543 518 6932 9333 6757 7176 3061 1212 8388 7999 3353 3720 3517 6689 1291 6007 3885 9452 2972 7378 1122 8681 1899 4837 4174 6141 4719 993 6660 9847 1689 9300 5985 1063 7001 9127 3002 3495
-1 -1 -1 -1 4867 -1 -1 -1 -1 -1 -1 -1 -1 -1 -1 -1 -1 -1 -1 -1 -1 -1 -1 -1 -1 -1 -1 -1 -1 -1 -1 -1 -1 -1 -1 -1 -1 -1 -1 -1 -1 -1 -1 -1 -1 -1 -1 -1 -1 -1 -1 -1 -1 -1 -1 -1 -1 -1 -1 -1 -1 -1 -1 -1 -1 -1 -1 -1 -1 -1 -1 -1 -1 -1 -1 -1 -1 -1 -1 -1 -1 -1 -1 -1 -1 -1 -1 -1 -1 -1 -1 -1 -1 -1 -1 -1 -1 -1 -1
2320 6634 4679 317 7660 6339 408 6434 9495 6519 9579 3312 7073 4875 3892 713 8627 4920 8335 178 457 6164 9668 9302 8973 72 5503 1662 5706 5591 9612 9780 2327 3561 990 4438 7368 5734 4540 2073 8582 7425 8419 5918 5674 2473 4458 3494 9918 7571 7478 4739 7999 1365 3396 4418 7291 5112 4375 6133 9811 9146 9007 1031 1873 693 7663 8427 9550 9672 7877 7480 8709 9937 3334 6402 8530 2803 6980 1717 8386 6938 2844 4626 8803 4685 1545 8895 2955 5082 7233 1419 9861 7454 6556 6381 8319 5817 2648
632 -1 -1 -1 -1 -1 -1 -1 -1 -1 -1 -1 -1 -1 -1 -1 -1 -1 -1 -1 -1 -1 -1 -1 -1 -1 -1 -1 -1 -1 -1 -1 -1 -1 -1 -1 -1 -1 -1 -1 -1 -1 -1 -1 -1 -1 -1 -1 -1 -1 -1 -1 -1 -1 -1 -1 -1 -1 -1 -1 -1 -1 -1 -1 -1 -1 -1 -1 -1 -1 -1 -1 -1 -1 -1 -1 -1 -1 -1 -1 -1 -1 -1 -1 -1 -1 -1 -1 -1 -1 -1 -1 -1 -1 -1 -1 -1 -1 2195
6281 5654 3329 2884 9288 1362 9562 4155 7617 9100 106 4415 4305 3313 5304 1050 6879 9020 3896 1382 7696 1894 6569 2978 5330 9737 3741 5764 6734 3905 6049 4536 8734 8264 9929 7246 6277 7945 8162 8442 2579 8323 9167 6934 9610 1053 3345 449 9582 8381 746 5736 5888 2273 9474 3694 2574 3604 708 2071 9130 9181 89 166 1880 9158 485 7854 9777 3925 6789 3991 980 7822 5764 6432 6729 5527 8874 6638 3036 7779 3455 3477 2199 517 5139 6040 9822 8429 5312 3204 9330 2181 6724 6519 5528 5150 3693
-1 -1 -1 -1 -1 -1 -1 -1 -1 -1 -1 -1 -1 -1 -1 -1 -1 -1 -1 -1 -1 -1 -1 -1 -1 -1 -1 -1 -1 -1 -1 -1 -1 -1 -1 -1 -1 -1 -1 -1 -1 -1 -1 -1 -1 -1 -1 -1 -1 -1 -1 -1 -1 -1 -1 -1 3820 -1 -1 -1 -1 -1 -1 -1 -1 -1 -1 -1 -1 -1 -1 -1 -1 -1 -1 -1 -1 -1 -1 -1 -1 -1 -1 -1 -1 -1 -1 -1 -1 -1 -1 -1 -1 -1 -1 -1 -1 -1 -1
6159 9979 9191 833 8326 6189 1184 8441 7250 5121 7163 5667 8281 2657 3974 8321 6307 7361 8443 2027 821 8070 3863 9919 3773 9898 9634 1911 7890 2613 8750 67 6697 6216 3200 9281 7678 296 1555 6032 7371 2590 8429 8650 6480 6138 3361 6730 9117 6337 6647 6396 7248 3425 1858 1410 2347 2026 800 1722 4090 7474 2083 9073 7015 7239 9996 4334 2465 5444 7607 1854 2095 7281 105 3308 2862 9725 1846 6906 3025 5029 2786 9850 9385 7630 5027 4174 6544 4535 8036 2564 6653 1520 5332 9489 6700 8706 2016
1879 -1 -1 -1 -1 -1 -1 -1 -1 -1 -1 -1 -1 -1 -1 -1 -1 -1 -1 -1 -1 -1 -1 -1 -1 -1 -1 -1 -1 -1 -1 -1 -1 -1 -1 -1 -1 -1 -1 -1 -1 -1 -1 -1 -1 -1 -1 -1 -1 -1 -1 -1 -1 -1 -1 -1 -1 -1 -1 -1 -1 -1 -1 -1 -1 -1 -1 -1 -1 -1 -1 -1 -1 -1 -1 -1 -1 -1 -1 -1 -1 -1 -1 -1 -1 -1 -1 -1 -1 -1 -1 -1 -1 -1 -1 -1 -1 -1 2237
7705 176 62 2557 1218 7 2177 8262 1490 2722 3280 2616 4404 533 6196 8154 3668 1360 8347 4152 8407 2242 4575 3139 8865 6838 3948 7639 6390 5981 1529 8935 198 9165 4868 8924 7489 4435 7113 146 3175 8067 7647 9077 3234 913 4142 2635 5955 7527 782 7432 2029 2261 8040 713 4360 5938 6919 937 4104 2302 3186 7965 4120 8470 4357 9831 2356 9682 3134 4171 2352 8957 6077 5599 4326 347 6903 5958 103 9328 4019 857 4843 3283 2346 9475 2194 3832 902 2728 2969 4954 1203 389 7856 9241 360
-1 -1 -1 -1 -1 -1 -1 -1 -1 -1 -1 -1 -1 -1 -1 -1 -1 -1 -1 3517 -1 -1 -1 -1 -1 -1 -1 -1 -1 -1 -1 -1 -1 -1 -1 -1 -1 -1 -1 -1 -1 -1 -1 -1 -1 -1 -1 -1 -1 -1 -1 -1 -1 -1 -1 -1 -1 -1 -1 -1 -1 -1 -1 -1 -1 -1 -1 -1 -1 -1 -1 -1 -1 -1 -1 -1 -1 -1 -1 -1 -1 -1 -1 -1 -1 -1 -1 -1 -1 -1 -1 -1 -1 -1 -1 -1 -1 -1 -1
242 2080 2696 1711 3663 6848 4928 4228 659 1354 7534 2162 4155 9178 7562 5059 6869 3513 9562 804 7288 9134 1068 4049 517 7124 5552 3339 9219 3341 4708 4153 3155 530 5227 7468 2636 9206 3943 3570 8464 4799 8083 6657 1749 502 9423 952 1906 1394 520 7358 6116 7454 5955 1926 4535 2335 7205 7509 2934 1296 3097 4916 8047 8528 9771 3662 1637 9152 9016 2097 8486 3612 925 2600 3080 1438 7374 8800 7234 291 5784 1620 1676 6894 701 8020 7302 7059 7797 2262 8439 9156 6327 9397 9485 5914 4737
3619 -1 -1 -1 -1 -1 -1 -1 -1 -1 -1 -1 -1 -1 -1 -1 -1 -1 -1 -1 -1 -1 -1 -1 -1 -1 -1 -1 -1 -1 -1 -1 -1 -1 -1 -1 -1 -1 -1 -1 -1 -1 -1 -1 -1 -1 -1 -1 -1 -1 -1 -1 -1 -1 -1 -1 -1 -1 -1 -1 -1 -1 -1 -1 -1 -1 -1 -1 -1 -1 -1 -1 -1 -1 -1 -1 -1 -1 -1 -1 -1 -1 -1 -1 -1 -1 -1 -1 -1 -1 -1 -1 -1 -1 -1 -1 -1 -1 8714
1526 2098 1060 2604 7570 1844 1364 3738 2711 7370 9197 1352 4513 8708 6623 6359 370 7876 4374 6983 1124 4841 7484 6852 2437 329 4791 1104 2153 2568 2658 9514 8423 3921 4020 9503 9860 2974 8404 6024 7280 1249 5384 7379 5584 4216 737 7006 5082 8267 7806 6706 4263 896 2840 9596 6309 9793 5056 7947 1126 2381 5450 7059 8372 1859 2590 6321 9639 3970 7200 6048 7138 6637 1559 7622 8608 6368 7815 2596 3517 2820 1034 5941 2403 8009 7357 8065 5177 3693 380 742 7180 3385 5139 7933 5709 2917 3920
-1 -1 -1 -1 -1 -1 -1 -1 -1 -1 -1 -1 -1 -1 -1 -1 -1 -1 -1 -1 -1 -1 -1 -1 -1 -1 -1 -1 -1 -1 -1 -1 -1 -1 -1 -1 -1 -1 -1 -1 -1 -1 -1 -1 -1 -1 -1 -1 -1 -1 -1 -1 -1 -1 -1 -1 -1 -1 -1 -1 -1 -1 -1 -1 -1 -1 -1 -1 -1 -1 -1 -1 -1 -1 -1 -1 -1 -1 -1 -1 8120 -1 -1 -1 -1 -1 -1 -1 -1 -1 -1 -1 -1 -1 -1 -1 -1 -1 -1
7641 2190 7234 1805 9047 7275 5576 4242 1416 1951 6227 9880 4196 776 3449 6639 9498 8864 4194 3622 8688 2635 5657 7677 5616 1432 7234 2059 8380 2928 4188 8583 2927 7678 2627 2253 3910 1633 1726 9307 8935 7500 1676 8765 674 9872 2897 4248 3842 2382 3537 2034 5009 8163 1374 8198 5308 1912 4381 5635 941 9418 2472 8063 160 2698 6916 783 8933 5067 1926 7503 2793 7877 7656 4933 6736 1119 6925 6903 9721 9597 3158 7464 110 811 3541 7428 8709 3600 6374 1485 9752 4939 9591 3833 4496 1892 7683
2616 -1 -1 -1 -1 -1 -1 -1 -1 -1 -1 -1 -1 -1 -1 -1 -1 -1 -1 -1 -1 -1 -1 -1 -1 -1 -1 -1 -1 -1 -1 -1 -1 -1 -1 -1 -1 -1 -1 -1 -1 -1 -1 -1 -1 -1 -1 -1 -1 -1 -1 -1 -1 -1 -1 -1 -1 -1 -1 -1 -1 -1 -1 -1 -1 -1 -1 -1 -1 -1 -1 -1 -1 -1 -1 -1 -1 -1 -1 -1 -1 -1 -1 -1 -1 -1 -1 -1 -1 -1 -1 -1 -1 -1 -1 -1 -1 -1 7656
9521 4772 6246 4036 379 9861 3415 4697 9303 2879 3536 4262 8911 8435 8275 5682 1273 9816 6709 780 3670 5401 7863 3395 1413 9362 4479 7294 7344 8664 7833 7235 2143 2728 9365 1089 4543 9505 5220 3396 8926 3234 1538 8056 57 5500 9428 6539 5995 3505 5066 1257 4581 8011 8072 7010 4196 1021 7160 4761 881 1333 7874 1435 7150 2320 1077 459 600 9420 2173 198 7967 4903 5218 9322 9816 9728 1386 6031 8687 9160 9246 222 1487 7619 9171 8934 9635 389 2606 4202 55 2942 4842 7643 3398 5795 457
-1 -1 -1 -1 -1 -1 -1 -1 -1 -1 -1 -1 7363 -1 -1 -1 -1 -1 -1 -1 -1 -1 -1 -1 -1 -1 -1 -1 -1 -1 -1 -1 -1 -1 -1 -1 -1 -1 -1 -1 -1 -1 -1 -1 -1 -1 -1 -1 -1 -1 -1 -1 -1 -1 -1 -1 -1 -1 -1 -1 -1 -1 -1 -1 -1 -1 -1 -1 -1 -1 -1 -1 -1 -1 -1 -1 -1 -1 -1 -1 -1 -1 -1 -1 -1 -1 -1 -1 -1 -1 -1 -1 -1 -1 -1 -1 -1 -1 -1
249 1839 3744 2393 1285 5609 7539 9836 9703 6592 4453 9992 3122 9633 9534 392 1119 5217 6984 9937 8457 7010 6955 3865 5295 7562 5591 7425 2153 6986 6536 4348 1012 1912 1352 8471 9217 8549 6698 2374 2185 6334 3563 2588 2093 91 7292 836 328 3053 7897 7322 2154 3889 1112 8284 6980 5521 6139 7633 4332 3445 373 6952 5336 5442 2432 9262 5315 2061 5467 9469 7803 7091 9691 934 3788 4732 5685 7768 3372 7535 7654 2834 4824 9428 7139 6054 9461 2200 1390 203 2913 2871 1881 3135 5595 5581 5061
3794 -1 -1 -1 -1 -1 -1 -1 -1 -1 -1 -1 -1 -1 -1 -1 -1 -1 -1 -1 -1 -1 -1 -1 -1 -1 -1 -1 -1 -1 -1 -1 -1 -1 -1 -1 -1 -1 -1 -1 -1 -1 -1 -1 -1 -1 -1 -1 -1 -1 -1 -1 -1 -1 -1 -1 -1 -1 -1 -1 -1 -1 -1 -1 -1 -1 -1 -1 -1 -1 -1 -1 -1 -1 -1 -1 -1 -1 -1 -1 -1 -1 -1 -1 -1 -1 -1 -1 -1 -1 -1 -1 -1 -1 -1 -1 -1 -1 802
6208 1420 3895 1825 2985 7607 3946 4607 5938 7998 6855 3547 3037 8305 6290 2499 1791 2768 8852 3938 8188 8334 3379 5967 7298 3983 3775 6297 7895 9682 438 3267 6643 9328 1836 2439 5889 6207 4650 3388 5396 5379 2743 1833 6046 5086 3934 3634 2447 1456 3357 9398 6488 7821 2131 9908 5196 8735 2037 8648 8753 4062 9293 1116 7918 583 7834 3648 3694 6562 8333 6337 4799 6473 8707 9515 8221 3540 8311 5029 6583 360 2587 4693 6727 6208 6978 1873 9569 2525 2999 3078 8053 4858 5022 592 8869 4214 7144
-1 -1 -1 -1 -1 -1 -1 -1 -1 -1 -1 -1 -1 -1 -1 -1 -1 -1 -1 -1 -1 -1 -1 -1 -1 -1 -1 -1 -1 -1 -1 -1 -1 -1 -1 -1 -1 -1 -1 -1 -1 -1 -1 -1 -1 -1 -1 -1 -1 -1 -1 -1 -1 -1 -1 -1 -1 -1 -1 -1 -1 -1 -1 -1 -1 -1 -1 -1 -1 -1 -1 -1 -1 -1 -1 -1 -1 -1 -1 -1 -1 -1 -1 -1 -1 -1 -1 -1 -1 -1 -1 -1 -1 4929 -1 -1 -1 -1 -1
5921 3103 2515 1830 6832 7967 4686 1364 9397 6875 4289 818 6925 6933 5357 497 6422 6543 6481 7874 5060 5789 8323 545 4207 6237 7685 3265 1551 9485 4104 1011 7188 9607 471 8132 5746 514 9625 6586 6710 7484 6040 6706 3086 2122 8820 5397 8913 7478 1223 1565 8533 7388 2134 5214 1836 7119 5289 5059 3339 149 8076 8333 745 8533 3027 6320 9063 4225 5286 4304 686 2394 636 7706 206 9836 4409 488 4649 5020 7240 6646 2392 1897 9811 6607 8453 8320 832 2437 4222 2610 7994 3033 1383 3020 4779
8335 -1 -1 -1 -1 -1 -1 -1 -1 -1 -1 -1 -1 -1 -1 -1 -1 -1 -1 -1 -1 -1 -1 -1 -1 -1 -1 -1 -1 -1 -1 -1 -1 -1 -1 -1 -1 -1 -1 -1 -1 -1 -1 -1 -1 -1 -1 -1 -1 -1 -1 -1 -1 -1 -1 -1 -1 -1 -1 -1 -1 -1 -1 -1 -1 -1 -1 -1 -1 -1 -1 -1 -1 -1 -1 -1 -1 -1 -1 -1 -1 -1 -1 -1 -1 -1 -1 -1 -1 -1 -1 -1 -1 -1 -1 -1 -1 -1 4101
4128 6804 5919 2904 2161 4313 5182 8410 7190 5842 988 284 5600 2490 968 1114 7923 7170 5548 811 8651 9161 2768 3417 8574 5615 5074 2264 4524 279 8684 2750 3760 5937 817 4570 2092 6494 1051 2316 7460 4664 6747 8312 9729 5539 2768 9136 481 9464 5193 7937 2467 177 9649 3961 3837 834 6254 9145 1076 8566 6236 1102 7054 8200 6587 3964 8856 2899 784 452 1482 8978 2942 3511 3939 8785 352 6296 9827 3363 2629 9693 4902 428 7473 4780 1876 2063 3317 5232 5015 542 642 8512 4570 5008 8161
1 1
99 99
