25 27 464833804
4400 3895 7069 4653 5641 6164 1291 7203 2741 5270 7933 2578 8215 8090 5223 2243 5040 2096 7359 599 6505 6025 6486 7761 9371 5873 9797
3170 571 8520 5932 4873 3841 1988 8175 2511 1398 2537 7563 9884 6094 2452 8258 8596 517 3704 6924 5823 8679 7692 4415 2787 3589 4233
9890 4619 948 5179 7511 1455 2853 2357 3569 4234 6085 2911 2752 7860 3544 5212 9205 9913 5496 7852 9752 7104 7608 635 2699 8762 1313
3637 7480 3373 8903 4399 4147 5180 6646 721 4295 2687 3431 2958 118 7250 6736 2486 178 9928 9972 2748 6439 3757 6242 3046 5120 6139
5686 22 7866 5674 435 7575 3349 8139 2543 6258 6279 4407 9299 2317 2388 4101 6274 4208 7433 2097 3209 6415 1823 5137 4390 1936 4646
2113 1313 4701 8641 144 2660 5275 1892 8576 61 3900 8810 9018 424 1574 3301 7549 7582 8670 1029 4065 1475 8523 1233 9243 9270 5107
3429 7375 2482 9601 4603 4699 8227 6313 1798 7138 4195 5682 375 973 2427 9658 9026 9381 272 5407 7186 3393 2411 84 1765 567 1443
7890 1104 4534 3679 7447 7080 8446 7253 10000 9912 875 5714 6294 4562 6332 9900 9684 2295 3436 1166 4930 5378 8264 31 567 3650 9660
320 2529 4234 5458 8557 6261 4486 1486 9589 5311 4485 9356 6703 2329 7167 260 833 8124 1725 1671 2926 637 2765 175 3718 6361 9664
5759 6628 1061 9951 5015 6064 3169 6524 8699 616 1463 883 9974 3383 5804 3204 8579 400 1429 325 5299 1713 1344 5817 4234 5584 3672
290 2830 3578 5657 9620 8722 7792 2264 6373 3492 9005 3030 3261 7080 7124 3089 311 4233 4925 7825 3106 5702 7478 2541 8788 9161 7787
597 1103 7576 3765 1546 738 3565 7444 5078 830 839 271 5068 2718 1367 1262 7032 3386 9368 7772 3787 4299 7899 487 8706 381 8510
2392 7379 1317 1876 3906 5704 4625 5582 2988 3719 3063 9967 9446 9408 3463 4571 7379 7563 273 6755 1817 2797 7357 1807 2124 5224 473
7684 1715 9908 8998 5700 9494 3537 8345 617 9566 3985 6957 4999 8686 2479 2405 2564 8867 5890 7711 3831 7797 3809 2989 7073 3914 9371
7359 9863 8985 5391 4544 9494 3007 6018 763 5054 3945 6271 901 2148 9724 400 6742 1804 874 6757 9066 6781 8806 8813 6686 3559 3865
532 9723 879 157 2453 8207 4829 2489 2785 7254 2193 3476 6844 9353 4324 9632 8090 4002 2881 1457 365 2204 9026 5955 1019 9193 7036
4958 6344 4981 4220 3554 9564 1319 1103 9451 6554 4556 7503 8597 56 3490 7029 9095 7901 262 569 3431 6560 2605 2183 8960 130 4216
8074 4902 9124 5125 3123 3930 8222 1218 1209 5984 7360 3770 5911 9288 9624 581 581 3389 9137 1810 305 1837 4881 3018 4518 4436 6730
8044 6362 1651 3728 3985 4874 4732 8167 2857 5869 1147 3108 7832 8262 4492 876 3662 456 666 6864 8262 5919 5867 7536 6127 7316 4510
9707 6769 6421 5990 6972 1315 3839 7005 6950 154 4553 1816 4792 2026 3441 7019 9780 8083 86 7284 8924 8224 3048 3187 1661 8640 5051
6645 9586 5194 9674 2889 239 5664 7090 5788 7563 654 1696 6824 3509 9244 9487 5304 7554 6288 7067 3283 245 8336 9182 9832 9246 7695
7765 1636 842 812 138 9187 5097 9310 426 889 5862 305 9115 4451 8057 7197 3909 4541 8671 7651 8370 37 8544 9576 6776 5902 8041
6920 8803 8093 1774 1375 1098 1606 3518 3302 3180 9578 3845 8306 3915 9085 5279 2233 6324 5896 6718 1499 5477 5323 2259 1499 6151 8213
4204 5094 4219 7749 5672 1929 333 8630 5019 9004 4518 2710 3535 5168 8706 9296 5746 8535 8269 6760 8803 626 1749 6315 2839 4081 1083
4419 8381 9944 1972 4288 4573 5561 6946 1524 1120 5184 4301 1102 3110 4139 8568 7527 5839 6234 2303 4121 7481 9749 3966 1845 1974 4338
17 4
20 7
