30 100 27114938
315 3195 3647 7376 9546 1858 1553 2354 4969 2445 1662 6889 1180 5408 5114 5549 8033 6868 921 351 2847 1679 4482 9127 4623 6576 4122 4770 6756 4459 4414 2440 9728 4415 5529 8259 4555 1435 823 8660 51 8205 3719 8772 1041 9114 396 1589 3285 7199 167 1051 5173 9 547 5744 5305 9051 2060 519 5133 3429 8573 2051 951 7374 3761 5749 9676 960 9841 9401 1503 8473 6966 6345 9105 1572 3023 4657 529 405 3368 1166 5244 1113 7756 9608 3180 4457 1931 7466 4711 7177 961 6932 3388 4304 7080 5743
2716 4228 600 2983 23 6875 7847 3134 8428 8868 5573 4919 3357 9459 7945 5187 7242 40 7250 6288 1632 7219 1524 7501 3439 9854 6457 2046 7704 5790 6980 1168 8219 7593 7601 4419 2166 839 6315 6860 9093 7700 6211 1659 6141 1672 6612 3546 4273 3187 261 6070 4942 3701 9299 6067 4591 5199 7821 1133 3604 6540 9447 1149 6188 3723 4743 1953 6022 3254 9471 814 1895 9146 2353 3790 3229 3655 9970 8499 5516 6939 4674 6260 3462 7532 1497 8826 3353 9570 6139 8063 3226 6992 4454 1402 2518 2188 6039 3876
6392 3870 1880 9105 8898 4133 5446 9212 3099 6869 2922 6158 8267 560 51 5706 1776 8602 7746 6955 8850 4754 349 6325 272 2879 2918 7106 6519 8882 4777 1852 8654 6331 1687 5689 2921 442 9790 9361 4463 1447 5898 5710 5452 9169 7524 5807 2634 8167 9321 3500 8772 839 9140 9731 5554 7466 5272 1720 2370 7844 4427 3772 6301 2696 5590 7375 6792 3515 4682 170 6266 3421 7047 6057 4879 4803 7546 2107 431 4452 8831 2919 1379 6480 9118 4249 5221 1595 1842 9151 846 4973 5552 6879 2946 3022 2701 495
4185 4660 6699 4652 394 483 2083 8034 9594 2281 6668 2731 6041 348 8683 3927 72 2451 2468 1325 523 6154 7327 800 9593 6942 7354 760 8173 7025 7662 7631 5063 8158 3082 346 3792 4967 218 9497 6134 7634 2257 1922 82 7657 8612 5510 3224 9615 4603 2587 3086 3338 1949 7728 8265 4457 6891 4186 5562 3216 4597 4649 9656 1870 8856 1591 7775 2235 7084 9292 7759 5003 647 4510 607 4497 4641 4889 8786 8596 3283 4376 7708 852 5164 7402 7532 7025 9620 2777 6586 2119 8340 7786 9596 5965 6373 7103
5668 9950 7210 1972 1433 3621 5973 9297 3138 853 5760 1122 9533 1457 1844 2489 3312 3902 3753 8240 7966 5638 4947 5309 8334 4759 258 4314 9493 4278 8478 7988 2099 47 4094 8655 193 3738 4909 9344 9741 5814 9551 3990 83 7206 2931 6167 2833 7373 9723 4510 3537 3184 6220 8478 8463 6084 1062 6288 7673 2066 2240 8685 7961 6837 368 9150 3371 9309 85 3983 5083 4865 9281 6874 386 4834 6805 5512 2373 1524 3778 429 169 6730 8790 2292 1613 6387 3892 4659 2253 7087 6895 4926 1497 8327 3206 5284
2432 709 9618 1105 4560 119 2945 1430 8600 9872 7667 1967 2207 4371 5845 8703 6655 490 8915 9247 539 1559 1968 6993 4527 1130 4660 651 6431 9209 2427 315 2742 5111 4789 2063 2265 9863 8277 8720 7008 6177 4499 395 3698 7289 1632 8303 4443 4008 5124 8272 254 968 10 3999 5195 5745 3726 9319 1408 274 5784 6622 7000 6993 2957 6463 3720 9432 2078 1248 2254 4882 1574 5095 9725 5256 1269 9714 9451 4708 9772 5091 9988 3519 4379 8658 415 1895 8160 2325 9329 8823 9561 5281 5702 1473 9402 6274
2745 5100 4765 6603 9576 4456 5872 6502 2637 9866 5530 3399 5519 1576 3003 6011 2704 1012 2477 9714 3067 2921 4980 4805 8675 6249 4843 9674 1780 7111 10000 4245 295 6957 7564 8657 9677 9906 2541 8058 6517 3037 8696 9277 1321 3025 1226 1196 1184 9977 1993 4517 3788 9742 81 6259 9935 6224 7330 7708 5070 4845 4089 9399 3616 7777 1498 3510 2095 4346 897 581 8681 8430 9066 668 1523 7113 9260 1293 3724 4303 1557 2076 3849 8881 1118 2532 4720 5056 3176 2667 1886 5697 3441 9988 747 9959 4525 2262
1473 4241 7605 2573 4595 4946 2873 4923 7326 4871 9684 1100 7228 5096 8009 4969 7819 7363 1077 3452 3749 6146 4724 383 6376 8436 2321 6922 8793 4188 4713 593 2025 9728 3555 9296 6847 8175 8231 8570 8627 6703 1740 2491 9143 9928 9507 8247 1456 8132 1904 8742 2910 6617 8217 1969 4386 7458 4639 695 6767 1096 3867 3201 4875 2709 8940 7570 2454 5 4033 717 6690 2826 927 6082 4984 6502 2480 5569 5217 6289 241 8520 357 4448 1932 7320 6266 1635 2053 2462 4729 4688 43 9338 3504 2663 8776 9776
9085 9223 6775 2887 6731 8547 5934 5765 1847 3070 3758 548 1713 6316 1332 3206 6436 8067 4282 7929 4296 9080 218 3202 7927 5872 9041 1742 6849 2073 1194 4963 1888 3071 3309 9541 5960 8036 7201 7501 3227 1327 4773 7451 7885 440 7087 3364 1562 737 5817 688 4317 8955 3409 6610 437 8019 913 1420 5720 7466 7773 6737 1335 2864 164 8418 1431 9158 8723 1950 4992 8105 6236 8412 8835 4133 8000 8713 3307 8288 5392 4855 9762 8733 2383 3447 5849 351 1101 9898 4951 130 733 8693 6910 6386 4732 6371
2773 2086 4593 6739 1334 2850 6351 6777 3401 7336 8450 7475 4339 4677 5404 3662 5580 4336 8414 8274 2912 9651 2170 8220 9691 5208 182 6970 3866 1831 182 3502 684 8133 6467 3341 9223 2965 9564 9284 638 617 366 6357 9374 2479 7065 7330 8960 8725 5385 5165 8273 9018 4819 9988 2157 17 5521 5894 1268 3465 9018 8036 3893 7515 5217 9757 5305 5900 8654 1161 3048 7842 4480 6628 1533 4675 5367 1990 4674 6700 2809 75 249 8596 3039 4554 6445 1491 3053 7258 5421 4175 291 5100 753 6623 1974 3233
3319 6591 2482 4801 4761 7987 2184 2056 2076 491 5909 8934 1144 6608 702 6054 2197 2718 2218 2102 5437 8020 5295 3433 932 6393 3208 1986 7743 2396 2798 3274 9454 6292 9509 1494 852 9147 2840 2569 9403 2078 4191 1283 925 2495 8867 2658 6948 9808 7037 7194 2592 7870 3601 7425 9494 6781 4420 6807 8219 5909 5984 61 9545 2943 4331 4178 2516 453 8223 1085 7153 348 5052 9533 9285 4816 7406 8674 829 2072 7476 9072 1831 7437 4440 1969 1599 4776 4550 4817 3369 9140 435 6726 6786 6740 9160 9134
8665 8725 5128 4865 7483 4585 3881 1230 9271 5336 5439 3093 7156 6645 7389 9049 7033 53 373 6888 7653 1780 3044 9893 8250 7530 714 110 6003 7928 1964 5780 1984 3163 8243 3665 197 5830 2311 8844 1979 8845 1456 2200 4369 6742 2581 2582 643 5930 6727 3837 6613 3417 4941 4225 9495 7561 8658 7298 5036 874 7894 1540 1690 1492 8473 4237 5969 7416 6576 8457 6144 3319 5894 2073 7077 862 2275 3224 5396 2873 447 7905 9840 6760 2715 3370 1360 8661 4733 7424 417 175 9124 2330 7064 1792 509 503
4986 8565 3383 8440 2492 9945 1962 9529 4253 3119 8645 1808 2472 9028 9108 6675 8973 74 7280 2434 2609 8617 980 3092 3512 9964 1803 9741 88 5445 1506 9036 7000 9087 3780 9354 4830 9446 6602 9728 5036 397 4363 7230 7735 130 4425 1951 5015 9023 3573 7546 9826 6590 7820 1811 7047 6601 6313 4709 1914 6315 2918 8347 1115 8061 4772 1602 328 8542 3747 1617 5615 1857 4897 6274 1012 1991 717 6348 3147 2053 92 6602 9550 7493 9930 6335 1396 5138 1847 4557 3023 1645 2098 9375 9699 545 7724 4973
5911 6227 5438 5934 2931 2268 1727 7822 7992 7035 6055 1656 5739 1191 3097 8572 6325 6348 3802 276 7965 459 6605 4221 8417 3634 3287 2765 5966 7280 6184 8028 4880 9902 5094 8218 4144 8602 7582 3667 9550 2384 3545 7990 2227 937 9966 4976 8787 7409 2233 2631 2823 7831 782 7837 8459 4317 6399 9299 1602 2351 6408 9256 5011 9058 9982 8035 6868 7794 5890 2451 7072 6174 6272 9524 9617 2801 9284 2840 3854 8514 2488 6681 4914 8077 8108 3272 535 1348 6077 4403 9964 2307 1994 5964 878 8804 2174 1017
2590 9922 3771 1705 3346 8750 445 3195 1429 9448 5542 8760 4908 5062 8724 2692 4378 9086 1114 9180 2820 92 7431 6486 4017 8974 8827 5381 2838 4115 2468 3234 666 9187 6142 2641 1238 265 2464 7316 1904 1180 7866 8735 2488 4855 4040 8160 1156 2722 4404 267 2233 8128 5719 7274 4051 4979 8915 3317 69 2661 1348 1614 5480 6850 5570 9049 7020 5588 9970 666 591 5396 1292 666 9461 2318 206 7676 1880 964 9067 2648 6093 432 9445 5373 2646 8040 5383 6549 5882 4475 8198 569 831 9934 5734 5641
9856 1219 9445 8639 1862 1070 3799 7208 2807 3638 4495 4463 6364 5172 8202 3933 5385 6886 3482 360 3070 5836 317 6143 9657 7214 7258 9386 5252 6964 9117 3279 788 958 1040 2846 9629 8186 1725 4236 3790 8464 1806 5886 7756 7147 4250 8201 7750 1886 9466 9287 9628 7468 7961 2237 5807 8775 400 9884 9371 5036 5733 7598 802 7544 2194 8133 8473 7625 164 5253 1349 9471 6404 1788 463 4100 7848 5625 8493 5381 6045 8826 1192 3137 8407 4028 4902 8597 5582 6929 8011 5953 4516 9654 5527 6022 8333 2767
2498 5075 696 3997 4951 9799 7177 8375 1538 6102 8150 4142 5818 135 7167 5388 1952 4048 3468 7694 1727 9765 795 2647 819 7037 2804 7500 2754 9988 7084 8873 6596 920 8051 9309 4995 8787 9191 1449 6053 778 2622 6579 3656 3585 6435 2377 3293 3775 8709 3041 6979 7035 3848 1736 5273 1669 7771 4719 5117 5354 8375 4724 9848 4154 2361 5953 4217 9286 5772 847 77 1497 2190 3389 706 4017 3986 9788 2141 111 5139 8227 3009 2208 9489 7705 3704 8099 9936 4421 8034 8476 3533 2050 690 9851 8259 4475
3053 2124 1448 1274 2992 4626 7885 8992 2344 3215 6779 675 6277 108 5136 7048 366 1760 7140 2715 7360 9178 3844 2540 2390 9142 7275 9602 8320 2965 400 5434 8681 5884 7996 4081 1584 198 9283 5097 7337 7807 8595 3648 267 1696 3060 4064 4762 1642 8318 8022 4389 6962 8573 5202 7436 4921 13 2401 1452 6003 5847 171 162 741 1439 1436 1525 4711 2623 383 2649 7509 5334 1727 6517 8008 5012 7310 6189 3360 9408 4895 3576 7587 3778 2356 9348 9003 9847 3574 3753 403 1854 7707 282 4211 8033 6548
1290 9769 3191 5680 6072 4843 3406 871 2645 4951 6636 1559 8809 3602 93 4288 6790 8867 9092 3757 260 6640 946 814 7516 3000 1449 1810 2068 673 91 4358 4577 840 3963 3706 1445 9484 1435 8179 7909 1126 3493 4960 9978 5239 966 1827 2009 4772 9485 8503 3317 8438 5203 172 7121 4829 1182 9103 4375 4609 7251 6261 1329 3017 566 3645 9749 38 9833 8656 5908 4670 5526 2178 7193 4699 2430 2256 9725 1056 7560 9585 8671 9129 4981 6574 4477 2689 8847 4412 4677 9394 8348 8153 5329 1961 7212 792
4948 7004 9621 7912 7937 9172 5538 1661 1351 954 7373 3450 7661 2934 3538 203 1710 5382 6620 6620 6753 5509 4201 7342 7774 3884 4801 1558 8609 8716 6784 9275 6519 123 4583 2451 2809 1484 9186 779 1600 2212 967 9998 1008 7088 4173 2945 7816 4742 1525 6398 8265 8968 385 3038 9377 8772 7587 5128 1734 3592 4932 4863 9792 188 3047 237 1138 2013 4669 8936 1006 3705 9469 6272 2687 6206 6263 5742 8734 9997 1464 8302 1103 7075 5363 2828 5883 9686 9096 1821 2803 2931 6533 3807 2888 7893 4592 4118
5665 6373 4681 1911 8570 8211 2970 1168 1849 5893 7979 9876 3170 9600 7955 6558 392 2095 2289 2895 8703 9156 4219 1978 5026 7538 9263 2343 3684 2580 4817 6919 8455 633 1652 861 228 1940 6197 1997 9113 10 4524 7611 8771 4856 6941 9812 779 3471 5485 516 2252 6063 827 6747 7043 9543 796 2765 2586 8652 8636 4624 7118 9635 773 6025 1516 968 6600 6924 5192 6369 3432 3166 6481 8500 8203 7389 2278 633 2532 567 2406 1158 2056 1777 4426 4859 2358 7728 2391 3470 3846 5768 7323 4442 8109 2224
2648 5470 3770 104 402 352 9701 7884 6747 3317 345 6118 941 9593 728 8495 829 4409 5950 6607 6789 3276 3242 9301 5127 8939 5613 7558 9544 5663 4868 4354 7204 4019 8874 4939 8948 1965 3633 1631 9149 8307 1924 4940 9415 4417 8770 8516 3348 1725 4956 6851 7915 8142 3901 9507 1016 4536 737 1357 9675 6145 6987 163 4443 1535 1556 3410 8561 7010 8088 7273 9400 3300 5568 2245 4955 5302 7791 634 1328 2585 8033 3557 2905 9871 1771 2223 9739 1658 4560 4801 9714 2839 9074 6976 1787 5735 2440 9022
8816 7498 4507 5745 8374 8699 8218 7019 8713 2708 6602 2271 5329 3347 348 9037 6729 5382 2713 289 7905 3063 4896 8422 3086 1887 7910 8790 5208 925 9351 421 4054 3551 2863 5257 300 7628 2978 7038 6017 3590 8776 4258 3773 2886 5149 8004 8482 2363 5069 4249 7536 3833 6915 8142 6495 9689 7802 7243 5207 3352 6025 5137 2808 1392 7941 876 5988 9342 6334 7887 7394 6342 5401 247 6888 2329 2435 4785 3670 7807 5065 5545 7518 8599 6940 492 4039 2827 1766 7448 1560 9775 7116 9564 5689 2945 9893 3363
4876 549 1521 6795 8621 5694 6975 5064 3869 2325 1009 7911 6894 9437 4679 4131 7030 1039 5098 4626 3822 53 4892 4815 607 2510 8855 722 4790 1938 1758 6877 1351 873 6642 1446 7722 6876 3211 2680 3150 8747 9820 558 5416 9686 4753 7996 7968 9281 4629 4847 8505 9075 1344 1315 9451 2597 2314 3109 1387 2262 4480 5770 6226 3121 3421 3840 8382 1434 2786 3079 9691 5732 2544 7033 6677 8696 7933 2814 9215 2984 8601 8243 4861 7887 3994 3114 3282 4361 5902 8072 5790 69 2255 2335 4221 7258 5730 6252
4594 9228 1848 229 2506 9538 7199 2929 154 4520 1683 8748 3023 8405 6513 4269 5695 5817 5420 9450 1214 5379 8162 8429 4679 238 2941 9072 542 6865 2160 1838 495 6259 8370 5029 7060 8109 7801 7533 5413 5603 9052 7499 6808 5264 7899 3312 6445 9187 5315 3098 7290 598 2983 6758 5697 9800 1921 1127 5586 5280 6769 3161 9438 3546 1600 6123 3867 4543 7506 5602 7678 3862 8892 7206 4569 4996 6799 6512 4659 2558 8225 854 5171 7412 3637 8102 3129 843 7447 4421 9629 7243 1708 5034 717 8370 4330 7606
1583 9048 2856 103 7695 99 9507 7918 5789 4887 8170 3113 722 4857 7872 1305 5507 3974 9873 9897 3270 967 8374 4315 4751 920 1424 5048 2872 7874 6171 3093 1980 944 2934 7189 1805 303 848 9354 190 1464 8320 215 3897 541 8409 5660 8355 5776 8953 5275 7212 9251 9397 2399 7539 8981 9971 9770 967 187 4927 1536 5414 7695 6067 4344 3301 1223 6466 6160 830 4338 9977 2399 9463 1668 654 6664 3041 4343 8635 7609 3994 2185 6510 8975 9732 4814 1369 8898 555 296 750 9588 43 3367 236 7945
7766 7738 8790 1437 8823 8009 9066 6800 188 5804 294 3638 5848 9065 3916 9966 2341 4176 9707 7534 4984 8427 9367 9245 2547 2387 9235 4435 4255 1613 6550 5407 1749 1683 4216 6595 4624 6333 7225 3105 934 9448 8738 5033 8653 5467 2969 9841 5506 9769 5523 3231 8080 9725 4612 1070 6682 392 166 1905 2208 1897 3153 7538 3550 3611 9556 3140 3929 1878 2092 2407 9365 9116 7077 2164 9980 9978 9993 5708 6135 9186 9261 5565 1261 1221 834 7628 302 3489 9371 8942 2990 1895 3261 5105 4816 8324 8162 6484
1570 6858 7101 6104 9370 6635 8850 9017 5218 4160 8072 5773 1454 6904 2788 7580 6594 472 6713 7851 740 1187 5847 4667 3169 6362 3578 178 2914 9809 4319 3915 9874 3345 8841 9921 2647 1741 2235 6301 1323 7069 1218 2217 1520 6343 5963 3144 7924 8777 3061 2047 3846 2553 4798 2115 9293 2840 4652 6760 8260 9100 3934 3535 3756 5034 8544 8093 4871 6575 1434 8568 5949 9067 5662 4123 6151 7131 5565 9965 8792 2642 6890 8707 4377 2256 3342 3888 5325 8784 8243 8223 77 4507 4032 6415 553 75 9633 6536
6582 8047 56 5313 490 394 7561 468 2899 3235 1907 9609 5691 2309 2478 3325 9778 5965 3148 3082 52 6025 5612 310 3830 3444 4205 2456 4610 2486 8533 1640 7203 7581 1031 8882 4754 5901 5424 9589 7208 8267 4515 1693 6201 6575 7232 1684 8359 2504 2477 7540 2222 5968 8048 5150 5740 1545 2379 2217 5374 5108 4003 8681 9811 1112 634 909 365 5739 7692 7466 1801 9234 3346 6342 3951 1951 2337 3955 4725 8996 1413 6633 552 603 1914 6421 9198 1333 445 8102 3662 1697 1614 5987 582 1054 856 4207
9801 9609 7437 20 2522 2754 1238 3793 6516 3546 3832 1633 9178 5670 4365 7645 8379 9342 7204 6813 9817 9197 224 5477 1353 3579 776 7848 7745 132 5740 9299 7274 5745 7161 2085 7336 248 6321 9129 8373 5079 2853 4540 3967 7316 2458 105 7555 7927 3150 1798 7068 9068 1321 4500 8772 1276 5439 6946 1871 6570 8336 2752 6926 9875 7210 4255 9903 3820 1588 7184 7909 838 3594 3757 7725 8967 9117 5989 7780 6662 3273 6679 8335 6888 2512 8750 5492 260 2244 4390 1448 1684 389 9077 2125 3163 4306 65
11 74
9 66
