100 30 118686051
7354 6040 3724 5845 2801 1107 2613 7985 2171 7061 8360 3658 6644 1692 3117 7732 1305 6809 5298 7766 7233 472 2872 674 4217 8608 279 6533 1397 4612
5763 804 7095 3575 4653 3748 5338 4436 5249 7623 4439 884 1475 2917 1809 5990 6726 2433 9573 4645 2580 1084 1795 2174 1059 5403 2687 9947 1083 7419
5507 4094 5324 1298 6230 8108 6903 7467 9296 5819 9106 591 9201 8395 162 3228 9233 4086 2589 436 2983 2865 5474 8319 6533 4869 7042 5430 5534 5943
190 4718 4889 3536 4122 3993 6929 4358 5338 8836 4362 3766 477 2600 6275 6421 5614 6891 339 3010 666 7195 6201 6596 630 9874 466 4190 3587 7521
7332 7496 3385 1572 2734 8219 8746 5452 3573 7506 6420 1339 9148 818 4795 3363 8573 8895 2209 6338 15 872 4832 1776 2673 9209 2575 8442 475 615
3672 3947 8934 1491 9484 5090 169 5730 3693 8084 1182 790 1651 1231 6019 5144 459 9687 1642 1228 7572 5464 8384 7206 8025 6830 3023 4888 3757 5968
7726 7311 8907 4998 3043 6752 7495 8535 5315 6016 3371 7357 4231 9136 4590 6388 7233 6999 4806 6912 7794 6734 5631 1345 5518 6347 3759 9809 8732 2347
8828 4766 7637 9203 7990 2100 7574 2707 3357 695 1158 3122 1978 8523 3242 4758 4023 8965 1277 7564 4680 9623 3199 3835 3401 8099 9613 5454 2321 9483
291 10 2075 448 4929 7486 131 4409 9478 3899 3896 3667 550 1900 6797 8431 4728 9663 6674 4558 2086 2592 3996 9400 8895 8389 8664 850 9256 4299
734 4068 5064 4653 3518 669 2348 8642 5332 8536 6306 8331 2262 2362 4042 1624 1226 7643 8473 1196 2162 3204 9764 1789 9296 1122 7396 9169 525 105
660 7564 3877 6832 3721 3757 3808 3535 8955 9983 8098 5051 1098 6776 9436 9520 4445 5699 2731 6398 8642 1498 2172 8425 1755 1858 9198 8818 6090 1730
3780 4743 3426 7923 9745 4528 8730 354 3206 536 5578 7729 7657 1499 621 2436 1273 7499 9956 1766 2208 4694 4240 3221 2331 9794 3848 4966 5850 6090
7721 6919 3840 549 413 8629 1459 2090 6531 4799 6418 5793 1762 617 2627 1384 3228 1447 4205 8343 5712 472 2408 5854 4141 4964 6006 3728 7461 7399
5310 2069 8442 1873 1217 9936 9998 6786 4560 162 8076 2606 5396 5834 3503 4554 9805 9344 7366 7735 9956 6425 4784 1838 3595 8798 3647 2839 1536 869
1492 7084 961 7886 805 362 8960 2565 9477 2456 1230 5533 1528 5147 9938 6321 4815 7000 7951 640 906 5321 9236 2209 3432 4883 1339 9954 2166 6028
6125 5659 587 4571 7294 4461 3404 604 4942 7550 4189 9873 6048 9827 5184 3543 2105 2044 4474 1830 8282 4640 9880 5795 6885 1361 7485 344 9473 3632
5559 2416 6694 8555 7398 3927 8476 688 5885 3518 310 8787 121 7001 9846 6028 5584 1275 844 5697 9043 1902 1819 6593 154 6378 6446 4227 6268 316
5867 1060 9381 2915 3956 9468 55 5549 8053 8639 8076 3411 5513 1522 7699 3324 7903 9119 5382 5980 1564 571 6566 9801 1213 1528 5857 9284 8061 8028
1643 3643 9279 6709 8119 4235 6351 540 8405 4377 4035 3477 972 7537 3627 5586 3365 4765 3796 5779 6164 1794 6143 8350 8769 6235 2768 3039 8157 157
7347 8498 3393 5386 8830 4363 7029 6838 6000 4556 8849 6734 723 9531 5361 5969 9182 5869 6393 5084 9561 4015 6766 7828 675 5573 9903 7563 2290 2278
9138 4409 3752 1710 9323 9846 3589 5707 243 8717 876 6481 8950 3130 7647 1352 5173 1699 7072 9201 7567 7724 8903 8113 3873 719 9044 4387 5849 4349
211 7755 2594 8974 9583 6825 2827 2997 6237 6254 5815 1505 1985 2689 2898 1200 4868 9462 7645 8963 442 1717 4956 3973 4595 8635 5117 2796 7065 6250
3135 7252 5694 3309 7723 3585 4301 8808 9089 1462 2401 6312 9909 3668 3925 3447 8045 8000 4070 2222 5558 3579 1414 337 3957 2185 8280 8985 3819 9874
6942 4340 4387 3025 7208 1114 6359 7667 6981 7720 4343 5427 9293 9565 9248 3614 6403 6898 5434 779 7298 8433 1154 943 7755 8160 7603 1068 796 6659
2639 4855 44 143 6536 5488 4912 6870 7476 4756 1935 2467 3072 3998 6340 2424 7713 4904 5028 7327 5385 8643 3924 4238 4772 44 3967 75 4304 4881
3345 489 1606 6402 1017 7109 9678 635 8348 4339 9854 7944 5929 8067 497 3902 3201 8425 5785 7145 6991 3120 6030 954 1537 8335 8883 2059 8176 4880
8507 3269 6127 4863 6747 2102 6750 2236 9269 4313 1449 531 2828 4354 8640 8904 2673 612 4292 3269 1448 588 8890 8214 9476 3102 4411 2924 8759 7499
1608 3525 1658 9899 6694 8484 5328 3347 9539 6172 9845 2122 1283 7115 6413 7411 6721 4026 7683 5451 1975 1488 1699 2384 4212 1565 1786 4880 9059 7438
5756 6712 6536 4417 5686 2416 4045 809 4984 7194 8410 4445 9016 5136 6847 5489 4752 181 8211 6384 8476 7586 2874 7317 7842 4670 3498 25 7981 9596
6483 7348 116 1963 7887 1714 6017 5259 7261 6712 1722 9728 4643 4159 493 5258 3367 2512 2682 3627 1809 5604 7010 8803 7435 6897 4660 5806 5351 9155
5856 9397 9904 93 2678 34 1441 6407 8177 9435 7653 4998 6025 4147 332 868 2056 5081 8760 8647 9589 5086 5620 108 5740 799 3632 7788 7190 7946
888 2100 4253 4882 5560 2135 450 1631 9390 4899 632 1876 9402 6399 5806 8458 4556 7390 8118 4713 8072 450 1108 2462 7176 110 2110 2262 8017 3015
9299 77 2654 6938 6507 3715 3616 8997 7680 2168 7319 1394 4779 976 7670 6298 5132 7732 5676 1036 5869 108 3066 2747 4868 2383 4733 9787 4395 945
9626 2328 510 2891 9693 8632 5048 3674 8179 2618 200 838 4393 6063 120 2083 8605 941 3532 2528 3308 605 4885 517 1726 1369 868 5067 5741 3021
7329 3074 6179 8551 7757 8828 8541 2544 5866 9545 6706 3413 5207 8252 9983 5601 7256 310 9434 1066 2413 4650 815 6262 5768 5727 713 7037 368 1537
3664 7128 7981 8542 4150 9998 2221 7507 4908 1890 6004 630 7777 7366 3162 930 738 8087 4866 3885 4156 9262 7371 9380 4212 1994 1638 6929 350 8732
4979 4124 6245 8009 5536 6170 6035 7375 6196 3584 716 3846 4840 9631 1653 6916 1247 1899 2845 8522 688 8672 6767 6081 5082 3157 6069 7276 5949 8152
9667 346 5404 6586 9223 7764 2798 3440 5645 1947 4902 2966 9171 4698 4845 1697 4948 9659 2004 7478 4662 4806 6676 7969 3833 5601 1821 6362 5381 4025
8013 9958 8662 2055 5490 9914 4483 5798 956 7015 3218 8163 1059 1198 5074 9094 3572 4008 86 1809 6397 7221 4167 9195 1041 9440 9708 9367 4691 338
2680 4477 3912 1317 3988 2184 718 6352 4682 6859 4094 7341 3127 9141 7634 9289 3830 3059 1107 2741 1899 3768 8989 6600 1424 5338 357 6851 6263 5045
7830 9932 2255 7916 6214 7991 3823 3407 4782 1306 1577 5611 5053 4291 4399 442 7812 718 1190 5661 1829 574 2061 7850 8380 1479 5469 5863 370 1384
3965 9050 6105 6640 5058 9 1410 3279 1943 5389 9458 7298 2 2455 3521 6477 7938 6355 9104 6108 2072 8027 1073 2442 280 6890 385 6989 3620 273
3586 6712 7553 5192 2879 540 8237 2225 5871 9165 2784 1719 609 6633 7805 8113 5632 1169 4742 6829 9932 8102 5960 4042 9031 9993 2776 4006 4441 1130
5699 3581 3798 1727 9435 3251 4902 6463 5392 9902 7687 8603 4663 7672 5956 3416 6936 4341 1390 2291 6390 9919 3316 4217 1968 354 6880 2267 6498 3599
8390 7022 2818 6464 2256 1309 9013 6278 6950 8899 5493 6075 1294 9165 2779 2511 4775 8088 6947 270 5696 5854 7084 2330 6980 9033 3863 4061 8318 896
6917 4101 7919 20 1932 9889 8349 2248 1464 657 7467 5468 8752 3243 6261 7629 6705 2984 3104 6611 2063 3613 4045 1433 2978 3644 2459 7489 8697 9391
9423 7635 6237 854 5914 6934 8307 7113 3632 6306 1626 9754 1696 7346 4277 9491 2752 6784 1950 5312 7801 9515 5604 746 3924 9407 6072 1943 7371 6288
5250 4977 8870 402 3530 592 6950 1754 6936 7731 9887 8850 681 9641 4349 4748 8181 6185 4271 320 6772 2730 6417 671 7314 6029 3754 9848 3280 8364
2018 5091 6700 1005 7801 5022 2533 6754 2810 1136 9695 8087 2615 873 1453 2851 1457 956 389 3377 388 882 6435 3269 7969 9096 6319 5753 7487 1527
1572 9422 8202 904 6821 9230 1806 9433 9663 1593 4159 339 3172 7835 1909 3470 4948 8820 1277 7139 3962 3064 7277 5639 1440 6466 9876 7607 3124 2303
623 3026 6932 2756 3797 6525 3138 9326 3080 8710 1808 1437 2630 6070 7877 9133 3249 7564 9712 446 8647 6475 5825 728 3773 180 43 9253 6537 4438
5901 5451 1588 1658 8535 7537 3386 6340 9751 4155 2369 9574 3643 4538 6605 8126 3965 2745 9177 2008 9285 6666 4546 201 270 9347 5859 5556 6481 5548
8395 6501 1297 5760 6664 192 66 3435 4110 653 5048 8995 1696 6917 9102 6709 3125 4081 7997 9054 2728 9436 9311 5548 3014 1287 2936 4606 7456 8497
4758 1206 2893 5832 3124 9228 9185 8058 6384 3190 3157 2589 4555 9813 8903 1345 5384 7027 202 4358 8276 3651 2067 1852 7248 6213 3202 7231 3583 7700
1294 1729 7529 5196 4311 4323 1888 2139 3362 3626 6334 4091 807 6029 215 8580 6228 5627 5105 5184 280 2046 9719 8172 424 3970 4221 4059 7497 8033
4496 8662 9874 9003 1339 2641 105 5502 5624 2296 4148 7779 3860 9872 4671 8423 6952 7343 7009 5916 9311 337 4637 5081 1804 6640 8774 2209 35 78
5683 9052 8646 5604 3270 3305 3592 3451 1658 5555 2072 7951 2028 3944 2676 6280 2105 8424 4095 469 1194 5550 2264 2204 444 4366 2536 99 8895 2833
9893 1263 9286 7292 6377 2800 9241 6433 5736 1489 7721 5691 1006 7669 4543 8654 1487 7538 4830 5766 8735 183 5841 9374 7352 3540 9960 5429 4122 9773
8286 5939 3045 7585 383 5514 7451 4438 1979 352 247 6505 7857 7774 9928 2829 1211 8054 3162 5367 6341 7944 5949 8884 7424 6994 6917 1871 6322 5529
8349 8168 449 9213 1967 9822 3991 9865 6103 4727 5837 3218 2557 945 2646 5136 4233 8177 28 7186 6007 4313 8715 6150 9593 7596 1270 344 8178 4743
3576 2847 8745 4945 9950 1516 2255 3018 8720 6065 7854 5336 5189 2153 6843 2885 1387 9863 8915 8901 7119 4168 9898 5220 7431 8880 6113 7092 6701 5016
5190 700 8097 9592 9987 5455 2226 5319 9715 4135 9214 6522 4703 5930 9192 7261 2031 3600 7715 3111 5433 8762 5655 9512 5434 9996 2916 6688 4926 5976
6253 5235 5390 843 9316 8166 985 4574 3345 6203 7195 5552 4804 7854 3310 8637 7096 4913 210 5349 1196 8453 6171 8369 4790 5225 5834 6799 6079 4736
8297 7691 5160 5934 8195 4358 2566 1678 5048 2350 1401 2686 4144 1988 5878 8875 1308 2313 4 3572 7792 259 208 265 7972 5200 1180 7379 1512 8674
8082 1817 7102 1686 7233 28 4845 1261 7391 1753 4918 8869 7014 5548 3301 4037 6854 3978 2873 8626 399 9674 1176 3599 1976 7708 9671 8788 673 8038
930 8382 9430 2981 7607 7895 2668 2001 4188 4121 3509 7577 4522 6278 1780 4505 6998 5864 344 5194 3607 3562 2617 3230 2451 2482 4893 722 4226 5196
6771 2803 2004 745 4074 4862 884 9516 5166 3767 3148 3463 4720 4449 4587 7395 5954 7316 9304 204 3424 4649 8026 996 2828 4203 2053 5967 905 4503
7425 9835 2811 9732 2903 8192 4170 8827 4808 4225 4008 125 2207 7802 6995 9856 824 7030 576 9687 6606 2679 503 7389 1763 251 2414 8162 6295 8290
2342 6242 9294 8053 3743 4072 6260 8101 1420 4720 4896 6425 2849 4528 191 9328 9494 1364 7543 7333 6436 9295 7814 4804 2555 4235 9090 123 202 8835
2775 4202 6275 7458 7092 3222 1926 4682 4286 8965 9297 996 7916 1400 4651 2726 1529 5256 5607 7336 325 1942 3274 8592 5742 4666 7871 7067 8095 9399
2497 1030 3230 4446 9115 8449 353 2212 5952 9351 7666 6359 3821 2103 7949 45 548 2212 3919 4338 4082 746 8567 5432 1468 2866 7091 350 7203 9301
4173 7630 8609 9085 5817 4987 9373 9443 5031 7386 4118 6405 3128 8763 3239 1338 7506 3582 3671 4277 9349 4526 4060 4548 422 9869 1594 7680 586 7946
7118 9066 196 8549 4595 7564 9730 4906 1532 8664 8444 1326 8926 8473 4908 1540 2448 9710 3773 8661 5860 8046 9048 8030 9697 2069 5119 3162 4962 6468
5838 4697 9928 4146 4874 5756 2884 5654 2882 871 201 9402 8274 6688 1338 6179 1251 5512 2582 5307 2994 348 9724 7991 4826 7026 3539 8716 7835 7880
4324 132 6390 7991 9092 9804 120 5695 5800 4188 3657 3130 9760 5569 9308 375 3730 2932 9200 5327 6357 3298 5339 879 3371 145 7109 2620 7302 1832
2547 3133 3788 7629 2619 3549 5296 4426 7540 9063 1748 7539 1291 9884 6607 776 1135 5890 3963 489 8666 9754 8673 5089 8132 4211 5183 4750 8154 9756
2862 1991 6691 9244 3060 6048 6603 7378 5925 35 600 4311 8091 2706 6506 9171 8930 2996 375 8794 6488 4391 4052 4452 1617 1950 4095 7752 2718 5431
5966 4704 2746 3866 1052 8210 676 8444 5656 5377 6807 7254 7674 9953 8354 4568 464 9115 4344 8036 6678 6191 2918 4350 6902 8930 587 7287 6042 9724
9334 334 6441 4034 3093 3842 536 4283 1626 2878 3016 6064 3939 702 2209 4521 8362 2337 6434 8438 7338 474 6961 9398 993 9404 5108 1906 9755 6368
6706 5001 2372 4003 3194 163 4012 2195 2810 1181 5344 2555 9232 4501 9746 5266 6501 212 4718 646 7528 686 3758 1483 3948 6914 3770 1830 6145 2564
9901 7641 2912 4551 7424 5561 7796 939 8140 1337 7517 7463 2870 4107 3842 1180 6290 3065 2605 2511 9522 202 1051 4004 4109 3885 6359 6400 3472 3339
2714 2176 4978 1014 7999 6041 3272 5905 2942 1672 348 1247 8662 9499 7775 5456 9905 3553 2790 9198 7783 725 5137 3401 8028 6687 9784 7317 7512 7337
3349 9736 9106 9700 3116 7890 3869 6076 6453 4001 8907 1505 8970 2105 945 9751 5502 5299 1556 5367 3470 1115 6047 9088 385 5343 7968 3266 5693 4005
7928 6494 593 6832 9447 1190 3340 8930 5625 4643 7186 6294 6299 2010 9621 9615 8251 8267 250 9659 9481 5460 2731 6361 2002 3252 7353 2422 4581 3640
7489 406 5564 8929 3042 7464 2263 1768 2763 5914 3089 4887 3146 2975 8309 9457 8790 675 6605 4960 4060 804 592 444 571 441 8800 2351 8223 3350
9650 4849 8295 2905 7142 4541 1587 8687 4052 2310 2189 1924 6707 3121 6866 599 5357 4681 5116 1783 5389 8211 4182 6301 4077 2903 8368 5530 3551 5907
3853 163 3245 1372 8067 344 8208 5792 5747 1505 8693 870 1752 7172 4345 9334 9403 4479 4932 3393 3325 586 1414 8809 7279 1920 7284 65 1935 4575
1185 4696 349 1374 2228 4922 1724 9682 4469 6609 8957 6648 7318 21 419 5976 2578 947 9152 8985 9782 4220 9561 849 315 4398 8065 6035 974 5925
3808 2408 6716 1992 8613 9713 3822 5812 8451 605 4587 4501 4621 502 4192 2449 4305 3626 3548 6621 7187 6851 4095 8399 8749 8655 9527 3333 2743 7025
4376 7631 9475 9663 3296 4654 9909 9257 4433 6392 3026 3978 4886 7553 9407 9257 4516 6355 3733 3731 2817 7073 9559 7777 1737 2919 9082 211 5659 1538
8085 6152 6143 5336 1092 7714 6968 2331 1799 3333 5651 1738 7997 6920 5221 1350 6189 4137 9051 6053 8521 7767 9860 9263 2220 9063 5556 7007 5595 299
3243 5567 3837 9098 7210 9673 1908 418 1234 8795 5510 574 2630 7463 99 4375 3384 877 6301 1180 9288 5725 9629 4133 9687 2596 1314 1852 4207 8189
7772 9211 2922 7581 9291 2176 6312 9195 6009 1902 1836 5037 1702 5004 4426 3360 7583 3745 1284 4861 2305 5699 475 6386 9043 9834 11 9276 6589 2031
1819 3133 1505 3821 6983 2416 4694 2679 9644 5276 4036 6167 826 8032 225 1867 4516 9399 7415 3973 5256 1086 1213 5057 8283 5578 8032 2878 2642 5734
2920 2850 8067 4643 3886 8396 1964 7949 8118 673 170 7546 1470 138 6383 3047 2666 261 7845 8405 6489 3148 3327 4255 527 4939 235 4734 4600 448
3672 3851 8380 1918 8380 8379 1574 5367 8872 4864 6914 7312 3204 3670 5048 2759 9260 9170 9085 6146 6455 7554 6471 2151 9346 6369 3106 494 4566 255
5772 8237 4717 7180 6161 4866 6695 7627 6152 5334 9282 1083 2479 5343 3105 6753 890 6294 4628 6669 1172 621 6498 3664 5264 9750 668 8430 4529 2853
7336 4451 464 2933 2173 9073 8906 3067 4849 2299 4025 1418 3537 3677 8343 6017 6805 6642 5857 6752 8265 5875 5199 2672 4593 1277 303 4599 3043 8337
6882 3160 2578 9934 7666 7775 6043 7309 4766 302 8035 7174 8494 3701 4264 9878 7608 4697 104 1879 6397 8377 6065 3218 3898 3692 9224 5986 3309 4922
176 7183 692 4491 6627 2880 144 3426 1967 4874 4510 2486 265 10 1961 3482 758 6284 1481 7443 9029 1919 4255 417 4754 9866 7744 8211 8790 8874
30 7
63 5
