100 100 268343360
6709 5881 851 7020 8693 265 3157 180 7946 5741 8103 9133 3834 169 8138 4161 6873 7538 841 5359 1070 891 131 7097 4996 6769 2268 4248 3218 8081 1058 3028 4344 5386 6658 9293 3264 4856 7161 4860 3088 2073 4561 3903 8581 3192 5772 4459 6923 5828 1407 8151 4410 3055 2674 432 7587 359 8155 1217 449 9895 9925 9009 2380 3937 1615 4711 581 6216 2494 7505 5630 8305 1711 5707 6347 2465 878 1368 9073 3112 9412 1125 4184 720 785 9063 4114 9151 9471 3568 4510 1071 8150 962 8802 1741 2142 5707
9559 8807 2734 690 2513 5975 3404 4899 4575 3677 7729 4312 3686 8369 5346 8682 4269 7543 1475 1168 3699 9475 9920 5375 1315 7876 4438 1790 1825 6685 7038 5688 3748 8191 8300 6221 9937 8356 8542 2908 2236 7509 323 8365 858 3060 263 1450 1059 7032 6521 9778 659 3584 1670 4470 3464 1360 9645 406 1625 6176 9385 8754 1957 6165 4080 1443 533 1743 4119 3449 4706 4505 353 6916 5048 5042 998 4959 4700 342 1201 9832 2085 900 214 8787 3343 262 1139 7735 2264 8057 6752 685 1171 5446 5410 5167
2186 2800 8644 6772 3532 9518 423 3417 4933 6360 7927 3002 1778 4075 7990 2100 1778 4865 5905 1408 6121 8425 7984 9284 8610 9797 3363 3979 6216 45 9025 2501 1701 2251 8335 923 9234 4666 8643 5248 487 3151 5701 7565 9033 6663 1751 4866 243 1930 4568 7269 3230 7078 5296 1702 9770 6262 8643 8386 3281 8041 4034 1934 8277 7244 1814 5351 4453 6165 7965 8132 2432 2170 5051 4325 9428 8270 713 3311 932 8456 4441 2208 8135 7666 7371 6962 7194 5973 4906 1627 5034 298 49 1147 5563 7888 8517 6084
9296 3683 4771 4989 3963 4189 2250 3848 3951 3590 5569 7774 9516 5925 3186 800 8104 1669 2460 613 9763 911 1522 3818 4610 9261 9933 4155 81 2954 7011 6709 2468 9375 9260 5563 1194 1051 1442 80 3777 683 9279 5129 2416 4965 4362 6729 6898 5523 1338 9561 4676 6642 2080 3295 7949 4280 5155 684 193 8681 8590 1313 8212 203 8637 112 4242 2937 9849 1025 4423 8948 9991 8912 4249 5265 3843 7668 8330 8151 4012 6065 4891 9693 2873 2579 4136 5153 8811 2031 7107 8502 2838 1934 7727 1235 843 9426
5039 7775 1798 7887 18 1056 8339 6714 6248 3526 9119 8077 1965 8450 8542 105 573 6282 3824 6749 3252 4511 5812 5561 3664 3271 6921 3642 2280 547 2497 8679 1697 4223 1505 6260 1481 9540 9395 2542 7302 7067 2209 4140 3534 1275 4466 1221 1094 4224 8381 2809 4801 743 3495 4916 2153 9173 1565 9088 8348 9922 3303 1766 6081 4566 832 6930 7777 2546 2265 8225 1337 8649 3766 8664 2707 6307 9308 573 880 6481 8436 1398 2404 6531 629 1793 2060 5975 4689 8544 3240 8555 2617 9813 1069 1791 2775 3973
4704 3422 3637 1718 7738 3440 3147 7046 4956 5416 3666 7936 2102 6342 6186 4263 5897 7437 8367 2990 4291 9488 1759 1608 8560 6914 1204 9865 5848 7822 1344 9095 3570 2161 3538 2984 2417 8911 3971 6689 4512 107 4056 635 3336 364 4207 440 8733 8462 6144 4019 4119 212 5939 1568 3585 6004 4487 6730 8582 1853 126 7212 976 7224 8473 7092 2223 4860 7867 1953 2790 6294 9537 8226 9525 714 8 8504 9274 152 9576 8149 7155 7654 5587 615 300 2887 3850 3927 9770 7281 7499 5956 7049 6260 8179 9242
1678 222 5820 5111 7471 9597 6105 1915 1487 5868 420 1063 8602 8400 2026 8795 7879 797 7901 8374 9767 7526 3581 7684 7560 8271 2874 741 8748 9023 8207 7473 3376 3861 4514 1790 7189 74 1672 1195 2258 8577 9181 8153 6266 1408 4561 2501 6885 8450 4652 9526 8316 1301 8181 3753 7781 6640 5039 2818 3019 7777 6944 6759 2776 1358 1038 9061 676 8459 9273 1357 7722 2649 4614 3332 4286 3390 1699 9818 3957 2671 809 6664 3699 5291 8126 9543 1912 1189 9668 7139 9 5754 6004 2887 5142 6739 4477 4859
8233 1627 7176 1282 8582 3659 5449 8680 3238 6926 2528 2724 584 7575 3440 9593 5651 8503 5954 8328 8601 3710 7552 8125 1771 2952 2744 9875 2195 3643 7219 5714 48 2358 3578 3808 9875 9823 4832 8116 6542 6641 7298 2515 8571 6951 3347 3986 9830 5879 2888 835 1960 9499 9143 441 9721 3812 2243 6196 4366 3413 1341 3958 5307 5970 9836 6605 1173 1576 5578 3862 4317 8879 9951 6776 3455 3038 7345 1385 6161 2568 6182 1848 6973 10000 288 7350 2934 4696 8536 5691 6142 348 1687 6579 7148 3712 6680 8288
3664 7151 2354 1519 8521 6583 2553 2619 5127 5236 1508 6251 8324 5577 346 5319 5897 3445 3570 7879 9497 7230 5556 7736 8594 6253 158 4951 8231 206 8087 9637 4476 700 487 5839 6799 1052 8327 1440 1644 5458 8274 5350 4907 1606 2625 6981 6620 1357 4046 1474 4415 7601 95 8255 8920 518 1564 7434 4889 908 5557 6105 8074 7202 1819 5755 6690 4976 8455 4543 4346 2144 5796 2154 782 9922 5611 6189 6977 5898 5585 8933 5288 6498 3266 9303 8512 9061 1910 3106 5992 3901 690 2689 9184 6404 9081 6619
7905 3759 2182 6310 3075 641 3785 3840 1189 3355 3081 3657 2412 5760 2033 4084 8433 6110 8413 3407 8559 7005 5901 4972 8255 6293 7687 1127 1989 4852 4969 4514 8646 7954 6321 2461 3729 8022 8198 3716 8188 6338 6589 3840 4058 1020 1539 6022 5386 1894 5226 1473 343 9507 9026 9836 9076 4888 3397 3099 2480 1675 1702 7051 8190 6132 5590 7978 9848 1226 2295 5883 1245 6125 6999 7663 1321 5254 1464 7814 2509 78 5150 8762 473 3169 3117 2100 6876 1269 5405 1713 8604 441 6417 8918 4535 9804 8324 4492
8278 1835 5104 3816 3420 8717 7804 408 4073 8602 5641 6093 6457 7237 6105 7596 8424 4637 4084 8643 769 9118 2547 3131 5158 8446 367 4896 6125 7251 2266 5343 526 4807 3156 2322 7753 8904 3202 4137 1789 4828 1940 1466 310 1895 6777 3718 1226 7365 2797 3790 3463 7495 4760 6158 8363 8110 1835 898 1311 4564 7547 8606 135 1656 6555 8182 9022 246 9763 4915 7460 4839 8278 4238 2954 2082 4052 6941 4192 5218 9288 4138 4619 2864 7610 2759 5522 6924 1660 5917 3374 5518 4745 9746 7321 4025 6793 8283
8465 1115 8584 3047 7314 8454 230 6284 3055 2121 1422 2666 4721 2265 8578 6308 5128 9783 6644 1447 2428 6895 3938 7637 2285 706 3174 8687 4155 1580 3498 1950 7599 2894 9793 2092 5810 8204 9518 8686 9609 9938 8915 5703 4015 8472 1939 3866 1110 6825 3336 5721 1739 9220 60 5985 5543 6182 7000 742 2630 1087 8207 5883 396 1054 2955 8954 2505 1848 7597 2323 1393 9633 3949 6539 8342 7890 2977 1638 7421 87 672 3283 3755 8386 9603 3226 6028 6670 9800 4794 6641 4908 6494 6756 4343 6898 4839 871
8215 1033 865 2904 9339 7485 6908 8117 7732 5624 3442 7695 9433 9511 7975 8983 1266 8279 6359 8104 7635 9565 2161 2851 9007 1371 4082 646 9569 2494 6409 6861 7664 4825 1545 3767 1071 6792 5560 5757 2513 9593 9455 4424 1438 446 2985 2356 3628 4411 2985 9335 1571 498 6092 3198 1086 9012 6365 5309 1040 1954 709 7284 8537 8766 8073 9812 1169 5704 6794 8739 1945 7940 2524 7076 2579 2778 3491 1625 9078 6768 873 5312 4001 3546 2301 6123 4727 6264 2595 8445 8436 8934 9395 415 8665 7332 2158 2942
3078 4882 8554 9374 6436 494 7873 2552 2211 5500 4582 9347 4029 4648 6860 8999 4127 4751 1725 9221 1208 6742 157 6843 4398 9657 1538 5644 7949 7585 9715 7937 2346 4873 8014 9476 6700 23 2733 2934 9997 9059 3092 1554 6125 1492 2535 8215 8588 9633 9379 4104 8991 9246 8909 7509 6333 5597 8165 113 3930 7347 3223 9347 4828 4597 8710 9014 589 2310 9941 4072 1226 8964 4190 2417 1178 4348 8022 1399 7476 8775 1893 3398 8810 4369 1195 7007 4621 6844 7450 4037 4036 9868 9114 5848 7071 6659 7448 3394
523 9963 7388 7205 5165 8476 1544 5374 8195 7634 6557 987 1140 6144 6438 6716 2565 7678 896 7462 2666 1026 2321 6011 6662 4395 2007 8652 5075 2785 6328 6104 8705 326 9460 7066 867 3330 552 6010 1072 5049 2052 163 9205 2330 6064 4208 4908 5917 3559 35 2380 9468 3142 3042 2205 7569 4952 3099 7612 6445 8218 6268 2489 6909 6869 6668 1457 8002 1465 3919 4418 5262 1248 1247 1864 3366 8463 8807 163 1056 2270 9723 9246 6529 7063 402 8774 9883 1659 3136 6512 6047 560 6393 5275 972 9772 2644
5237 9074 7002 9105 4567 892 2668 7863 9086 3410 2893 9302 3679 1750 5388 3883 3904 8747 7686 1749 4752 1617 3629 1597 8203 2905 7435 795 4729 4924 3861 9168 634 5359 8160 4807 19 5080 9376 4031 3163 2855 1607 4594 652 139 8194 499 1083 4703 3068 5595 6835 2845 1677 776 8778 9703 4535 1837 7116 4733 7471 3004 5963 9983 9145 8141 774 6648 3759 6868 3210 837 3175 5596 5085 1158 4032 5850 6113 1455 2821 5923 5547 3328 3616 4476 2616 359 7085 4859 8941 3926 5448 4613 3172 7142 8845 8483
7744 6251 6377 4846 6734 9792 563 4711 1307 7105 144 4496 3028 1837 5699 4920 6230 9880 1488 4960 9627 5421 6867 3141 9757 8113 5955 5665 7516 4536 5816 1261 4910 3540 9964 1430 6828 9649 5428 7266 3308 5020 4197 3321 8717 276 4296 7269 4209 3183 9138 3168 5346 7581 291 4407 2261 9478 8217 5435 1194 9707 3688 4436 8594 8055 9672 5497 5905 4272 4573 628 1932 4973 3276 8314 7553 9927 6196 5254 4241 2113 2324 9717 3805 7558 5339 3999 5473 2417 5524 7576 4917 9966 8252 831 3545 3234 3954 5557
6837 6714 7608 3461 4598 3464 588 1359 5139 875 2412 4416 8485 4857 5651 526 9748 5954 3 9497 6464 6657 1040 3722 7579 1086 7311 2356 8447 7554 9679 1942 6684 4172 7568 7318 9109 9368 8615 1783 6852 5712 3009 8251 1547 1487 2497 143 3353 1158 3904 6983 7147 4152 291 9364 981 8155 5608 803 3826 7708 5737 9704 4443 3083 4507 7237 1782 1748 875 7698 9385 4309 8244 7426 5176 104 1131 1089 5725 5831 8930 4470 7822 2799 189 9155 2765 9514 6840 5881 5767 5329 1107 9878 4447 1609 2951 2584
4204 8968 8056 9367 2799 2993 1486 8952 7584 5622 4124 6082 8149 244 2037 6622 9200 2934 6059 2946 1 484 7241 9506 5307 3364 4626 9230 3639 2276 9416 7164 866 7642 1695 8077 4538 3897 900 3469 3008 3245 3186 4500 2186 1790 9702 8123 362 4195 2202 5766 9479 5658 6611 3214 2768 2542 7160 7584 3424 4626 1782 9783 6691 2485 4984 6972 1644 1322 9248 6278 5114 4456 810 9299 3635 6276 7249 9167 9251 3116 1962 1540 2902 7700 6583 265 9465 2727 5486 8281 3636 9135 5780 2808 7875 4200 9971 1361
9958 5556 4702 6414 3317 1517 3494 1322 8783 2195 5580 2462 2202 8377 9548 7386 4893 1678 5780 6250 6696 2815 7270 3316 6268 2557 1926 51 717 3067 9464 9574 3565 8430 4280 842 4001 2441 7821 2727 8035 3236 7153 9834 5334 729 6566 3229 8764 4739 3698 3911 3768 9213 6363 4677 8327 3619 9681 7880 6587 7944 1071 8576 8165 8162 2258 9991 2305 4481 9206 5298 6334 2641 91 3087 735 9970 7011 1592 5722 5837 9603 5636 1402 3017 1077 8053 2852 1552 483 3434 4525 1178 8743 8278 9527 6380 8754 7748
5367 1760 8159 3853 4334 9326 7552 8309 4789 7760 1943 9018 743 2618 1454 6857 130 196 8447 5057 1959 4353 6892 8303 9942 1059 1465 1678 3503 8829 1392 4049 7725 3351 8515 8955 217 7900 8610 2160 4938 1851 7654 4090 4728 6482 8508 8979 2616 8762 6625 9926 5453 7686 8198 9839 3656 5439 8776 6019 6998 6250 1938 7451 4894 6153 8745 1364 2995 3188 3584 6511 5476 4357 7707 958 5588 3051 7679 8191 1302 4623 7132 8844 4178 546 126 3760 1811 7166 5273 7300 7081 8738 5172 2244 6527 8548 5702 515
823 1608 9960 2477 7791 1535 9802 3534 9776 5432 4589 9722 8564 568 2564 2784 5979 9512 8364 7556 7795 1367 7694 8785 3432 6153 3783 2466 4144 1518 1027 573 4090 8438 7156 2959 9267 3470 2139 3349 7509 3113 7356 2988 6631 7377 3829 4012 5051 8834 5259 6158 165 8421 150 6529 2737 9992 620 6334 7984 3095 4265 3902 8107 5518 6094 1935 7502 9550 4391 6456 6632 1203 2589 8503 8921 8103 883 5239 3988 8665 6886 7454 4900 1786 4164 518 2495 2489 4220 2968 523 4737 4740 7848 4628 813 3537 9371
6018 6090 7742 8305 5315 467 3535 2541 8427 7322 429 7618 7156 5617 9592 1523 7311 311 3044 8008 5271 9439 7242 4691 1875 7857 4772 695 9381 5345 2991 1886 9876 1498 6695 3526 9673 2125 6021 7654 3190 1678 8675 8741 6557 8507 9019 715 9608 3063 6286 2028 5477 6 1339 5098 6488 9707 7820 6631 2628 3875 2252 2685 220 7413 4288 1201 2962 1513 6030 7583 1441 3454 1208 9754 1123 3607 7100 5307 3970 3949 402 1795 7718 5363 3089 8810 9080 8651 9350 5639 5985 8403 6390 1617 822 2790 5082 3801
7742 4593 2588 2838 2346 1698 7669 9265 6889 7889 230 2289 5849 1105 5426 1237 5260 3493 2295 4959 5157 2965 20 8509 4648 4961 6209 4284 6729 3992 7268 4467 3089 3183 6855 5112 470 9790 6041 6491 5632 4345 584 4021 8931 7173 1664 4065 5109 8080 1605 4943 6942 9571 8129 3578 623 4107 4036 82 3840 3514 5110 6277 4434 6097 7437 6855 8206 8523 3398 5924 6741 2219 2168 6770 1830 6479 7239 3621 9638 3272 6546 9206 1982 4680 7629 4552 2888 9687 9461 8300 3868 7305 2854 6870 9997 3793 6809 8516
4046 1384 7038 7600 4043 6138 3920 1424 5480 9544 9873 8082 7707 9244 589 4666 1855 9434 535 7491 8551 8453 3681 373 3916 3013 7173 1870 4492 4371 4081 8884 3450 4257 8764 9371 9091 8140 2294 2717 3530 7924 6547 2023 8906 5496 7131 5058 6068 6585 8992 9292 3441 7599 5430 2611 6941 6090 1930 3949 6798 8332 445 8810 8793 1314 856 7609 3569 8972 9560 4162 642 5748 688 1143 8620 8498 8019 9648 3164 9045 6489 1050 1741 3149 7789 1448 2183 2913 5589 5124 7871 6803 8895 8073 5594 4034 3547 948
7242 6835 7569 7054 6723 2833 4146 6922 2657 3962 7740 5180 8982 3573 663 6836 1756 1675 619 8248 2383 675 7427 9514 867 3219 9722 9404 7110 4971 4489 4243 3 741 2054 8705 3966 1157 6386 7097 7723 4488 4056 409 9555 7471 9549 3665 4224 5568 18 5543 6242 18 1082 9157 2022 6557 2816 2703 1486 1516 4919 6768 4328 2515 8778 4951 4592 8029 1448 854 416 115 6191 8155 4266 8284 3387 8779 7654 6622 1510 7503 625 8481 1891 3668 9997 5311 6013 5293 6052 4894 4176 6498 4285 6864 2724 514
2406 1031 3805 2433 3755 35 3740 9108 7149 3896 101 277 37 8392 7356 4728 7 8256 4104 9887 8417 5619 488 4869 8646 295 9378 4824 9111 3673 532 983 3350 8207 3963 9617 1492 6696 6377 174 8515 806 788 69 2354 8254 3363 2482 2034 5312 2643 153 7705 954 3811 5635 4111 78 7108 7672 5887 837 865 1495 8829 4210 9130 6317 4393 8554 25 1240 9341 6887 3135 5148 4431 8787 7761 3150 9788 2280 9696 7070 6731 8445 2905 1669 7389 306 5976 8908 9010 8704 5391 1584 1788 9394 5300 1679
9864 8826 9620 5276 5926 7046 949 571 4695 5863 1132 9037 5082 9809 2512 7695 6633 2675 4294 4171 6926 5348 872 2227 4164 4554 2087 5364 1033 1787 6567 3790 725 4446 8460 7163 9082 7588 8603 9971 4945 4472 7143 9588 928 5015 8863 4238 491 3694 8935 9679 6556 4174 3988 7090 1389 7534 4536 8861 8694 4432 2663 1019 7878 4037 8122 6687 6755 4775 9001 2846 6834 6020 4945 7442 5042 8136 3033 7535 3940 6241 861 3496 419 8713 5432 9450 4125 7220 713 5632 8690 4262 7381 4210 424 9605 880 8469
8859 7934 8890 3940 1931 1945 9287 3586 5522 5551 8216 6242 1203 1410 2360 2534 9155 7724 9285 6569 4067 6798 9653 187 4610 6192 6446 8585 8763 9347 2822 5387 5421 8899 8378 9901 850 4270 8007 2284 3402 1230 2461 5822 8922 1430 9753 3189 7387 5935 8640 6717 8732 6970 8170 4323 4221 8809 9898 6448 2474 4119 9923 1956 9992 6110 9511 9573 3748 2974 4388 2830 9460 8136 2639 1998 2377 7903 4022 7137 3805 2361 5615 4754 4559 3594 7627 8676 8626 8735 9166 8888 8699 9736 2432 9179 91 9634 1933 3548
9216 2684 955 4850 287 2528 8232 7404 8499 9406 1997 5988 1428 7129 1242 9332 8434 8367 9723 7193 4567 2673 2775 4773 8278 3977 4186 9832 1918 5205 5731 7532 7208 7809 7977 8640 2190 7343 2347 5078 3310 4079 7207 894 8620 3773 7368 8820 9779 7051 6911 1931 3331 4108 5482 81 3912 396 7451 4703 2224 2504 19 9395 7885 5916 6263 9662 2509 4513 3462 1366 5682 2776 2938 8719 8441 4649 4858 7255 3406 8593 8478 9711 7198 2593 9292 8783 9917 9004 979 7247 1252 1202 8629 5852 8832 2610 2309 8659
4753 6809 5234 4004 5934 9383 4472 8885 5767 231 9308 6258 109 184 9753 8475 1622 5878 517 7821 6888 2804 2503 7669 8020 2724 7687 3591 2401 1381 7199 2346 3842 548 4020 2525 2368 61 6771 4396 9770 3357 2469 8076 6613 2313 4469 3257 7970 999 2599 3123 1900 4790 2726 5584 8077 2081 2235 2662 4355 5004 3326 4152 8266 518 9737 6751 9734 2 5641 8081 9589 7350 2655 5438 2496 9873 5756 3762 8643 1416 7005 386 8283 7516 5418 6143 7319 9814 4356 8827 4318 6846 7804 8169 907 6856 7728 1555
1679 6368 8257 5676 4194 8034 4115 6530 9163 8872 7282 1558 742 1602 666 4809 5921 9748 7353 6467 3511 8763 9203 1132 9770 6895 1299 993 5438 1116 5861 7286 1113 2612 3703 1675 8694 1246 6023 3192 7287 5172 3502 9051 8833 2889 4362 578 9656 6018 5769 3161 8771 7921 8096 4477 2099 4488 7172 4015 5175 3534 5481 4131 1783 9179 3736 8729 2039 4405 6511 5657 464 2388 9058 9994 4106 7663 1427 8822 9418 8939 2992 7426 5754 1998 5456 6157 1627 6037 5903 6004 7403 2166 1960 7305 9744 3552 1143 8234
1470 8668 1029 8493 2035 2154 6781 9525 9688 243 1642 1985 1484 502 877 1153 5667 7256 2041 9326 2824 2049 7644 9096 4386 5351 9607 1378 2359 1178 7268 5072 2372 9593 5621 7109 6517 3685 8166 48 1322 4179 1136 1628 2762 5015 4910 2851 6281 7611 4591 3664 611 649 7749 471 2164 3189 7812 1182 8886 1375 4986 858 9000 2572 6308 4833 8738 433 9452 6960 9345 6705 7672 8552 6528 3187 8253 8176 5634 8919 5525 5158 4379 3521 3803 5306 9846 2893 3043 4630 1122 8400 7996 4617 3854 8185 8446 2042
9310 6850 5272 5268 5452 4779 6879 110 9980 6047 1191 5418 5453 7137 5029 5696 4272 7620 4842 6592 894 450 3614 9487 3404 9401 8139 8583 63 9882 5055 6914 7240 5602 3537 374 3740 9176 8738 2952 310 1065 1695 8996 8241 3493 7576 2253 2800 9990 41 8242 3392 8667 5106 294 5007 9192 5625 4568 6282 3050 8167 4641 9489 1589 647 2395 3691 3095 5375 4764 3418 9011 2437 8670 2581 601 6662 5412 2699 5360 1313 2136 5213 8349 6119 3185 9054 7217 6040 1917 2568 977 4985 2740 2342 780 7708 1026
8196 5442 3102 1025 726 7238 3248 7805 1681 2343 7547 279 2319 4936 9165 2646 1644 1586 1720 2429 2603 312 6630 9917 3599 5487 6733 2334 6616 5780 3992 8608 612 9759 4416 7424 7699 7101 9703 4158 9936 7933 2926 7152 3552 5294 7665 7414 7199 5184 18 9937 5613 2757 5309 7031 4691 2563 7470 4327 7785 4362 8366 8466 7253 2813 8172 7520 3531 1058 1685 4143 5492 7635 9877 1818 187 3391 7342 1136 9852 7846 5738 4648 7089 7008 7166 4553 4963 6129 153 1140 4494 922 2916 6410 9775 8968 3452 3263
5010 7301 5482 6115 7437 5583 696 160 3376 2156 6028 2725 3347 315 6558 8121 3749 4862 9145 551 3723 7864 1949 9004 2884 4158 5050 8640 5341 5567 1964 4647 1693 9512 2351 3638 3369 2148 723 2341 4849 7665 311 1258 9571 7315 2190 9357 718 912 6080 3050 5563 4424 8469 5604 6839 3284 8560 713 9755 122 5378 7100 410 7545 7994 167 9929 6178 7600 9287 4532 4693 6296 9436 2391 9081 5236 1455 4422 8167 6864 66 6937 8432 6036 7410 6971 2391 4620 4467 4617 3359 3047 2484 4205 1214 7830 9765
5416 6720 9906 8130 2806 4613 4592 9681 3019 3855 5382 4579 5818 601 8426 4782 1040 406 381 924 2502 1077 6770 4468 214 8786 2319 8148 2484 4248 485 9496 9528 1307 7584 555 233 354 5711 7447 5334 6505 2688 3044 7124 7212 4512 2363 2405 8137 8640 3800 1810 3245 9065 4649 9877 4735 4097 879 2874 3721 7194 1416 3673 4208 2104 64 5698 9148 621 6651 7907 2695 3489 3857 3212 8194 8190 6062 3491 8642 772 6621 6575 2572 6213 4605 8750 4811 2317 6075 4770 2921 2362 185 5705 3286 2714 4626
7016 4598 7349 1608 3118 6515 5116 5531 1164 6852 2883 6539 8682 1608 1529 3964 1750 1289 8881 4158 8987 1911 9216 196 7915 8788 101 6168 2961 9289 9878 7871 4964 2902 8002 2736 3631 2958 7347 4023 276 246 1795 9775 8097 6909 4963 632 6442 6517 1028 2529 7284 2221 1880 1144 818 7229 3509 3636 2274 3869 5035 9951 8150 1869 4597 4787 4102 5071 8971 2240 8896 6923 6863 2993 4612 7218 2722 559 7228 6410 3672 2572 1418 1891 9521 7248 4443 6409 550 789 402 7822 1236 5212 6451 8185 1532 48
3806 2233 2282 9939 3511 2319 9573 5461 6830 6096 8905 1822 1327 1964 9102 4279 8549 1373 6912 3217 6447 1377 2932 564 1134 6276 9819 7394 5442 9739 5756 3102 9232 9151 8719 6238 2899 1579 2123 9151 4403 6752 7215 7310 1615 8527 2744 4669 4130 5081 1325 4671 8619 5106 3561 1719 2251 633 3617 8962 3587 8983 7553 1845 1411 1076 8593 7869 5032 8189 3033 8803 9360 5246 2090 4957 7365 9183 9381 7589 3617 5086 2149 8553 7535 945 3791 9146 849 4464 3686 5270 750 1033 5889 8818 8856 839 6633 9671
3459 4862 5606 1681 8201 9258 278 5345 347 3868 1257 5251 1624 2402 9177 8863 4566 6018 9062 8693 3354 3229 5325 9133 1540 687 3349 139 3506 4124 6488 3404 9556 845 3262 6431 3035 8437 6887 2222 5189 2648 7025 2497 9752 5252 44 557 7776 394 644 8570 5423 7540 1347 3007 5056 6751 7055 3632 2391 6156 7496 6438 4614 6033 8035 2879 8048 909 984 6711 5335 9103 9481 632 7684 8502 6223 7005 6202 3468 9961 2485 4114 8536 3540 4175 2827 5492 8765 5609 1499 4684 1114 526 8298 4569 4354 6449
5189 5924 9845 2611 670 4901 1035 7420 577 5167 8838 837 1719 480 2170 3833 9804 860 8217 8387 2124 8258 5624 2268 6957 7955 1938 9387 9914 7928 6107 8409 2335 9439 1655 8675 2750 837 4011 2457 9594 9041 3029 5362 5415 6013 7061 8124 9276 3579 3592 6872 6162 3144 6327 3168 9470 1903 4486 782 6620 8256 4503 8605 4105 1542 7164 8381 5887 8623 1805 8668 9400 1173 8965 3400 796 3539 6373 8643 9916 6609 2699 1168 7773 260 4372 2650 4004 2218 959 9509 804 5382 3417 3587 6427 5779 4628 3263
7650 8207 8313 4132 1939 7363 6827 570 2579 9644 3514 5418 9660 7482 4894 8243 7154 6637 3413 3505 4627 609 8978 6316 421 5252 4659 3984 5234 7279 3039 7558 9199 6334 8382 4927 8589 9290 9359 465 7520 1005 2438 8908 745 8477 1785 1639 5007 5069 9304 6822 3680 6399 2471 4385 9999 24 356 1367 6582 3713 5930 6998 7018 5782 1347 7952 5039 8184 9116 4902 149 4298 813 9022 348 5384 5499 6653 2653 9579 7418 351 673 6439 1812 8120 4804 9252 424 3770 7725 5732 281 162 3872 8263 9098 9281
2455 4390 6696 7206 3114 4482 645 9753 3207 4021 4733 3419 2309 2237 1715 7384 1388 196 160 1576 8966 367 7456 6087 5912 6803 7202 5026 9486 9944 3369 8945 3360 8838 3358 7625 8313 3868 8535 4143 3506 11 414 2025 4190 3963 6270 3486 1282 4715 6484 1539 2796 5862 6440 1794 8959 551 4591 6836 877 9233 5065 8557 3288 3005 5100 5859 2649 3978 4967 5719 9701 8662 6623 5140 7481 5048 8041 5918 1630 4246 5960 7328 6846 4804 1152 1716 2419 2920 7830 9803 3361 6410 813 8516 8606 9391 4458 9975
3921 7333 7589 5326 9424 3617 9861 3459 4076 5162 5052 8142 659 2825 7878 821 8010 8381 4386 3464 5419 4991 798 6395 7506 9650 4904 2043 6994 3288 7904 5003 9931 5187 4775 73 6275 6174 1347 4648 7446 7440 6194 3000 3545 2673 964 741 9610 9793 1799 1811 5942 6149 5217 3454 7588 6047 3510 1539 676 8107 8842 750 576 2362 5712 3497 2652 2789 1564 5924 6067 5702 7080 2022 9357 4657 3409 4536 7855 8744 3673 808 8425 9389 1145 4639 2951 9710 8634 6393 1954 4194 3772 9592 4094 2417 1993 469
4766 2612 7394 1745 7483 7047 9143 3658 5974 6917 3259 7636 7414 2310 9998 5638 1754 6005 5780 9209 3045 1555 1165 4431 3713 1146 3983 9323 2255 2905 9771 6086 7968 2982 9108 7556 5707 4596 7533 4722 8068 5269 8786 9495 8617 4418 9684 2620 254 2521 9227 1710 887 2743 2589 1838 1884 2777 9119 327 4678 5607 1234 7753 5169 4470 5146 9518 9079 4574 5471 1556 5091 1930 7795 1405 7161 3148 1789 7711 9593 1108 606 1129 8509 3659 3716 8603 9534 9282 4438 5303 7232 6744 2728 1408 2582 8338 8355 5351
1397 2904 9019 9465 9087 3563 2673 5717 3489 7645 6476 3356 2634 4331 1552 5735 6230 7254 6901 2046 2883 2234 3218 3000 6540 673 7470 419 7439 449 1654 5774 8793 8688 2074 5829 1522 5008 9325 7824 8562 9778 7064 305 2785 9110 660 465 6824 5365 9944 2507 1318 804 2270 4017 4365 6544 9729 7864 2585 3086 5918 6541 1831 3256 482 2278 4436 2648 9554 3232 7275 8445 7086 9832 6644 6657 1398 9792 4952 4206 1940 5463 7964 2733 1416 4212 4102 4164 7344 3790 4627 6940 2332 318 8633 46 2316 3732
3238 6864 857 5216 3320 1720 8933 5047 2063 2539 8326 3632 1164 1084 39 5677 8827 4101 6724 3278 3643 3938 6104 1512 2948 5039 1737 1464 6793 847 1204 541 2608 2069 5196 6333 9554 4359 6026 1895 8809 9051 6077 776 4887 4178 3400 2083 2272 453 7691 6668 3167 4011 6415 3197 8943 7552 3791 4538 7140 4474 806 1775 8550 6051 2844 4511 3226 8143 4009 6251 1986 9779 3216 8118 2975 9205 8170 8085 8263 3334 6716 5599 9897 749 7375 8575 7304 3870 6528 2988 2787 6667 684 6804 982 6487 8719 4545
9882 1721 9508 6518 3855 2485 5300 413 1990 8895 3221 7957 1799 9614 2361 5747 5228 2040 5648 8492 4356 1414 9120 7287 7153 5270 4853 8334 8862 4093 9501 6569 6947 1256 815 5937 1898 3230 3307 9380 6513 3100 4945 7580 7288 1740 5928 8498 5156 7687 1394 7752 4468 8955 8405 1758 4748 1247 7101 9306 6823 2092 7433 8453 7795 6848 5012 2591 119 8065 1997 6530 1796 7365 3430 2998 5924 6404 3778 9898 6071 5582 4624 4928 2672 9943 3285 5629 6072 1113 6467 5044 148 2992 8372 5132 5432 1015 5880 7252
9063 5476 2823 7761 6668 7418 2647 6802 4317 3066 3001 2945 2192 4957 2661 7374 7107 8553 798 541 7772 7124 1432 8473 3976 1338 6087 7611 4365 1893 6582 9891 89 9899 1284 5940 7162 6318 699 9043 9878 8970 2895 4007 7653 4789 121 7307 1146 9388 15 1483 2279 5464 8950 8601 337 7218 5001 8632 4313 2147 5543 2300 3303 5655 3369 1346 9774 9977 1617 8145 4237 9871 8563 4773 6779 4582 8887 8255 5128 6041 1821 3923 4993 6145 503 3572 7208 8493 7799 2682 1548 667 8914 1693 7276 7551 4433 6056
6029 8714 7475 7604 3651 7510 8340 7235 3266 2145 4800 9686 6739 7983 5533 2332 6595 3358 5580 3801 7167 9366 6391 1732 5428 4406 4465 4702 9364 2202 645 2314 9207 2105 3039 1925 6267 7519 8729 9938 6930 8819 5933 9439 1870 4095 458 358 581 5208 123 8967 782 7349 580 8666 4007 6999 6431 5688 136 9459 1107 8572 108 4388 1113 9501 1952 1781 1195 963 8323 4348 3556 1434 7652 9115 5202 9591 2775 223 164 1425 6108 9650 5190 4892 2487 9957 6105 2517 2479 4280 44 3193 1085 2849 418 610
3575 4608 5273 3690 2077 3970 3771 482 5852 6975 5741 8287 4095 957 5528 687 9178 4888 2743 8185 2889 5542 6191 7147 2147 4628 6315 5273 7040 6262 7099 8725 1022 841 8237 803 4448 3050 3053 5271 7287 3224 1410 4157 473 1364 6769 960 6625 6045 7424 2111 2620 7573 4139 6935 9356 1465 5141 8165 1547 8348 3817 793 9269 7511 3121 7194 7019 5504 9781 2779 1555 3822 1356 7013 569 4033 6992 6773 8106 1489 5080 5510 3034 5120 6257 7245 1539 8905 4113 2434 5354 573 1181 4951 1525 9239 2438 5310
2745 3998 1637 5455 2602 2612 5689 8815 5796 3809 2518 2572 4970 4327 8713 3101 1407 2107 8404 3375 6175 1045 4615 8078 3250 7827 8566 4121 686 8030 2510 5408 978 6625 4637 2981 122 5032 8837 1273 8845 700 1434 6509 7114 1304 6814 449 4806 8180 7559 5644 7413 9569 574 5224 151 2514 4077 7228 8550 2 5109 4585 7931 7750 3901 8575 7693 6623 999 7645 7954 3741 9964 7852 539 8614 9719 3084 4618 3993 3001 2039 5517 3666 3324 3383 860 4871 6348 7146 2478 2047 6286 5447 4179 2140 1154 9605
504 5333 1729 9628 7644 4243 2797 5718 9437 836 9061 5137 2509 3706 6119 177 3540 2726 9053 9464 1407 5104 5686 4712 8124 9758 1053 4304 7335 1150 9629 1002 5645 8829 1271 6052 8234 2584 7025 1205 242 8078 99 245 1867 1429 5717 8818 7777 5958 6255 9140 7060 9979 8792 8004 7872 9395 2461 8847 15 2735 7777 7161 4972 619 7996 7181 7251 6381 1778 5861 6470 3766 7091 415 9914 7200 5150 2399 405 6889 5650 535 4760 2263 1405 2718 726 5920 9490 8987 5562 5741 6630 6131 3362 9504 7278 7189
9438 9199 4898 700 9354 3687 6162 7177 5367 7880 3595 7687 1547 7430 3821 7915 2728 2646 6618 5506 9793 3834 4857 6233 8219 7319 5031 2205 5033 9119 2729 5823 6694 3417 1498 920 8896 5106 8771 5966 3251 2034 4823 8528 6904 1401 8830 2787 6198 4010 1056 7380 7931 2819 1084 1194 7904 1299 5974 7257 7167 5995 916 6473 1472 5268 7301 244 1779 8622 7193 7359 5402 8307 8095 7466 5214 5395 7513 4018 7495 6892 415 6824 295 8154 207 9220 7794 74 2909 4143 7809 2257 2552 2694 481 2139 3086 7153
7087 307 7599 7402 1815 9632 7243 8233 1415 685 2145 3858 9306 5173 5969 8883 2772 2915 5520 6195 4318 6590 2675 1925 9112 2529 7059 649 2355 2953 7297 8307 1330 1029 8260 7399 4096 2267 7550 643 257 1527 4582 7615 7727 7391 825 2768 4968 5698 6881 9219 8160 1069 8905 1045 5121 3383 983 6226 2872 63 3281 3826 6034 1837 200 9666 7857 9120 6601 7711 3432 3608 2162 6434 8015 8996 6211 1116 6310 5083 4607 3330 2745 1679 7316 3439 9240 4095 6170 2008 6252 9741 5338 486 7792 6222 5821 7523
4325 2684 9570 9783 526 9211 3292 7699 2436 7718 6151 1120 7097 7459 9990 3286 5871 4912 3783 6108 6237 4799 4039 1331 9233 2601 7489 7807 1628 5708 9580 1354 9250 5272 6399 7864 1706 7550 9858 5405 7027 1857 2091 5557 8239 2473 85 6160 1660 6537 5038 8320 2733 4751 4445 5268 9784 2535 2914 5566 2656 2676 5537 3947 5168 9814 5883 7563 1246 539 1099 5255 648 8753 1986 6241 7775 2262 5911 7606 5367 8985 6134 3734 1091 21 2110 1166 2683 3060 913 1635 1755 2718 3575 605 4437 663 5863 4518
8184 3848 1861 7396 8831 3623 3487 6258 6956 4600 2496 5629 139 8615 278 5697 16 9131 584 1158 1431 9048 4891 9947 5138 1436 6231 2268 773 7505 4825 978 9627 3672 1308 3973 2803 3994 2953 1930 7302 3432 9621 6375 102 5399 5179 6953 6124 4991 872 9952 7587 7580 6428 3415 1522 7273 3096 490 6923 5495 3141 3417 6004 1981 7236 4454 9361 1091 2727 2179 7411 1532 1444 3546 7513 8219 9918 123 2352 1349 3220 8287 8777 256 5956 8499 2135 9231 9409 1646 1106 6423 6043 3682 1259 759 4299 7843
7409 3983 9361 2687 9239 6660 2364 5392 7872 1499 8262 7002 5384 7205 1400 134 9737 7127 8181 344 6006 9066 4526 8471 7719 8486 5481 819 28 9333 291 9042 11 2901 8354 4858 8949 8472 1784 1231 8408 8459 5299 2303 822 2236 870 6576 3912 9328 8001 9675 4913 8401 7434 4943 2702 149 784 8062 158 6923 9051 1677 5068 248 1952 4219 3533 6906 809 5961 5500 2852 4702 5091 7979 3797 1910 3743 8656 4052 8108 1586 5584 4380 3908 8943 7741 4411 7013 2582 6020 9227 4234 5409 2890 3720 3913 6362
3805 5286 3059 3716 4986 7544 3249 5816 6721 7416 3019 3364 2749 7550 9894 1105 2619 3823 6262 4722 2423 888 3051 9159 341 8706 410 9684 567 6884 7080 8140 9691 6708 8998 4315 8245 9931 2840 2928 4833 6932 16 5575 4869 3876 8352 8855 7041 7484 8419 1830 6129 6258 1603 7604 2414 7204 9872 7654 5553 8764 3467 9328 6421 277 5763 9348 7517 7275 8167 5625 4868 4380 9635 2781 3356 875 7736 2132 7 4188 557 5392 2925 6969 8903 6072 9411 1310 7033 6513 7327 9120 3950 5800 3868 5747 3456 9262
9747 1127 847 3767 7638 3400 4231 8737 5070 7686 5503 1580 6467 2866 5041 6276 5318 1419 7138 142 1657 139 2305 9746 5779 5893 1455 8530 1795 8894 9150 8311 5372 962 4408 1235 3998 4437 1765 5326 4840 4211 6192 4745 3330 7630 2127 7990 5144 1769 6152 6770 2334 3799 2616 810 5983 9861 9769 1943 5957 1374 6028 5421 4296 5496 6327 1437 3719 9426 692 3169 6309 1948 9216 8135 6997 7340 9592 7166 5284 9241 9320 5604 4149 1203 536 6990 4303 2848 9242 336 3875 2176 3803 5863 7281 2093 3516 1523
5272 9438 5331 1572 6486 8624 1833 6768 8504 3587 5465 1196 547 8232 6203 3755 1078 5699 3821 358 9445 2489 2780 4247 9554 1640 2440 4184 8494 3677 3300 9700 9573 489 9260 3600 1334 7021 2262 6676 4124 1094 1740 1390 8938 2269 1466 4411 2725 9216 7616 3117 6295 6769 8810 886 1222 9153 6576 2851 9291 2833 3415 2489 3301 2095 5283 3290 3541 3827 2452 7924 5255 7257 3085 7574 8577 7402 2865 7307 6624 9373 8640 4450 7926 6102 5206 3850 2686 893 7886 7975 3557 5968 9923 3905 6185 8713 4530 7447
4244 503 1320 3559 1288 6300 675 1410 6016 8361 5311 9580 6641 3418 6730 7084 6087 1439 6590 6746 1816 7679 2381 9153 2885 2517 7051 300 920 4826 8007 3053 8253 6746 930 2041 8290 6591 1773 9377 1465 1567 1576 293 5122 2665 5525 3737 1021 5050 8688 9593 2693 3596 9657 7977 1831 102 3173 9578 9304 1651 370 840 9669 3196 2135 9440 7215 8053 288 4028 7143 5160 4148 8369 5548 570 1486 7383 4233 793 8665 6249 2986 948 4898 3482 1988 940 6742 2187 4918 3136 894 628 6525 1114 9321 6261
7731 2160 1847 1577 5302 2446 9662 3109 7530 2575 4539 2615 804 2255 9328 5502 995 8047 7619 45 8672 6722 8463 2523 9599 6561 1464 9740 8328 1762 6983 6123 9548 1881 874 6499 6336 3480 739 5930 7833 741 8780 451 3015 6291 6850 2884 5019 4800 4096 6907 6642 9651 4107 5080 751 8421 6143 5593 1690 9025 1117 6029 7292 3474 4359 6711 584 1313 9943 8542 9337 7735 6839 3669 4224 5812 1011 1427 5169 7369 1133 3912 4238 4959 5124 2915 6577 5889 1947 5345 624 3706 1897 8007 9435 3271 6234 3556
6581 1186 260 6569 960 4560 7609 1807 1170 3674 997 7088 1896 317 8647 4011 3528 2464 6988 1531 3037 2721 1090 8351 8214 1418 8998 5611 3631 5781 6450 4138 21 4540 1845 2749 2474 9879 8501 922 7162 322 5302 5112 5965 2228 799 4643 7890 6632 6990 4316 4658 8833 7643 9142 7314 6796 8930 9253 6310 9379 6737 3944 6222 3588 1972 7893 1330 4833 4586 5476 907 604 4537 6161 769 5865 7377 8298 4661 8474 9772 252 1554 9798 6988 5406 4389 1581 2845 9578 8732 888 6895 5977 2790 8928 7227 7717
6337 4616 5836 6705 1504 9070 52 929 30 1359 8382 8025 3150 1767 4217 5100 3292 4046 1563 8533 6900 8327 9111 1004 4424 5799 4686 5238 5423 1481 9692 4921 1570 180 8306 179 8299 9827 554 5164 4475 8662 8257 9574 6313 5587 2982 8721 854 5612 8765 7950 5734 3540 7532 7481 3197 982 3434 8390 6152 202 9019 7460 2559 3792 1807 6051 994 5685 6134 9002 9686 1947 2888 1570 3434 5330 1210 5632 3067 1167 2897 6784 1236 5053 4025 9923 8415 4951 1277 9155 4466 9627 1185 2841 7915 7237 3810 8020
4100 5404 5047 6993 8026 5542 6057 1939 9306 9320 1144 5074 4412 3536 4896 809 8409 2556 8232 7771 3635 3339 252 4749 1744 8871 6581 3154 2861 7055 521 7855 5998 2104 7714 4670 6177 1682 7416 3527 1601 1246 4690 9714 7481 7903 329 4039 5248 7779 7655 6056 1579 357 1508 3593 6911 2541 8531 2357 4074 7194 4059 370 4532 4823 5888 8763 7913 5716 5037 389 9535 466 9444 8472 4672 5369 4600 43 4384 6147 2685 4317 3565 4273 314 2714 7059 8249 4017 8881 9794 7043 6775 4662 1341 5411 5932 390
3766 667 5855 3794 8532 3488 320 7098 4634 5781 4370 237 8873 8519 2364 4436 3193 5029 1362 8530 9512 8660 9382 9250 2559 2928 8526 2801 7983 3663 1900 1240 3596 6064 5624 6684 1904 8525 1061 71 5821 1362 9516 2653 1068 8400 9350 1861 3075 3867 2250 4409 9655 3674 1963 2166 4384 8152 560 9435 1063 7190 8840 5355 8037 2633 782 829 6773 6008 2176 7590 2099 7272 3982 9969 4352 1941 6260 4760 8199 1375 8339 3938 6424 7780 311 1162 4786 6642 4189 146 4837 6627 1478 9146 4249 7674 7216 5545
2862 8252 3865 723 4395 1620 5607 4930 3994 9744 403 7024 4410 5581 2263 6357 3477 6196 5632 4883 7928 6793 2083 7989 2972 2231 23 9783 1625 2043 3192 8010 7260 8186 3759 6046 9516 3488 9768 6631 5152 3095 7732 4105 3747 2804 2817 1670 2850 8522 9568 1617 8687 7440 7996 8504 9856 3642 5598 3481 8219 4951 1414 2221 7662 1342 6368 4010 3666 1825 9003 196 1304 5024 1538 4112 9118 5039 7967 3723 2964 5972 7843 2405 433 3624 910 3869 2841 2041 8781 9132 7317 8146 5816 1955 5891 9800 7663 5308
3487 9306 1990 7681 612 250 6310 1545 2733 6151 7073 4930 5174 8043 1641 7374 3131 1819 2983 4288 2467 686 3698 7151 3641 3902 4452 513 2119 3559 1067 9317 4170 1112 5088 6036 8883 9468 6128 5136 3487 1005 9977 662 5697 7506 3839 9363 3666 8595 8413 267 3579 5424 6436 7023 8527 647 2030 5340 5838 8074 1373 8763 6288 1466 3003 4275 9165 5388 8035 3228 7141 2862 9609 3214 4591 6614 1298 1991 1045 7731 6930 8564 9048 2867 8551 9596 3360 9985 9339 1790 4492 8920 6200 4051 9215 3272 8813 7200
3922 383 5444 8494 7483 9408 4790 1498 7514 5957 3278 3514 4244 1984 5960 762 1933 7126 5820 5798 1724 1442 3283 6999 3642 220 8106 1209 7512 3670 5534 388 8320 1193 3815 8577 8496 4801 9441 7911 4585 7289 2427 6635 2076 2392 9926 4492 2331 303 4529 5513 8773 1674 8956 4543 9619 6862 2565 4724 1834 8385 2004 1015 9986 810 3708 9001 3248 2987 3178 2076 5984 5428 8271 9107 5120 3337 237 8673 3359 850 4512 2961 9096 8373 7261 6413 7124 1838 8292 9250 697 6441 7253 183 1793 5101 7459 9773
9293 1354 4357 9061 1365 688 5162 1661 1022 2604 4902 935 7623 578 1835 8167 5081 8821 8010 7599 5382 4796 7005 7613 6622 3378 9918 168 5475 8313 5040 7093 463 9473 3090 3235 7993 6210 2633 6723 861 9963 5655 2643 9543 9469 2299 9710 7176 5817 6139 1040 2401 4286 1928 976 7385 4189 5630 7899 1471 5365 1310 4549 3097 2862 7341 8925 2964 5723 3033 3849 6828 3396 9158 994 4684 197 1070 7899 9533 2504 3959 5141 3572 4652 4292 6391 1665 9716 2086 7921 9309 5643 6517 3201 974 687 8746 5935
5671 8210 2948 2956 5794 7155 2802 3026 537 7601 1570 2571 1874 4289 8838 449 1394 1038 9166 4336 8287 9527 3165 1091 8021 2152 5650 1738 4683 9260 1205 7208 8023 3612 3277 6740 796 4507 864 7711 5555 2714 7000 7976 3665 1459 5335 1876 1182 1513 1918 573 9652 5011 1271 8752 907 4967 4239 2400 3066 3549 3455 4242 1843 2986 9460 9910 8923 4183 8507 2679 5064 2229 6989 7941 7147 4692 4036 7258 4998 4431 5724 2917 3760 1703 2526 917 5532 5605 9112 3109 8048 4607 8780 1918 6074 7911 8949 8972
437 171 368 1037 7784 5423 9268 8464 2109 4330 6636 1754 8517 8650 5849 8410 4055 4811 7175 3557 4736 5147 4474 6952 7049 158 6476 1896 4704 2809 4293 1476 2306 9109 4019 4300 362 2710 8039 960 542 8257 1934 4810 2287 2152 3846 7812 8683 2571 7612 7816 6169 3447 6843 6814 7614 9863 1359 2311 9809 2852 3398 1644 5379 8779 1230 2453 973 201 2759 7376 2119 1758 6793 2393 9942 1892 7434 8100 4253 3383 7362 6382 7194 4113 7976 9897 6750 228 5434 2221 6621 581 9013 5721 9052 8669 5501 8008
445 3781 4813 3823 865 4291 1487 7090 9194 9851 2383 9488 1273 900 2570 622 1427 7186 9049 7643 7154 3585 8216 1763 5584 9904 4479 3494 4491 7965 3986 3317 4164 3523 341 443 8236 5060 967 547 2659 4808 3211 2071 6836 8871 9319 618 1787 1781 6014 852 1353 4414 4339 1501 2882 6229 8238 5559 6451 6539 9266 1643 1496 9626 5676 6497 8885 5652 7647 2110 3466 9179 6633 3798 7747 2101 9054 9547 989 2809 2282 2497 1647 4381 6053 7273 8554 2011 7467 3098 1462 6694 5473 2974 3530 8600 1874 793
8988 8116 3489 3123 1358 2409 4475 745 1008 1392 4360 4113 7973 2362 8594 7090 3766 7451 1336 7721 876 8896 4144 2025 1040 4508 3280 6882 5353 2062 7133 146 9930 223 7259 4034 1816 8988 4568 3967 8468 9897 2022 22 894 6310 1292 8323 6835 9670 6393 6730 1299 9596 5933 928 12 3345 9089 6999 143 103 1399 4705 9726 8843 7654 1608 7609 6438 5177 6286 1448 82 2402 8168 4171 9119 3207 4527 5537 5687 1902 8834 6875 4580 2717 4208 4653 539 4763 6829 9295 3192 3889 4584 1132 2845 5387 9677
2891 7943 9695 4006 4132 6946 9074 2020 3563 1152 3330 3196 9111 8483 8606 6852 44 6291 4336 454 889 3859 6962 6801 1465 8211 9877 4841 3213 5955 9616 1723 3954 8968 3945 3562 4626 6850 8837 4011 1441 9595 3467 7717 1005 6051 701 2230 4057 8359 7879 9652 6402 7982 4907 4307 9437 6988 2378 5605 457 6506 6774 1571 503 680 3946 6445 921 5904 9305 9366 1887 7633 218 5791 4194 8193 6461 7802 9205 8195 3986 1516 1934 3065 6985 5821 6422 631 5102 6915 2114 6410 9554 5633 4311 3909 9758 4726
2859 4687 7761 2149 5144 5491 7992 7440 3818 4772 9013 9950 1458 4651 7476 7223 1425 1318 6263 4949 5591 2199 2775 5929 7 4938 5780 6365 6964 2138 6026 1483 9118 6168 5416 3349 8691 2807 7126 6696 4113 3805 6873 8573 6675 3696 1182 9382 5356 1350 8836 4547 2379 4399 4342 6681 7666 3601 5994 5071 7289 714 1364 5686 5547 9558 3498 3974 6128 2433 5160 7974 6076 8099 1721 2273 4737 3362 214 7111 9983 2139 4363 6390 7349 8620 1157 218 9701 3246 7519 8866 6867 6679 1014 8014 4985 3768 7960 8280
4595 7209 323 6878 1212 1857 842 9471 6381 379 490 4797 1583 759 9944 46 9846 740 2880 9034 92 9412 5426 5875 9985 4896 435 1224 7987 8685 2569 515 4647 6883 7047 5494 1454 1073 6942 1435 5921 9879 7820 6953 4146 2581 6739 9314 8150 1405 8112 8588 3405 1530 2669 6619 5877 3311 7962 6085 5383 6614 7609 2049 8291 7222 252 7991 3150 7035 3863 4053 9121 6935 9723 4569 7007 6885 7009 7510 1058 3260 7200 1684 1242 7768 4109 9764 4034 6160 1200 3088 1514 1709 7113 1162 2803 2438 3352 6363
7652 6194 6750 4429 6303 2288 6567 2113 4897 4112 4486 8183 5917 1561 2972 2222 1150 4523 6479 883 4394 660 65 2166 1135 2999 9640 919 113 9054 9233 3243 6082 1402 1906 5133 6435 5129 5000 6596 5181 9137 4922 2905 2011 6373 8622 395 6798 3542 7647 5519 3716 6630 5049 6154 4069 6434 4693 2258 9372 4969 1162 4999 838 5383 4789 1077 8795 1177 1647 5242 4937 9620 8469 8029 4823 3698 3365 5864 1351 5959 2429 7896 5002 9748 4004 4518 9677 2282 7348 2287 7021 4083 1741 4405 7798 8370 5251 2371
6257 9373 864 6132 7528 3654 2009 89 669 6273 9578 9577 9907 2105 6484 3878 5246 3547 9781 4386 8167 6728 8898 3961 3553 4824 4937 2946 289 4881 979 5853 3912 4179 3028 7448 7981 8457 2492 5375 557 5592 7275 1028 7728 3637 641 9048 3148 1665 2725 5285 8772 3725 6521 493 1267 3839 3804 4000 2500 4370 9113 605 9174 663 9464 8927 9014 2888 7432 4710 8876 14 8699 5922 8555 5999 8261 9927 4972 802 8832 7027 6229 5028 7132 5110 546 6972 8562 8115 7893 48 7024 4912 1799 7234 9911 8129
6632 1682 5726 7581 3738 7905 9448 7352 8168 4501 8404 8246 6722 7350 9036 5643 9292 4584 8650 7590 1329 3598 4374 3892 6586 2934 9208 2896 9825 8153 826 5822 1182 2145 2966 1614 7276 2826 6843 60 4203 9 6881 4996 3026 4737 9119 506 6016 7847 7677 9887 3032 185 2133 3068 6139 6255 1248 5406 1741 4754 6011 8837 9823 5171 593 1933 8271 3649 6873 1860 3872 8120 1228 186 7847 3969 2956 3080 8258 4605 4477 86 1075 2165 4760 6865 9153 5916 8273 9915 449 2185 4080 7060 8252 1889 5487 7476
1848 7672 6794 29 3384 5497 978 5759 9530 7537 3997 2747 4708 8573 745 6690 5637 6324 2094 5977 8335 4800 2698 466 7729 4999 7507 9435 4124 481 5085 3439 8826 8808 7475 1109 2682 9662 9633 2438 7930 5676 1513 7113 2891 7610 6696 4920 6863 5323 9256 5062 1237 4989 4755 4994 5302 7426 8214 3172 5218 5507 5758 5024 9085 6927 2938 4736 9519 2976 8378 1784 5216 2456 3621 4036 7261 6050 3574 4083 1646 6171 4238 838 1329 6386 5580 2264 9254 3891 1509 1704 8562 1755 5609 6902 6518 5969 7689 4359
8396 187 5027 9265 3231 474 3305 886 5533 4326 1022 6605 9459 2741 2805 6787 874 1571 5879 2240 9271 7730 9612 4115 7233 6077 8168 3664 2307 5206 3635 7340 6017 8238 2695 2492 6220 8468 9441 3357 1425 1573 6096 6745 9272 2423 1499 941 2806 4627 2978 3518 839 1581 3130 6155 2751 1337 8002 526 7636 5740 6949 6695 6677 439 6985 4558 9728 7279 8765 7774 3309 3317 8317 2581 807 9375 9723 4478 2176 7307 7610 6349 1157 2276 6459 8962 884 8136 9805 4314 8275 4901 1082 6589 10000 7863 2397 3791
2352 2201 6325 4195 254 9734 4245 5527 9317 6476 9790 9805 6914 7827 9822 419 4844 3798 3680 2981 4386 1078 8261 2125 9998 2881 5014 5980 9809 8630 3976 1084 8309 6067 2525 8649 2085 6395 7433 7501 9236 8033 5197 6615 9596 608 8756 795 7077 5548 1939 1246 2163 9828 4017 1485 9029 397 866 3229 1355 1017 314 7828 539 8969 3976 870 2113 9539 9683 6746 5040 5135 8712 448 6029 4725 4692 1139 9547 8034 5519 78 5819 9309 7179 7522 745 5542 5431 653 653 6248 5620 3966 9556 9912 5002 4340
8382 4579 5162 5688 8992 656 7868 1474 2355 1933 7718 2523 2300 5569 1318 6740 2580 6276 6879 5227 8124 9836 5186 4103 4135 2598 3352 1897 4277 8497 1557 1601 5335 4962 7797 1404 8483 4668 1459 5364 4241 2500 664 1084 4474 9889 1775 4889 5249 3206 3682 8151 3499 262 8884 9798 2156 3945 3501 2515 4984 4300 8860 2037 4278 643 3534 8356 9618 151 2150 1385 3656 8433 1036 3736 3644 3690 6493 3468 6720 9930 3542 9136 856 3215 8999 2549 3387 3641 762 3960 6891 1125 7888 6328 4330 9602 1287 5787
7447 4977 6795 3371 1060 5843 782 6453 9299 6403 74 5754 5944 2427 1075 3049 1500 8634 6515 6011 1606 9507 7529 4401 7474 2885 604 7702 4003 6327 8359 4853 327 2627 8689 7398 9164 1078 4008 7092 4046 3810 2253 1664 7842 9477 6597 4583 7154 9001 8766 1136 8003 8616 7624 1429 2465 1915 2804 7884 6027 5101 992 6716 1775 5497 7943 5036 7065 7825 8078 9466 9811 380 8884 2418 2945 9022 4020 273 2639 1151 5947 1690 2085 9869 8082 5540 4410 6526 9598 4351 2191 8178 17 174 3921 9825 7795 5284
12 4618 1509 559 793 3980 4072 2900 3984 4264 5077 3744 6653 8711 8631 6887 2037 956 7601 4321 6568 9368 4423 7469 1411 3920 5085 9661 8259 9418 5961 4315 7537 8811 8975 6540 8426 6182 354 3715 8303 8362 7713 3414 8393 1593 572 5690 8582 6940 1328 7807 8988 8870 1777 7898 2665 2246 1243 2843 4672 2609 1601 1717 1756 459 9923 999 6885 5011 804 5798 6923 8403 1462 7055 2777 1040 6738 6270 6658 1099 1912 547 1621 2625 5770 9482 872 8093 2255 4230 9964 1837 2099 4912 7143 6271 1253 8456
8004 4794 8819 2053 3328 4077 9322 422 5768 3044 8808 7075 4693 604 2450 7139 40 6955 9213 4179 105 7333 363 5600 1425 5469 2858 5011 9175 2876 9003 592 2535 9322 5358 3830 7465 3930 5523 3213 9802 9343 3521 2964 6139 6429 95 5114 2811 434 7417 3989 8902 6350 9224 7676 7907 4285 8462 3329 3206 9119 5221 8179 6724 8644 8449 8354 7263 7570 5517 6359 511 3386 4504 2806 2333 5300 2836 7077 341 2463 9456 5133 3273 2337 7208 4902 5369 6118 9247 3958 7364 7407 8448 1763 1752 9568 3777 304
927 3962 1528 1854 133 2224 5892 14 4063 980 3448 5375 7040 7535 9113 7580 6511 2515 5639 9867 5447 3848 498 1955 951 7434 2917 4071 6226 6791 3428 8744 1672 1704 1548 9584 1333 2813 3003 6595 1657 4469 9463 9560 4421 4569 6580 1664 6237 8533 1063 4175 2202 4686 6652 3397 8556 6659 5878 8737 9920 330 5234 404 4235 6843 501 1549 5768 6730 2787 5278 6446 9561 1317 3129 7281 533 178 8284 347 7828 8965 6872 8335 6955 9941 3571 5956 2316 4515 5443 454 925 102 9171 9372 497 6131 7382
8085 5290 5435 7655 2154 6123 9372 3994 4541 3735 5752 5670 1988 1283 3801 8737 5049 7512 7044 4260 2566 6207 7756 2066 4213 836 3957 1472 7244 1129 6672 9598 8098 4666 8592 9441 8622 9519 8714 5456 9380 289 7554 6922 297 4122 2826 8823 6687 6141 5421 6792 5408 3901 1502 3041 7243 6107 642 2931 7506 3036 4848 239 8445 705 231 169 3600 7704 3725 2637 1265 7530 4596 687 1253 2949 3839 5941 2940 4796 1919 3892 2388 5697 4790 4684 332 7254 8265 8983 6643 7708 5731 6954 8241 6544 151 3578
3855 131 4350 5253 773 2151 3678 3811 6677 6453 2079 7011 6240 9645 287 7722 8978 6732 4596 4570 1981 504 6942 9473 8818 2976 4159 9966 5365 444 6179 4768 1627 3296 6968 1772 5384 6183 8595 8414 3483 2547 3228 8176 8601 5823 6176 2861 4086 5158 3065 9898 5277 9422 8066 5286 8298 1395 8206 7148 301 8761 4515 8887 7905 1882 2665 5398 8436 1448 9393 6916 9200 3901 1029 9720 8410 4138 1265 42 9094 730 697 5919 5441 3420 4481 474 5411 585 8590 5726 966 9960 4541 9923 7352 1579 2121 3483
9966 3059 1877 4141 6681 328 3999 2118 9938 4942 8073 4509 3934 1009 8541 6827 9265 9572 8401 4447 446 1405 9080 9670 6910 3883 8263 3093 8139 917 5889 6868 8208 5580 9436 1353 4922 5905 8826 4262 7439 6041 8793 3565 9962 8142 35 9982 1419 651 611 2583 2900 1888 1992 3578 5955 1016 9436 8764 9733 6399 4018 4164 2582 2127 9595 9153 3717 5043 7630 2678 8982 3449 9086 3643 9229 5341 1601 3056 7800 5505 1517 3820 2221 6119 7746 9805 902 5036 9287 3836 8449 8923 4254 2604 8003 4988 8605 4471
7137 8002 8859 3633 59 3988 3556 2565 3051 8186 1459 2808 4169 5001 1286 1482 6392 9465 6843 2984 2551 1441 9816 1120 8338 7519 3863 2004 8721 9152 3828 5404 8501 4201 9750 9747 9120 5455 622 6757 7471 7801 1468 4682 9598 7965 9006 8062 9426 2809 3465 2754 9898 3412 8856 7649 6277 1400 4168 3324 6068 1076 8830 8709 5908 4948 6580 1596 443 928 8126 5252 8159 1051 4130 4527 7420 434 6593 9195 7799 5545 492 788 4223 3354 7259 94 1143 5298 6614 2101 6724 1504 297 9198 8763 5722 5817 4264
756 1050 1867 3493 2237 6961 5272 1142 7162 2359 8294 1528 2675 2845 2785 3315 7617 8972 7654 354 7425 3144 6394 1404 350 3187 2206 6306 8605 3072 2990 8196 8173 4992 9863 6469 1209 9218 6772 3473 9820 5720 5061 8707 3148 661 1312 7522 5913 5606 6269 7048 277 465 3405 7612 2342 7134 1861 3935 4429 9738 1049 3815 9197 3139 8631 2612 4140 8690 8674 1650 4048 4815 9546 1368 1580 1195 8489 1515 8211 3139 7166 2836 7125 8138 2932 8638 8718 2949 1329 1179 9286 5979 3905 2923 5617 4125 3532 2083
4244 9120 7647 1618 6096 4988 7712 7006 9684 6161 1374 2875 5493 2085 1655 1250 2232 7524 7764 5877 3626 7021 2019 3270 8070 3750 4947 7523 7468 5249 237 3606 843 4257 3363 6487 2806 9882 2985 5507 2126 7301 5680 2288 5368 3750 9786 7514 9881 3433 7587 7331 8702 4998 8677 5407 5873 7211 664 7802 8830 6787 6568 5681 6031 3706 7249 858 7212 9541 697 5382 3446 888 9117 4384 4931 8015 1521 5751 9149 4946 4089 1089 7597 5308 4360 8752 8918 2002 748 1300 7990 1815 8292 8167 2798 6338 9252 572
6301 1141 641 6586 9190 186 3937 3937 9549 1140 9019 5299 4283 7782 4519 5444 1744 5926 3154 7391 4269 5092 2218 8015 5938 4629 5723 9263 3969 3133 9970 9756 6526 8921 6868 325 6798 4458 4528 1545 7669 7211 562 2247 6310 9883 7756 9343 4860 3329 3124 6558 1830 3203 4096 5284 1701 5796 230 1033 4399 2840 141 9522 6335 3106 3180 6521 5931 8219 5966 1808 1146 7643 5596 3342 3367 1342 4044 1513 4475 9342 4601 2168 8675 1714 3547 188 7079 1829 9448 7763 3881 3778 6758 8493 3392 4716 1837 729
8383 9127 3926 2366 2615 9592 2406 7435 4026 347 4181 4740 2319 801 3027 4828 8850 3879 4885 4618 6699 3392 4659 8601 315 9932 151 8109 8996 4809 7347 4451 4073 364 2315 1873 7096 7036 1639 8184 2386 5083 3779 2476 7666 6219 6376 747 3683 4234 9154 3608 8039 4897 2368 9376 1468 693 1579 4066 9699 1586 8183 5966 8900 4248 9332 1870 8857 6624 1906 8610 5305 1547 5062 5329 7323 7341 3386 9345 8797 4798 4983 3605 1484 3717 1579 4239 704 5607 8985 4318 7699 4699 9704 4033 4508 2630 7542 1922
4729 7634 1621 1241 8675 5613 6017 157 9491 2996 263 7717 5293 161 2300 7129 7019 2630 1422 158 9575 2447 9828 3012 2336 5943 2274 889 8428 2165 5482 2418 8861 2283 3345 5986 9245 6963 9958 9801 195 8171 6510 2045 6639 3395 9997 7466 2818 5447 8217 1271 2514 9929 1937 5733 3586 2202 6241 4787 7633 4270 7657 7185 2202 8697 9909 6874 3123 5984 9800 3051 3324 9595 6442 5083 416 861 4944 100 7227 5643 8352 7903 8292 2178 7010 696 1199 2339 6987 8938 1438 9055 7375 4417 5022 5079 9502 306
3432 6681 8985 680 7642 5022 859 7330 6694 4331 9540 1117 744 9576 9536 6084 5269 2855 7697 7511 5008 8760 5793 1271 7620 4587 7363 2270 8336 2464 7646 7566 1205 4642 1376 686 2561 8235 6897 5648 3946 6529 2129 5758 4388 2800 113 8729 4981 2276 3864 1648 3552 4597 2334 3815 4559 8033 6911 1100 3600 4309 7222 57 2910 6311 1105 6908 6017 8092 4409 6710 1174 9360 4825 6573 2584 2796 7520 7271 3392 3527 9132 6194 9469 1650 1702 3706 6583 3431 9874 6015 8377 2825 7804 3548 8959 7317 4468 4456
3411 1972 5283 4447 8636 5613 3009 3413 7985 8537 5446 7411 691 1027 7233 5398 4524 2515 9248 9278 7267 8764 5806 5135 1434 4703 4627 4304 9886 1329 7237 865 7584 929 4201 9177 2119 6608 4462 4374 6379 6570 5289 8249 2306 2427 8334 5496 9682 7169 8386 517 4462 3457 3191 6675 6247 5673 5314 4663 9967 6777 5666 7509 8154 787 4646 1556 2410 7842 6967 4046 7837 2258 7407 2605 8568 8857 4633 9902 332 7949 5009 4107 8671 1712 7022 6442 4878 2753 5195 3052 9194 1271 573 3144 9103 7930 9980 5978
23 95
74 7
