30 30 906136520
7928 1651 8008 1871 4632 9854 6331 5887 2154 3630 2404 5961 424 -1 4518 9246 1507 6302 4657 -1 2270 419 9475 8585 407 -1 2122 7270 6480 -1
675 -1 -1 -1 -1 -1 -1 -1 -1 -1 -1 -1 -1 -1 1589 -1 385 -1 7789 -1 -1 -1 3412 -1 4517 -1 71 -1 7574 -1
6985 3833 9542 -1 675 4946 3231 4334 9359 3873 666 3489 6371 8384 4732 -1 968 -1 2542 7055 2376 1346 4208 -1 8484 -1 7714 -1 7699 -1
3444 -1 6932 -1 6393 -1 -1 -1 -1 -1 -1 -1 -1 -1 -1 -1 1644 -1 -1 -1 -1 -1 -1 -1 6555 -1 2385 -1 6809 -1
8631 -1 2979 3304 2770 -1 5656 6598 1477 -1 2459 4653 6041 8717 1025 -1 9692 6548 4164 4786 9642 6970 7462 -1 1502 7139 9216 -1 2667 -1
9193 -1 -1 -1 -1 -1 5643 -1 1613 -1 367 -1 4144 -1 6232 -1 -1 -1 -1 -1 -1 -1 9276 -1 -1 -1 -1 -1 -1 -1
9021 1340 5372 8809 5855 816 7065 -1 3408 -1 3364 -1 5986 -1 8956 3861 7788 -1 7097 1410 8742 -1 2217 2092 4461 620 9845 336 1081 -1
-1 -1 9295 -1 -1 -1 -1 -1 5707 -1 -1 -1 6446 -1 -1 -1 -1 -1 6794 -1 271 -1 -1 -1 -1 -1 2920 -1 671 -1
4218 1841 4804 -1 9914 7997 7844 -1 9089 1234 8352 5078 5991 -1 6302 1253 1270 781 4235 -1 5280 5857 7761 3613 8503 -1 2437 -1 6137 -1
5650 -1 -1 -1 9612 -1 3975 -1 -1 -1 -1 -1 -1 -1 8971 -1 -1 -1 -1 -1 -1 -1 -1 -1 9839 -1 -1 -1 1289 -1
1558 -1 982 3661 6732 -1 8079 6513 5156 -1 2458 1578 2436 9987 3720 -1 6409 4740 4464 -1 2953 6777 6771 -1 3519 2162 5286 -1 2126 -1
1005 -1 3488 -1 2418 -1 -1 -1 593 -1 9544 -1 -1 -1 -1 -1 285 -1 3993 -1 7495 -1 6362 -1 -1 -1 900 -1 4731 -1
6515 -1 6592 -1 2898 -1 1649 -1 8179 -1 3078 6295 6988 327 1759 6395 745 -1 6415 -1 4943 -1 7975 -1 3472 7214 1909 -1 6415 -1
1087 -1 5000 -1 -1 -1 9760 -1 4661 -1 -1 -1 -1 -1 -1 -1 -1 -1 6179 -1 -1 -1 1232 -1 6612 -1 -1 -1 3735 -1
2760 -1 5969 -1 7279 4961 6826 -1 6614 4308 9168 6431 1995 -1 7712 1471 2790 4115 9976 -1 3272 4054 6285 -1 1562 -1 2847 2502 1415 -1
-1 -1 9447 -1 6084 -1 -1 -1 -1 -1 -1 -1 6485 -1 6377 -1 -1 -1 -1 -1 728 -1 -1 -1 3198 -1 7267 -1 6518 -1
9538 5244 5962 -1 6663 5351 9546 910 9954 -1 2729 3229 7614 -1 3535 -1 7479 5996 9993 6097 3141 -1 7114 9395 1849 -1 6809 -1 879 -1
9843 -1 -1 -1 -1 -1 -1 -1 2437 -1 7054 -1 -1 -1 6562 -1 -1 -1 6133 -1 3224 -1 8713 -1 -1 -1 -1 -1 2994 -1
2635 5047 5183 5126 2869 9046 4258 9715 6798 -1 1233 9760 6221 -1 6219 9771 1691 -1 3959 -1 7167 -1 4040 9989 4362 -1 7296 1997 9949 -1
-1 -1 -1 -1 -1 -1 -1 -1 -1 -1 -1 -1 6570 -1 2747 -1 6938 -1 5291 -1 635 -1 -1 -1 3717 -1 7498 -1 8665 -1
7171 -1 6855 9822 1660 7503 4866 332 762 7238 1323 1961 7302 -1 4159 -1 4383 -1 1894 -1 2721 6780 1034 -1 1510 -1 2282 -1 3242 -1
9422 -1 7481 -1 -1 -1 -1 -1 -1 -1 -1 -1 -1 -1 -1 -1 1189 -1 1733 -1 -1 -1 3315 -1 4284 -1 3944 -1 2208 -1
9065 -1 1601 -1 6143 6475 9813 5890 6595 6151 2989 -1 3400 5125 7146 4948 8870 -1 5002 4602 4149 -1 5625 -1 9468 5787 2014 -1 2168 -1
1715 -1 5603 -1 -1 -1 5065 -1 -1 -1 9076 -1 -1 -1 6081 -1 -1 -1 -1 -1 -1 -1 5863 -1 -1 -1 -1 -1 3665 -1
1281 -1 1291 8110 585 1580 4427 -1 6867 -1 1154 -1 7141 9864 3823 -1 254 8239 7795 7868 492 6514 4811 -1 2634 7588 9521 7746 4362 -1
9890 -1 -1 -1 -1 -1 -1 -1 8993 -1 845 -1 9591 -1 -1 -1 7042 -1 -1 -1 -1 -1 -1 -1 2266 -1 -1 -1 -1 -1
5333 202 244 2705 52 6516 4895 9930 3770 -1 5954 9267 5660 -1 8013 -1 635 3817 7982 6322 2565 7763 47 -1 2591 -1 4257 3011 7199 -1
5481 -1 -1 -1 5795 -1 -1 -1 -1 -1 -1 -1 -1 -1 2392 -1 9824 -1 -1 -1 -1 -1 9111 -1 8167 -1 -1 -1 5316 -1
3688 5207 7373 -1 5785 673 6060 3136 7755 4436 3265 8417 3485 3974 8812 6549 9589 1620 431 8664 6677 -1 6451 3760 9530 8171 6365 9660 7336 -1
-1 -1 -1 -1 -1 -1 -1 -1 -1 -1 -1 -1 -1 -1 -1 -1 -1 -1 -1 -1 -1 -1 -1 -1 -1 -1 -1 -1 -1 -1
13 7
7 17
