100 100 513423295
5012 -1 4468 2112 663 2836 6823 274 4599 2525 3220 5324 7788 8829 5361 -1 7293 4941 7798 6330 1658 -1 6485 5062 4617 5588 4610 2918 8910 687 9381 3569 2567 6193 8777 7750 5727 979 3373 6950 3644 6268 7978 5382 1540 6105 1602 2174 4700 6050 2373 8787 1501 3664 7295 5045 1932 38 7047 6329 5550 2488 3966 -1 8613 8513 816 3224 42 -1 4730 4991 2026 1148 3756 1647 6222 3040 5186 5430 1817 1332 6799 8624 6782 -1 3813 4236 4522 8034 1857 543 3584 5913 8652 -1 2314 8982 9842 -1
2702 -1 2800 -1 -1 -1 -1 -1 -1 -1 -1 -1 -1 -1 7254 -1 7668 -1 151 -1 -1 -1 5747 -1 -1 -1 -1 -1 -1 -1 -1 -1 -1 -1 -1 -1 -1 -1 -1 -1 -1 -1 -1 -1 -1 -1 -1 -1 -1 -1 -1 -1 -1 -1 3347 -1 -1 -1 -1 -1 -1 -1 9364 -1 6556 -1 -1 -1 8561 -1 5371 -1 -1 -1 2486 -1 -1 -1 -1 -1 -1 -1 2294 -1 -1 -1 1431 -1 -1 -1 -1 -1 -1 -1 6703 -1 2786 -1 5409 -1
3583 -1 3746 -1 1658 7611 9406 -1 1811 4066 5978 9081 6757 9481 4149 -1 4637 -1 1665 9115 6087 1900 8991 -1 7947 9182 5293 3581 3470 5655 7102 4155 5904 9071 5396 -1 8292 817 8003 4954 6567 8784 1258 115 4700 7663 9319 6454 1969 906 7928 3832 8216 -1 9796 -1 2027 8604 8303 5980 9501 -1 7784 -1 570 -1 5864 7653 9741 -1 8873 -1 6943 -1 1766 8132 7297 -1 7421 4283 8457 6045 5836 -1 9467 7710 4862 -1 7111 2505 7554 6532 3214 -1 2960 6619 7158 -1 5767 -1
5157 -1 6692 -1 -1 -1 242 -1 6893 -1 -1 -1 -1 -1 -1 -1 5497 -1 -1 -1 -1 -1 -1 -1 5692 -1 6836 -1 -1 -1 -1 -1 -1 -1 -1 -1 7309 -1 -1 -1 -1 -1 2253 -1 -1 -1 -1 -1 -1 -1 -1 -1 9597 -1 1968 -1 8413 -1 -1 -1 7331 -1 3364 -1 -1 -1 4265 -1 262 -1 558 -1 9519 -1 -1 -1 4929 -1 9400 -1 -1 -1 -1 -1 2728 -1 -1 -1 5971 -1 -1 -1 77 -1 -1 -1 -1 -1 56 -1
1964 8860 6536 -1 5673 5958 2419 -1 9491 2863 6212 3669 3074 9260 318 -1 8452 5791 1501 1964 4747 -1 2126 8714 5095 -1 8435 8182 9003 427 1403 372 789 8693 4401 6845 5700 2510 2189 -1 2307 6970 9957 -1 4523 5586 4772 -1 5109 6569 7751 5916 7118 -1 5247 1196 1214 -1 176 848 5013 -1 6781 -1 7521 9739 4667 -1 2369 -1 5801 -1 1202 7946 5945 -1 2886 -1 9259 3807 8739 3919 8462 -1 1217 -1 610 3675 6828 4443 1200 -1 7331 -1 8458 4131 1860 6106 2843 -1
869 -1 -1 -1 3834 -1 7560 -1 -1 -1 -1 -1 -1 -1 5037 -1 -1 -1 -1 -1 4830 -1 -1 -1 -1 -1 6116 -1 -1 -1 -1 -1 -1 -1 -1 -1 -1 -1 -1 -1 983 -1 -1 -1 7182 -1 7566 -1 5010 -1 -1 -1 -1 -1 -1 -1 -1 -1 4171 -1 -1 -1 9731 -1 7910 -1 -1 -1 -1 -1 4665 -1 6326 -1 -1 -1 362 -1 -1 -1 -1 -1 -1 -1 1620 -1 -1 -1 -1 -1 1590 -1 9723 -1 8575 -1 -1 -1 -1 -1
7360 9380 2930 -1 2187 -1 8509 -1 9904 3658 6519 7429 6996 -1 7331 326 6301 5587 1296 -1 5274 4379 8007 3559 4572 -1 8890 2405 9133 -1 5744 2137 8011 5741 4527 -1 8539 5037 1454 271 7414 -1 1342 4807 5127 -1 6052 -1 7160 3146 1701 5114 8562 1763 5026 -1 4779 5592 6078 -1 3538 3887 3603 453 7824 -1 3465 7576 4712 -1 701 -1 3184 7440 4391 -1 2012 7824 7177 3664 4686 7093 4378 -1 7369 495 3658 -1 9033 5551 3824 -1 8453 -1 6487 -1 1553 9802 8974 -1
-1 -1 2853 -1 5617 -1 73 -1 -1 -1 4709 -1 7150 -1 -1 -1 -1 -1 6623 -1 -1 -1 -1 -1 8890 -1 -1 -1 2914 -1 4727 -1 -1 -1 190 -1 4990 -1 -1 -1 -1 -1 -1 -1 4105 -1 8237 -1 9243 -1 -1 -1 -1 -1 -1 -1 614 -1 -1 -1 -1 -1 -1 -1 -1 -1 1322 -1 6199 -1 3847 -1 -1 -1 4317 -1 -1 -1 -1 -1 -1 -1 2150 -1 -1 -1 6744 -1 8512 -1 -1 -1 485 -1 1058 -1 5997 -1 7882 -1
2711 -1 392 -1 1671 -1 8493 -1 6385 8020 3304 -1 8323 9542 3253 259 3359 -1 5881 -1 108 9115 9410 2865 3720 -1 4927 3888 6678 -1 8771 9578 9422 -1 3001 -1 4712 2710 4174 483 9262 4892 245 -1 9000 -1 4370 1027 5048 -1 2664 7869 9912 5433 5714 -1 2645 2623 978 4747 7989 6401 9323 1724 5665 4388 9425 -1 8802 -1 3995 2376 8409 424 5029 -1 6333 4307 4876 4747 4976 -1 6219 1071 4035 6220 9602 -1 1370 2480 3583 -1 9807 -1 2310 7750 2497 -1 3493 -1
6282 -1 6824 -1 6508 -1 6386 -1 3160 -1 -1 -1 -1 -1 -1 -1 5226 -1 9713 -1 1952 -1 -1 -1 -1 -1 2597 -1 -1 -1 -1 -1 5905 -1 4583 -1 -1 -1 -1 -1 -1 -1 1993 -1 -1 -1 -1 -1 -1 -1 2095 -1 -1 -1 1558 -1 -1 -1 -1 -1 3310 -1 -1 -1 -1 -1 -1 -1 7674 -1 -1 -1 -1 -1 5560 -1 4615 -1 2719 -1 -1 -1 -1 -1 -1 -1 2743 -1 -1 -1 -1 -1 7563 -1 -1 -1 -1 -1 536 -1
8647 -1 3230 6151 9517 -1 7196 -1 4416 2657 8009 -1 1338 6799 8442 309 9940 -1 5577 9813 8202 -1 1297 6409 368 664 8786 -1 8467 4897 1420 -1 9616 -1 7898 8247 7450 4353 3499 6718 1433 -1 8224 877 7513 -1 2749 6426 9146 7175 3905 -1 2727 -1 1547 -1 6482 271 8350 -1 6918 7513 9902 224 2767 -1 386 -1 3123 5585 6230 9772 4537 5775 1175 5748 1492 -1 6944 -1 4069 4925 8116 180 6133 -1 126 456 3631 1042 267 8564 9191 -1 7142 8429 3753 -1 3002 -1
863 -1 -1 -1 -1 -1 9331 -1 -1 -1 7830 -1 8754 -1 -1 -1 -1 -1 -1 -1 -1 -1 -1 -1 2951 -1 -1 -1 5004 -1 -1 -1 255 -1 -1 -1 -1 -1 -1 -1 8149 -1 -1 -1 423 -1 3370 -1 -1 -1 -1 -1 9730 -1 4717 -1 4200 -1 56 -1 -1 -1 -1 -1 7200 -1 4969 -1 -1 -1 -1 -1 5780 -1 -1 -1 -1 -1 4349 -1 9505 -1 -1 -1 9670 -1 -1 -1 -1 -1 -1 -1 8439 -1 2286 -1 5027 -1 9362 -1
4697 6282 991 7181 1824 -1 9308 -1 6196 9706 9167 -1 6944 -1 9579 6080 1622 821 4604 1885 1501 346 9572 -1 3809 3580 1204 9390 2915 -1 8546 2402 2883 -1 7256 4967 2117 887 1345 -1 3461 -1 1641 8526 9950 -1 2432 5050 5277 -1 785 6102 3248 692 594 -1 8314 -1 4581 6858 9369 8824 4574 -1 853 2849 4749 -1 7739 5909 6155 -1 9920 -1 1994 4398 1072 -1 7493 -1 3899 -1 74 9327 289 8772 8675 -1 244 3664 6857 7666 7492 7823 5575 -1 2228 -1 3531 -1
4306 -1 -1 -1 5199 -1 1767 -1 856 -1 -1 -1 4508 -1 1160 -1 -1 -1 -1 -1 2921 -1 6613 -1 -1 -1 -1 -1 3435 -1 7931 -1 -1 -1 -1 -1 1961 -1 8444 -1 4465 -1 4512 -1 -1 -1 -1 -1 2490 -1 -1 -1 -1 -1 9491 -1 941 -1 -1 -1 -1 -1 2108 -1 -1 -1 -1 -1 4166 -1 5286 -1 -1 -1 5758 -1 1676 -1 -1 -1 885 -1 -1 -1 -1 -1 5777 -1 -1 -1 -1 -1 227 -1 -1 -1 -1 -1 7067 -1
6681 -1 4596 1286 9074 -1 2310 729 4442 -1 7420 9671 5247 -1 6065 1124 560 -1 9701 9977 6849 -1 7743 9884 5894 -1 324 -1 3142 -1 4639 4203 6915 7261 9947 -1 5708 -1 1894 6352 2071 8373 7872 -1 6910 3772 1021 -1 4214 -1 1979 9626 3507 -1 48 -1 595 1818 1767 -1 5975 -1 3374 187 6891 -1 6047 8388 1739 -1 5644 7244 8371 9038 2587 -1 7361 325 8103 -1 752 3532 9296 -1 4036 -1 2213 3954 5862 4897 6396 -1 8351 -1 3410 4630 4816 3628 1728 -1
4108 -1 509 -1 -1 -1 -1 -1 -1 -1 2535 -1 -1 -1 4455 -1 -1 -1 3307 -1 -1 -1 -1 -1 8756 -1 1049 -1 9467 -1 -1 -1 -1 -1 5102 -1 -1 -1 -1 -1 -1 -1 -1 -1 8719 -1 4518 -1 6357 -1 3756 -1 1130 -1 1656 -1 -1 -1 2197 -1 8566 -1 -1 -1 5392 -1 9681 -1 -1 -1 -1 -1 -1 -1 -1 -1 -1 -1 464 -1 9398 -1 6354 -1 6607 -1 -1 -1 -1 -1 494 -1 -1 -1 4781 -1 -1 -1 -1 -1
908 -1 2173 5446 8577 4102 7470 8002 2226 -1 6409 -1 9836 5041 4124 -1 9207 7815 7528 -1 9201 7092 3888 5649 365 -1 9128 501 1031 396 6555 4089 1466 -1 5744 5891 3143 -1 9740 211 2887 2402 9118 994 8102 -1 6468 -1 1450 493 1739 -1 3737 -1 8514 180 2317 -1 6054 -1 651 3935 5811 8449 8691 5802 8568 -1 575 765 8755 -1 3979 2623 8189 -1 8888 -1 5328 -1 218 -1 9909 -1 978 -1 830 8199 5343 -1 5962 -1 6923 1140 6835 -1 6025 593 6131 -1
7515 -1 -1 -1 -1 -1 5619 -1 8763 -1 6404 -1 5223 -1 -1 -1 696 -1 -1 -1 4578 -1 -1 -1 -1 -1 -1 -1 -1 -1 -1 -1 -1 -1 -1 -1 1157 -1 3335 -1 -1 -1 -1 -1 -1 -1 7166 -1 2893 -1 -1 -1 968 -1 -1 -1 4132 -1 7892 -1 -1 -1 -1 -1 -1 -1 -1 -1 9894 -1 4672 -1 6853 -1 9969 -1 9920 -1 2886 -1 -1 -1 8084 -1 7653 -1 8032 -1 3625 -1 4894 -1 6094 -1 -1 -1 5234 -1 163 -1
4045 8639 3818 -1 3885 -1 4653 -1 9460 -1 9024 -1 6299 6907 3879 -1 287 6166 7132 -1 356 3158 6406 1743 2720 6744 836 8347 6353 8722 9522 3316 9710 6015 4746 -1 3369 -1 4877 -1 6368 365 6183 -1 337 2571 6694 -1 265 8442 4322 -1 9638 -1 9167 2013 378 -1 3260 3382 3907 4893 4818 4790 5082 2118 6219 -1 156 -1 3259 6835 6079 -1 9672 8689 5100 -1 8570 9732 1954 -1 6290 -1 3951 1290 9369 -1 8592 -1 4961 -1 7572 -1 2020 1520 668 -1 9475 -1
-1 -1 3224 -1 6938 -1 8956 -1 2048 -1 8368 -1 2321 -1 -1 -1 -1 -1 4593 -1 -1 -1 -1 -1 -1 -1 -1 -1 -1 -1 -1 -1 -1 -1 1773 -1 3082 -1 1498 -1 4783 -1 6263 -1 3991 -1 -1 -1 -1 -1 6313 -1 9414 -1 1465 -1 -1 -1 -1 -1 5793 -1 -1 -1 -1 -1 4314 -1 9886 -1 -1 -1 -1 -1 -1 -1 7307 -1 -1 -1 7296 -1 8056 -1 -1 -1 7537 -1 5304 -1 4338 -1 6593 -1 6010 -1 -1 -1 1971 -1
3463 -1 1052 -1 5744 -1 6402 -1 9548 -1 3480 -1 4300 -1 6101 9155 1627 2519 5817 -1 7574 -1 2228 2671 8188 2329 4128 7104 8246 2949 5780 8158 5781 2003 7883 3367 6314 -1 2398 -1 3836 -1 3214 -1 1728 -1 7861 7219 1578 7223 800 -1 9800 -1 4692 3438 934 4528 9886 -1 6655 -1 6023 6625 2301 5637 1055 -1 9675 -1 9477 1274 7088 -1 2196 -1 4976 823 1626 -1 3846 -1 9651 1581 2892 -1 660 -1 7083 3216 6348 317 1433 -1 4666 -1 7277 2266 9140 -1
5458 -1 6763 -1 644 -1 7112 -1 -1 -1 6111 -1 3264 -1 9253 -1 -1 -1 -1 -1 2680 -1 1392 -1 -1 -1 -1 -1 -1 -1 -1 -1 -1 -1 -1 -1 258 -1 1262 -1 4511 -1 1171 -1 4154 -1 3030 -1 -1 -1 -1 -1 2980 -1 -1 -1 -1 -1 4465 -1 -1 -1 8014 -1 -1 -1 -1 -1 4253 -1 6597 -1 8758 -1 7721 -1 -1 -1 7619 -1 8400 -1 -1 -1 6254 -1 4576 -1 -1 -1 -1 -1 -1 -1 -1 -1 1396 -1 -1 -1
6969 -1 5329 3177 3890 -1 7550 -1 2136 3088 5844 -1 2363 -1 1454 1732 1660 3926 6729 -1 5490 7242 5 -1 8523 906 2755 -1 1123 3220 6453 301 3588 4976 262 -1 2354 -1 3507 1738 677 -1 7616 -1 1830 -1 5245 5631 9535 -1 4470 3690 2299 -1 7434 3104 6262 -1 5601 6437 8906 -1 4715 -1 1284 5222 5627 3278 6047 -1 670 -1 7393 1997 3008 7966 3635 -1 6723 -1 3297 1341 8039 -1 6270 -1 8830 2320 8945 6248 7973 -1 7763 4415 5228 -1 6319 4535 7905 -1
4601 -1 -1 -1 9279 -1 7640 -1 5060 -1 -1 -1 5933 -1 -1 -1 -1 -1 5802 -1 -1 -1 -1 -1 1769 -1 8488 -1 4891 -1 -1 -1 -1 -1 9177 -1 -1 -1 -1 -1 -1 -1 8332 -1 5259 -1 -1 -1 162 -1 5427 -1 -1 -1 -1 -1 9621 -1 -1 -1 7039 -1 672 -1 122 -1 -1 -1 8667 -1 6295 -1 -1 -1 -1 -1 -1 -1 5819 -1 -1 -1 7896 -1 8845 -1 -1 -1 2544 -1 -1 -1 4535 -1 6921 -1 -1 -1 8546 -1
5119 3472 9620 3095 9540 -1 2400 -1 5756 -1 9675 -1 1717 -1 1592 3407 1370 -1 4157 -1 3264 5168 3019 -1 9787 -1 8728 5310 1569 327 1763 3215 3517 -1 4653 3607 901 1574 4068 -1 6816 9122 9439 -1 9838 8644 9848 -1 7979 -1 567 995 6235 3732 4232 -1 3816 712 2654 -1 8749 -1 7370 -1 4239 2278 7875 -1 5804 -1 6267 6104 1819 -1 5890 395 8380 9259 1488 -1 8432 -1 3046 2246 9683 -1 8471 -1 4911 -1 2400 4794 731 -1 332 4271 8837 3265 6725 -1
9625 -1 -1 -1 -1 -1 2477 -1 3356 -1 699 -1 3662 -1 -1 -1 622 -1 933 -1 7040 -1 139 -1 5520 -1 -1 -1 -1 -1 -1 -1 -1 -1 -1 -1 4270 -1 -1 -1 3923 -1 -1 -1 -1 -1 5249 -1 6829 -1 -1 -1 -1 -1 8426 -1 818 -1 7314 -1 359 -1 1245 -1 845 -1 -1 -1 5706 -1 4458 -1 3479 -1 9119 -1 -1 -1 -1 -1 7448 -1 -1 -1 -1 -1 5056 -1 2277 -1 1795 -1 -1 -1 -1 -1 -1 -1 -1 -1
3880 7798 9680 6626 115 -1 796 -1 9428 -1 6966 7873 1581 -1 2141 5489 6752 -1 276 2511 96 -1 9326 -1 6743 3789 2476 -1 6569 9924 1906 4717 4724 2518 415 8414 3687 -1 9470 2636 7988 -1 2994 2018 9393 -1 3816 -1 4801 4937 3818 -1 5697 -1 4065 -1 1875 -1 5772 -1 92 5662 6034 -1 2983 -1 819 4046 9249 -1 2104 -1 43 1652 6205 861 2709 -1 6018 2646 1184 -1 7517 6738 9125 5272 2824 8313 5426 -1 4657 4645 5948 6748 8970 -1 9204 1224 5386 -1
-1 -1 -1 -1 7023 -1 4223 -1 5239 -1 9065 -1 -1 -1 4996 -1 367 -1 -1 -1 -1 -1 3521 -1 -1 -1 7339 -1 1769 -1 653 -1 -1 -1 -1 -1 -1 -1 4204 -1 -1 -1 -1 -1 2886 -1 6086 -1 -1 -1 6457 -1 400 -1 5687 -1 5845 -1 2248 -1 -1 -1 -1 -1 8593 -1 604 -1 -1 -1 -1 -1 -1 -1 -1 -1 8533 -1 4428 -1 -1 -1 7157 -1 -1 -1 -1 -1 -1 -1 -1 -1 -1 -1 250 -1 -1 -1 4849 -1
4526 -1 6082 2230 925 -1 2837 2017 6943 -1 2241 -1 3492 7810 251 -1 7376 4659 7366 -1 4735 4969 1988 117 8968 -1 9915 -1 6537 -1 1989 -1 7328 4166 8203 3402 9067 259 8201 -1 4211 2998 5165 -1 501 3856 8209 -1 2976 908 6655 1432 2491 -1 2905 -1 1521 -1 6637 6547 1337 7526 8961 -1 4255 -1 379 -1 1775 1856 3540 2661 9746 -1 1650 1244 235 6956 1111 -1 3646 5864 1583 9133 3442 785 8653 -1 1834 5988 6014 8591 5598 7734 2287 -1 5254 557 3407 -1
6974 -1 7107 -1 -1 -1 -1 -1 -1 -1 871 -1 9709 -1 -1 -1 -1 -1 2270 -1 9800 -1 -1 -1 -1 -1 7215 -1 849 -1 1430 -1 2287 -1 -1 -1 7574 -1 -1 -1 9549 -1 3436 -1 -1 -1 7204 -1 -1 -1 -1 -1 -1 -1 4186 -1 -1 -1 1915 -1 5425 -1 -1 -1 3515 -1 8414 -1 6839 -1 -1 -1 3079 -1 7533 -1 -1 -1 -1 -1 5730 -1 -1 -1 -1 -1 -1 -1 5359 -1 -1 -1 -1 -1 -1 -1 9474 -1 -1 -1
9120 -1 6337 -1 2173 3953 1842 1964 4275 -1 4425 3916 913 -1 5077 3847 3462 -1 2172 -1 6089 -1 8764 136 622 8734 7337 -1 3751 -1 3345 -1 3294 -1 7546 486 4916 -1 6719 3588 9545 -1 735 3733 5596 -1 1273 7553 6249 3084 8741 9632 5148 9029 8080 -1 6513 9415 6998 -1 7945 -1 6825 1519 4134 -1 7869 4606 670 -1 8242 3662 6005 -1 1982 -1 3252 -1 1533 5525 6990 8658 3980 -1 6808 5049 6285 -1 9612 5634 7954 -1 4281 6750 6025 -1 8932 1486 8076 -1
5268 -1 9504 -1 -1 -1 9009 -1 -1 -1 7846 -1 -1 -1 8824 -1 5154 -1 -1 -1 5285 -1 5821 -1 -1 -1 -1 -1 1132 -1 8169 -1 3681 -1 -1 -1 -1 -1 9067 -1 -1 -1 -1 -1 2738 -1 -1 -1 -1 -1 -1 -1 -1 -1 -1 -1 5120 -1 -1 -1 -1 -1 7788 -1 -1 -1 -1 -1 -1 -1 4843 -1 -1 -1 347 -1 4805 -1 9136 -1 -1 -1 -1 -1 876 -1 7710 -1 -1 -1 4022 -1 2368 -1 5426 -1 9957 -1 5198 -1
565 1347 3777 -1 4628 5213 8426 -1 7676 4701 7111 -1 1424 1832 6607 -1 9251 9783 843 -1 4037 -1 8473 3908 4423 479 6350 -1 5121 -1 1029 -1 6957 9333 206 8396 8762 6150 2489 -1 2688 7601 5558 -1 9991 5946 3627 -1 3737 9526 2168 9292 9560 3769 4964 -1 2328 3625 5094 2218 8932 1259 603 -1 825 1578 7845 7146 7800 -1 9229 -1 8567 5140 5255 295 8820 -1 1283 -1 3094 5910 8892 5165 9446 -1 1208 -1 6642 9682 9263 -1 46 -1 7605 -1 6747 -1 5798 -1
3333 -1 -1 -1 4725 -1 -1 -1 2730 -1 -1 -1 6221 -1 -1 -1 -1 -1 4041 -1 1848 -1 -1 -1 7003 -1 -1 -1 8821 -1 73 -1 -1 -1 -1 -1 -1 -1 -1 -1 -1 -1 6115 -1 -1 -1 4244 -1 5581 -1 -1 -1 -1 -1 8017 -1 2647 -1 -1 -1 -1 -1 -1 -1 -1 -1 -1 -1 4798 -1 4407 -1 -1 -1 -1 -1 -1 -1 9064 -1 7678 -1 -1 -1 -1 -1 1922 -1 3855 -1 -1 -1 4711 -1 7226 -1 -1 -1 4889 -1
2048 6599 6330 -1 7493 2832 6407 718 7986 -1 6460 3230 5824 -1 6684 3927 7501 -1 3982 -1 4111 7565 2286 8201 9600 -1 8886 8830 322 -1 5342 -1 6585 7263 3798 6113 2482 1352 4649 9066 4844 -1 2077 2626 3816 -1 4853 -1 2055 5431 8921 1196 2641 -1 1586 -1 437 -1 7371 7759 7468 1149 5152 9911 6029 4576 5609 5491 8310 -1 4544 -1 6111 2502 4445 6606 8382 -1 9330 -1 2155 1275 1329 -1 9562 9486 2840 -1 7138 -1 8635 6735 166 -1 7475 6433 4285 2314 1967 -1
-1 -1 6766 -1 2949 -1 -1 -1 -1 -1 9186 -1 -1 -1 4634 -1 4752 -1 9381 -1 7356 -1 -1 -1 -1 -1 6057 -1 -1 -1 9288 -1 9876 -1 -1 -1 -1 -1 -1 -1 3197 -1 8156 -1 9742 -1 7114 -1 -1 -1 7307 -1 -1 -1 9945 -1 6574 -1 4052 -1 -1 -1 8726 -1 -1 -1 -1 -1 -1 -1 620 -1 9073 -1 -1 -1 7272 -1 7941 -1 -1 -1 9363 -1 2545 -1 -1 -1 1473 -1 5132 -1 7977 -1 -1 -1 -1 -1 8213 -1
327 6598 6551 -1 547 7606 6990 1161 7799 -1 473 -1 9132 7421 3113 -1 7502 -1 8404 -1 2420 -1 4343 9746 73 -1 229 -1 257 4844 8522 -1 3639 5658 7357 2159 5117 3914 9734 -1 2542 8761 6924 -1 6099 -1 3109 6267 2757 -1 2741 -1 3659 4270 3605 -1 7292 -1 87 -1 9830 1458 9716 -1 2548 8787 8912 8941 6567 -1 3384 1603 5350 -1 2327 -1 3745 8781 4710 -1 6975 4114 7081 -1 6597 6612 4686 -1 3257 -1 3014 -1 9328 -1 4653 9934 6410 -1 9340 -1
300 -1 -1 -1 -1 -1 -1 -1 -1 -1 5141 -1 5685 -1 -1 -1 -1 -1 5202 -1 8409 -1 5911 -1 -1 -1 3591 -1 7624 -1 -1 -1 3989 -1 -1 -1 -1 -1 3323 -1 -1 -1 -1 -1 5766 -1 -1 -1 1268 -1 1496 -1 4721 -1 -1 -1 2988 -1 -1 -1 8622 -1 3287 -1 3002 -1 -1 -1 941 -1 1004 -1 -1 -1 3284 -1 -1 -1 -1 -1 1612 -1 -1 -1 -1 -1 9004 -1 2378 -1 -1 -1 1349 -1 4103 -1 -1 -1 348 -1
873 -1 6403 5681 3376 7348 7738 4703 9687 3676 24 -1 6019 4489 4065 9754 8185 -1 6022 -1 3070 4319 4468 -1 9975 3255 3003 -1 7320 267 8184 -1 1717 9698 9718 -1 8031 8400 1903 -1 6422 4840 4231 9172 1961 -1 5368 -1 612 -1 9978 -1 8326 9354 4505 -1 5183 5528 6716 -1 7848 -1 9485 -1 2268 -1 1922 -1 7465 -1 6067 -1 2129 1545 3203 6959 1153 9584 2390 -1 6624 3022 7086 -1 840 -1 7281 -1 9701 7744 8737 5274 3483 -1 9882 -1 868 8683 9981 -1
8871 -1 1067 -1 -1 -1 -1 -1 -1 -1 -1 -1 -1 -1 -1 -1 1936 -1 6107 -1 -1 -1 -1 -1 4467 -1 -1 -1 -1 -1 9764 -1 -1 -1 3541 -1 3962 -1 -1 -1 -1 -1 4669 -1 -1 -1 5909 -1 1251 -1 -1 -1 -1 -1 9883 -1 -1 -1 3753 -1 8084 -1 3322 -1 8189 -1 8235 -1 3049 -1 6055 -1 -1 -1 -1 -1 1456 -1 3681 -1 -1 -1 6915 -1 1896 -1 7202 -1 -1 -1 -1 -1 -1 -1 711 -1 898 -1 -1 -1
8796 6534 8301 -1 9270 1978 515 5217 5071 2917 3191 5721 8867 1929 8508 5549 9100 -1 3489 2292 738 5985 7280 1317 8366 -1 2885 -1 7275 7160 4934 -1 4778 4636 6385 -1 5803 6057 7756 3718 4079 -1 1251 2052 8598 1185 7020 -1 8403 4217 121 9428 6357 -1 9848 -1 4994 8276 273 -1 5128 -1 2 -1 69 -1 9654 -1 2466 -1 8908 3773 7952 3289 5612 8477 6949 -1 1468 13 735 -1 1281 835 7009 -1 4632 1204 1160 8189 3833 2678 1812 9398 1981 7398 5753 -1 998 -1
-1 -1 -1 -1 7089 -1 -1 -1 -1 -1 -1 -1 6966 -1 -1 -1 1856 -1 -1 -1 -1 -1 -1 -1 -1 -1 3071 -1 8684 -1 -1 -1 1021 -1 -1 -1 -1 -1 -1 -1 6559 -1 -1 -1 -1 -1 2702 -1 -1 -1 -1 -1 7352 -1 3604 -1 2974 -1 -1 -1 8014 -1 4789 -1 2993 -1 5365 -1 811 -1 -1 -1 -1 -1 -1 -1 -1 -1 -1 -1 4709 -1 -1 -1 5405 -1 -1 -1 -1 -1 -1 -1 -1 -1 -1 -1 -1 -1 3815 -1
2347 9061 6079 -1 1032 -1 7572 2784 3184 -1 4628 521 831 -1 904 3541 5556 -1 7787 4006 6252 4390 6064 1542 7716 -1 8564 8697 9658 -1 6622 631 7384 9340 9680 -1 7122 5552 2868 7039 5460 -1 3212 1839 3961 -1 3419 -1 1932 2100 5273 -1 7679 -1 51 4187 6595 4261 2553 2993 3706 -1 2943 -1 9021 -1 7013 -1 9890 7384 6969 8051 6155 3483 3466 9506 3478 3288 8134 -1 9205 -1 3245 3894 4249 -1 6871 3143 4826 -1 3903 5687 1603 8001 8597 2713 150 -1 6336 -1
1463 -1 392 -1 8433 -1 6010 -1 2622 -1 3874 -1 -1 -1 8271 -1 -1 -1 -1 -1 3082 -1 -1 -1 9148 -1 688 -1 -1 -1 -1 -1 -1 -1 -1 -1 7193 -1 -1 -1 -1 -1 2707 -1 3783 -1 975 -1 9832 -1 2069 -1 5399 -1 -1 -1 -1 -1 -1 -1 -1 -1 -1 -1 311 -1 9632 -1 -1 -1 -1 -1 -1 -1 -1 -1 -1 -1 9725 -1 4379 -1 9308 -1 -1 -1 800 -1 9708 -1 -1 -1 6284 -1 -1 -1 7126 -1 9000 -1
7697 -1 8994 -1 8903 -1 6162 -1 6771 8418 4337 -1 3661 9892 9958 2117 8623 -1 8367 1506 8200 -1 1217 6285 4426 -1 8140 1938 8938 3559 1513 4958 131 1534 1632 -1 3532 -1 1881 2397 2830 2760 4942 -1 9256 -1 332 7658 4713 -1 9828 -1 4218 7720 7398 2019 2863 9852 1864 -1 3394 3779 1843 193 9637 -1 4755 6769 8672 6391 5691 7077 9531 -1 8503 2244 4662 -1 236 -1 1536 -1 2179 -1 7164 2292 4559 -1 691 2008 3433 -1 1465 1879 8321 -1 4603 7145 8714 -1
8957 -1 -1 -1 2440 -1 2321 -1 -1 -1 -1 -1 -1 -1 -1 -1 4780 -1 1569 -1 -1 -1 -1 -1 -1 -1 -1 -1 -1 -1 -1 -1 -1 -1 3641 -1 6539 -1 1969 -1 6467 -1 -1 -1 9018 -1 -1 -1 -1 -1 9542 -1 -1 -1 -1 -1 -1 -1 2968 -1 4961 -1 -1 -1 -1 -1 9929 -1 -1 -1 -1 -1 2852 -1 9770 -1 8520 -1 3058 -1 -1 -1 7594 -1 -1 -1 2169 -1 -1 -1 4536 -1 107 -1 8451 -1 -1 -1 -1 -1
5676 -1 2259 4101 817 -1 1114 -1 1575 4846 7025 9455 5918 1571 7593 -1 7559 534 8217 -1 42 3126 2282 8950 1749 9697 5856 1464 8721 4137 5800 -1 3983 -1 3969 3178 9504 -1 8427 -1 7535 -1 2207 -1 1666 8582 3857 -1 8554 6885 4517 -1 1796 2847 2905 8048 5421 -1 7930 9447 6721 -1 3921 -1 6417 7100 153 -1 2435 -1 7 8076 5084 -1 410 -1 9932 -1 1587 9593 8415 -1 3820 4214 3710 7488 9036 -1 3616 -1 2798 -1 1264 -1 2924 2005 1941 5498 5543 -1
6918 -1 2342 -1 -1 -1 1684 -1 6242 -1 -1 -1 -1 -1 4731 -1 -1 -1 -1 -1 5273 -1 -1 -1 2633 -1 -1 -1 -1 -1 2560 -1 5949 -1 -1 -1 -1 -1 -1 -1 5845 -1 2512 -1 -1 -1 7288 -1 2367 -1 -1 -1 2104 -1 -1 -1 1338 -1 -1 -1 -1 -1 199 -1 7300 -1 9574 -1 7006 -1 7947 -1 -1 -1 -1 -1 2456 -1 -1 -1 8399 -1 -1 -1 -1 -1 -1 -1 9172 -1 4805 -1 2257 -1 -1 -1 -1 -1 4633 -1
2118 5965 636 -1 544 -1 1564 9421 3104 -1 624 4660 9887 -1 8274 -1 2696 6784 8937 373 1028 -1 3948 -1 3075 3497 713 -1 9856 3994 1275 -1 8599 3085 3922 3630 905 3602 6225 8232 9433 -1 692 461 499 -1 848 -1 4013 3364 4876 -1 3770 -1 6119 9044 6486 -1 3376 -1 7614 7545 5429 9126 2554 -1 289 -1 7575 6200 4045 8597 3951 4607 8277 -1 3914 4378 8585 -1 8165 7837 8616 6444 8450 9677 3295 589 5304 -1 1045 -1 9807 5134 3854 -1 59 5031 9877 -1
7125 -1 -1 -1 4480 -1 -1 -1 -1 -1 8177 -1 6152 -1 9978 -1 8450 -1 -1 -1 -1 -1 3402 -1 -1 -1 8566 -1 -1 -1 1869 -1 5038 -1 2819 -1 -1 -1 -1 -1 -1 -1 -1 -1 5116 -1 5457 -1 -1 -1 9215 -1 4310 -1 2125 -1 8771 -1 3753 -1 8891 -1 -1 -1 -1 -1 1829 -1 -1 -1 -1 -1 -1 -1 1164 -1 3085 -1 2904 -1 -1 -1 -1 -1 -1 -1 -1 -1 6426 -1 6299 -1 -1 -1 4240 -1 917 -1 4305 -1
2412 7458 6350 -1 8873 2258 7496 7892 3375 -1 9029 -1 845 5074 1647 -1 448 4774 2807 -1 644 6283 9286 5842 7179 -1 7124 1297 6024 -1 4837 5274 51 -1 8352 -1 5185 8471 4428 -1 3108 2825 6024 -1 5322 4251 108 8317 5730 -1 6898 -1 7006 -1 3360 -1 8139 -1 6831 956 8938 -1 4999 5235 4718 -1 7938 4997 8786 5579 4924 7026 5391 -1 9493 1008 6389 -1 3617 6688 1282 1148 5449 -1 261 801 7689 -1 460 3529 3836 -1 7802 5479 5707 -1 254 -1 7713 -1
-1 -1 4149 -1 4705 -1 4558 -1 -1 -1 1467 -1 -1 -1 -1 -1 -1 -1 5372 -1 2653 -1 -1 -1 7547 -1 -1 -1 4110 -1 9466 -1 -1 -1 -1 -1 8128 -1 8654 -1 1666 -1 6505 -1 -1 -1 -1 -1 7129 -1 477 -1 -1 -1 5753 -1 4824 -1 -1 -1 -1 -1 1486 -1 7290 -1 -1 -1 -1 -1 -1 -1 4226 -1 -1 -1 -1 -1 -1 -1 -1 -1 4742 -1 6605 -1 8154 -1 -1 -1 -1 -1 -1 -1 -1 -1 2948 -1 1583 -1
9408 -1 2549 -1 8723 -1 7449 9452 4890 -1 7528 640 4194 8423 209 2882 4438 -1 7430 -1 8313 4689 9672 -1 6717 -1 4117 3154 7575 -1 7542 -1 8779 9617 373 7324 6808 -1 3318 -1 8383 -1 2274 5348 8849 8238 9181 -1 76 -1 3309 9098 3909 -1 7908 -1 4408 2165 7663 2596 7234 -1 3874 -1 4237 2801 1620 -1 2040 2832 5361 -1 1689 9283 536 -1 5431 8656 6328 4306 7779 -1 5618 6104 8782 -1 981 -1 4709 7289 9506 2597 6555 8813 7033 956 2661 -1 3190 -1
4034 -1 8986 -1 4883 -1 -1 -1 2919 -1 -1 -1 -1 -1 -1 -1 4765 -1 7751 -1 -1 -1 1585 -1 5810 -1 3834 -1 -1 -1 -1 -1 7396 -1 -1 -1 -1 -1 6305 -1 7706 -1 -1 -1 -1 -1 4576 -1 -1 -1 -1 -1 5404 -1 1200 -1 -1 -1 -1 -1 2455 -1 6261 -1 -1 -1 9059 -1 3857 -1 2099 -1 5008 -1 8907 -1 -1 -1 7708 -1 -1 -1 -1 -1 -1 -1 8552 -1 1393 -1 -1 -1 -1 -1 -1 -1 -1 -1 4832 -1
2777 4832 2728 -1 1444 2955 3147 -1 2404 -1 3146 6060 4718 2470 880 -1 3962 -1 5500 -1 1518 9315 7481 -1 5566 -1 6444 2550 881 -1 5420 7592 4938 -1 4918 7863 8037 -1 4136 -1 1591 3522 7505 -1 3855 226 4159 -1 9412 3213 8588 -1 1316 5323 3 -1 3276 6152 1486 -1 7961 1751 5723 -1 1301 -1 8101 -1 1191 -1 1470 -1 9036 -1 2990 9379 4572 -1 5671 8348 6393 -1 2610 1642 6299 -1 3593 -1 8624 9015 3026 -1 180 -1 9252 3243 6742 -1 2421 -1
7331 -1 -1 -1 -1 -1 -1 -1 3129 -1 3083 -1 5035 -1 6031 -1 4049 -1 9734 -1 8210 -1 -1 -1 9507 -1 -1 -1 4615 -1 5558 -1 -1 -1 -1 -1 1756 -1 8797 -1 -1 -1 485 -1 8340 -1 -1 -1 1374 -1 3318 -1 -1 -1 -1 -1 3494 -1 2762 -1 -1 -1 -1 -1 8042 -1 7867 -1 6852 -1 1601 -1 8782 -1 -1 -1 3042 -1 -1 -1 5784 -1 1610 -1 6661 -1 4791 -1 4883 -1 4937 -1 2121 -1 9987 -1 6640 -1 2859 -1
7758 3202 6848 1492 1982 -1 4880 4948 8202 -1 1023 -1 9730 -1 6532 -1 2036 4712 6055 -1 9180 1760 1409 -1 2369 64 6393 -1 6993 8634 1450 -1 5338 4032 4353 -1 3295 -1 2743 7436 4618 -1 9011 -1 7421 2126 1561 4607 6397 -1 7814 5833 5242 4679 3945 7464 5681 -1 1474 -1 3575 8948 170 9118 7428 9499 2050 -1 996 -1 3704 -1 1043 4819 6848 -1 8388 5107 2811 -1 9087 3432 4755 -1 3246 -1 2988 -1 1512 -1 1274 -1 3491 4361 1082 -1 6127 -1 8182 -1
-1 -1 -1 -1 8954 -1 8182 -1 -1 -1 3115 -1 4883 -1 -1 -1 -1 -1 -1 -1 6386 -1 347 -1 -1 -1 -1 -1 -1 -1 -1 -1 2890 -1 5655 -1 7796 -1 926 -1 -1 -1 5904 -1 -1 -1 -1 -1 -1 -1 -1 -1 3963 -1 2136 -1 -1 -1 -1 -1 3524 -1 -1 -1 -1 -1 -1 -1 1333 -1 4958 -1 -1 -1 -1 -1 -1 -1 7769 -1 -1 -1 -1 -1 6343 -1 4571 -1 6734 -1 3649 -1 6740 -1 -1 -1 7998 -1 7310 -1
3207 2870 7782 -1 4951 -1 8066 4789 2419 1831 3715 -1 2481 5852 5422 8104 120 -1 2498 8704 3271 -1 564 7730 5422 6481 6049 2675 6461 9492 7781 9905 6853 -1 1713 7192 6334 -1 3589 8720 2811 497 2367 -1 9407 300 6967 4736 9591 -1 2693 1531 7050 -1 443 -1 3848 518 6724 3588 7330 -1 6916 853 161 510 7654 1881 6830 -1 2213 5741 4858 4302 6303 529 816 -1 9946 -1 3245 3006 6230 9498 2641 -1 2271 -1 2800 -1 7590 -1 2838 784 4400 -1 8880 -1 4039 -1
5858 -1 -1 -1 3297 -1 9689 -1 -1 -1 -1 -1 -1 -1 832 -1 830 -1 -1 -1 -1 -1 4498 -1 -1 -1 -1 -1 -1 -1 -1 -1 8453 -1 -1 -1 459 -1 -1 -1 -1 -1 -1 -1 -1 -1 449 -1 1501 -1 3473 -1 -1 -1 4283 -1 9414 -1 -1 -1 -1 -1 -1 -1 -1 -1 -1 -1 2338 -1 -1 -1 -1 -1 -1 -1 9168 -1 9985 -1 8144 -1 -1 -1 -1 -1 9387 -1 3330 -1 1944 -1 -1 -1 -1 -1 9627 -1 8812 -1
9613 3441 9119 5852 7894 -1 6635 -1 5215 9568 6217 4731 1713 -1 4539 -1 2030 969 3953 9614 2226 -1 8234 -1 4585 7851 2828 3528 8902 -1 831 8706 5790 -1 964 7851 5442 2394 2453 -1 270 1974 7714 453 2833 363 7477 -1 205 -1 4782 -1 4029 7247 4449 -1 4751 -1 3614 7518 9768 5831 4453 3139 8596 4753 7135 340 5718 -1 2129 7781 4915 4827 7311 4861 4675 6336 8957 -1 7494 1253 5580 3505 1934 -1 6548 -1 6028 -1 7169 2726 245 6102 457 -1 5306 -1 9243 -1
1969 -1 -1 -1 -1 -1 4511 -1 5776 -1 4769 -1 -1 -1 9049 -1 -1 -1 -1 -1 6456 -1 4504 -1 6490 -1 -1 -1 254 -1 1217 -1 -1 -1 -1 -1 -1 -1 8532 -1 4054 -1 -1 -1 -1 -1 -1 -1 726 -1 1633 -1 -1 -1 4427 -1 3537 -1 -1 -1 -1 -1 3240 -1 -1 -1 -1 -1 -1 -1 -1 -1 -1 -1 -1 -1 -1 -1 -1 -1 -1 -1 -1 -1 3545 -1 4130 -1 77 -1 -1 -1 -1 -1 3369 -1 3141 -1 1790 -1
3312 9770 7349 -1 5675 4344 2627 1690 2357 -1 5342 -1 1179 7875 5472 -1 5356 2984 3416 -1 2449 -1 3096 -1 5259 -1 4137 6472 6596 -1 9933 -1 4803 8380 8217 -1 1882 -1 646 -1 6172 8935 6724 5365 8471 -1 7605 -1 9711 -1 4556 9708 3740 -1 3315 -1 5383 4029 7661 5259 3629 -1 4643 6442 2475 7458 3805 8744 4474 3830 8159 9093 9925 5235 9870 3453 7392 1790 3685 -1 7001 5968 3299 -1 5179 9877 5020 -1 3497 9632 9228 526 2942 -1 6063 -1 8172 -1 7546 -1
-1 -1 7482 -1 -1 -1 -1 -1 -1 -1 5517 -1 1481 -1 -1 -1 8836 -1 -1 -1 2095 -1 9755 -1 2983 -1 6488 -1 -1 -1 7799 -1 6675 -1 1067 -1 4979 -1 4940 -1 -1 -1 -1 -1 853 -1 3545 -1 5759 -1 -1 -1 6664 -1 1524 -1 -1 -1 -1 -1 660 -1 5933 -1 -1 -1 -1 -1 -1 -1 -1 -1 -1 -1 -1 -1 -1 -1 308 -1 8483 -1 8231 -1 -1 -1 4431 -1 -1 -1 7017 -1 -1 -1 9676 -1 2878 -1 3206 -1
1925 -1 6024 1834 2914 4196 4750 5875 6894 -1 7934 -1 6344 -1 104 -1 5334 9058 9194 8634 8273 -1 7102 933 2713 -1 8050 6880 9695 -1 846 -1 3681 -1 7055 -1 3667 2294 814 -1 107 7852 4915 9845 8074 -1 7069 -1 1980 3653 6668 -1 160 -1 5588 5091 612 9106 7823 -1 1954 -1 860 -1 1388 6568 1141 7813 6850 8562 7392 2230 5710 4330 6173 9801 7138 -1 7860 3199 5204 -1 8020 8233 8313 -1 5943 -1 3875 -1 378 -1 2025 2235 7701 -1 6467 2884 5278 -1
5567 -1 -1 -1 -1 -1 -1 -1 3639 -1 6299 -1 6725 -1 6109 -1 7125 -1 -1 -1 -1 -1 -1 -1 -1 -1 -1 -1 8833 -1 6632 -1 3173 -1 3844 -1 8621 -1 -1 -1 9742 -1 -1 -1 -1 -1 4560 -1 -1 -1 6575 -1 5693 -1 -1 -1 -1 -1 5515 -1 2116 -1 3958 -1 57 -1 9520 -1 -1 -1 854 -1 -1 -1 -1 -1 -1 -1 -1 -1 -1 -1 -1 -1 6780 -1 7197 -1 3405 -1 6894 -1 8021 -1 -1 -1 3421 -1 -1 -1
9884 3586 5143 4479 3126 3615 2981 -1 2016 -1 9728 -1 9200 -1 4843 -1 5676 -1 1794 3484 3846 2831 5976 974 9728 7089 8920 -1 8884 -1 1816 4608 4715 -1 9576 -1 9153 1603 4333 -1 6314 3060 821 -1 9047 5697 1187 -1 1355 3520 2930 -1 227 -1 7579 -1 2561 367 8544 -1 6725 -1 6360 -1 3519 -1 6978 -1 1454 3581 6035 -1 3201 8656 2029 9976 6227 5427 6345 7594 7888 -1 624 2142 9605 -1 7681 -1 438 4461 6837 -1 4235 -1 1199 -1 3644 -1 9829 -1
-1 -1 104 -1 -1 -1 -1 -1 9713 -1 6869 -1 7639 -1 1111 -1 9807 -1 7788 -1 7003 -1 -1 -1 -1 -1 4525 -1 -1 -1 -1 -1 -1 -1 7383 -1 -1 -1 8818 -1 -1 -1 3846 -1 2330 -1 -1 -1 3054 -1 -1 -1 7091 -1 8262 -1 1399 -1 -1 -1 4295 -1 5307 -1 -1 -1 2359 -1 -1 -1 -1 -1 1658 -1 -1 -1 -1 -1 -1 -1 5324 -1 1965 -1 -1 -1 9002 -1 8441 -1 -1 -1 4013 -1 5788 -1 4465 -1 8114 -1
33 9957 6834 -1 1894 7105 3179 8979 8856 -1 3558 -1 5765 -1 5164 1811 5557 -1 1175 -1 6270 -1 6337 4258 440 -1 435 -1 9671 2895 3891 -1 6536 6541 8711 -1 3510 7653 7493 -1 1159 8979 4347 -1 1211 754 6258 -1 7114 -1 1289 9358 7915 -1 8264 -1 2059 1356 4214 -1 8013 -1 2991 1598 6488 -1 2815 2415 1662 3669 7755 -1 9608 1973 3582 -1 8133 6473 4998 -1 314 8517 3089 -1 5457 -1 3164 -1 3896 -1 5764 7032 993 -1 4052 -1 5771 -1 4745 -1
7553 -1 -1 -1 1221 -1 -1 -1 -1 -1 -1 -1 3049 -1 1996 -1 -1 -1 3922 -1 -1 -1 4508 -1 3006 -1 4229 -1 1863 -1 9290 -1 786 -1 -1 -1 -1 -1 9928 -1 528 -1 -1 -1 6939 -1 8868 -1 4017 -1 1155 -1 -1 -1 6098 -1 -1 -1 3222 -1 7438 -1 -1 -1 6095 -1 -1 -1 -1 -1 4594 -1 -1 -1 7120 -1 8782 -1 -1 -1 -1 -1 -1 -1 8393 -1 5003 -1 -1 -1 7547 -1 -1 -1 8880 -1 6487 -1 5883 -1
4259 30 718 4444 8833 -1 2698 4608 9345 6667 212 7922 5507 -1 4863 -1 3654 7942 4506 -1 8575 2267 2822 -1 8278 -1 1452 4422 47 -1 1670 -1 4184 2990 3347 7643 1473 -1 1348 -1 1970 -1 7305 -1 3098 -1 7808 2141 9090 -1 1683 -1 6077 -1 137 1690 9697 1533 8820 -1 6925 430 8191 -1 2059 7570 8299 7764 493 7785 5340 -1 8854 -1 9660 -1 8387 2886 6529 8192 7612 6617 1796 6788 4992 6981 2358 -1 5359 8583 6969 -1 9993 2769 9025 -1 383 -1 5154 -1
1886 -1 -1 -1 -1 -1 2601 -1 -1 -1 9390 -1 -1 -1 8871 -1 162 -1 -1 -1 2157 -1 -1 -1 7837 -1 -1 -1 -1 -1 4425 -1 -1 -1 -1 -1 5359 -1 1792 -1 4096 -1 6061 -1 3857 -1 -1 -1 -1 -1 7066 -1 8850 -1 2629 -1 -1 -1 -1 -1 -1 -1 14 -1 -1 -1 -1 -1 -1 -1 7420 -1 2083 -1 6554 -1 -1 -1 -1 -1 -1 -1 8296 -1 -1 -1 -1 -1 6740 -1 -1 -1 5556 -1 296 -1 9307 -1 5306 -1
9196 -1 8851 3682 1518 4747 3600 6761 1750 -1 2109 -1 1611 -1 1838 -1 7047 6451 9312 2981 3081 -1 4538 4526 5970 -1 4795 8640 4563 7460 7760 -1 1502 1521 8782 4910 349 -1 4144 -1 2914 -1 6882 -1 2352 1970 8516 -1 3778 -1 8382 -1 7598 -1 1045 8684 9302 -1 134 5302 5088 -1 1009 -1 8619 6693 9807 6239 1035 -1 5009 7850 6358 -1 6258 9061 6405 9154 3524 9032 3898 -1 5724 -1 2533 8164 1548 9692 5532 -1 3357 4217 6205 -1 7838 -1 6229 -1 2306 -1
3143 -1 -1 -1 -1 -1 -1 -1 -1 -1 3599 -1 4034 -1 2504 -1 -1 -1 -1 -1 -1 -1 9281 -1 -1 -1 666 -1 -1 -1 -1 -1 2596 -1 -1 -1 -1 -1 6260 -1 233 -1 1245 -1 -1 -1 9692 -1 9351 -1 527 -1 9733 -1 5525 -1 -1 -1 5423 -1 9162 -1 2327 -1 3960 -1 -1 -1 34 -1 -1 -1 -1 -1 4098 -1 -1 -1 -1 -1 8571 -1 6429 -1 -1 -1 7141 -1 -1 -1 8798 -1 -1 -1 130 -1 7564 -1 9640 -1
9412 6573 238 -1 3496 7280 6219 1264 3089 9799 3468 -1 2081 -1 2235 9832 5427 722 3613 4857 2140 -1 3157 7902 5116 -1 2517 5277 976 1660 9746 2808 5161 -1 4919 7607 7199 -1 5083 4959 6604 -1 7310 -1 6193 2483 2468 -1 2536 -1 6935 -1 6942 8463 3801 -1 561 2059 1899 -1 9845 695 5243 -1 7711 7746 6460 -1 1068 6854 8313 2777 8716 -1 1644 7136 7568 -1 4730 -1 6879 -1 4383 5074 6065 777 8170 -1 912 8710 2762 -1 4573 -1 5222 7400 6494 -1 7122 -1
-1 -1 514 -1 821 -1 -1 -1 -1 -1 -1 -1 5836 -1 -1 -1 -1 -1 -1 -1 5473 -1 -1 -1 4443 -1 -1 -1 -1 -1 -1 -1 -1 -1 2245 -1 7240 -1 -1 -1 -1 -1 9511 -1 1376 -1 -1 -1 8493 -1 228 -1 -1 -1 -1 -1 7132 -1 -1 -1 -1 -1 -1 -1 -1 -1 8580 -1 -1 -1 -1 -1 5606 -1 -1 -1 5745 -1 119 -1 2997 -1 -1 -1 -1 -1 -1 -1 5315 -1 -1 -1 4215 -1 -1 -1 -1 -1 2088 -1
1155 -1 726 8889 4058 -1 4430 6212 6263 9859 693 140 5046 6269 3688 -1 6558 9397 9653 -1 9258 386 452 9955 3447 -1 2208 347 2011 447 1685 -1 5600 2220 2822 -1 8800 -1 9695 9549 9101 5754 8173 -1 1535 -1 6296 7267 4748 -1 6063 4076 7456 -1 7842 3113 9473 -1 6629 6894 470 30 680 4515 9909 9882 5842 -1 1020 1162 6998 7380 4623 -1 2943 1498 1893 4062 8142 -1 7664 1498 6802 -1 3800 3936 3119 -1 9412 -1 2771 3670 4021 5909 6484 542 5938 -1 2042 -1
9013 -1 -1 -1 -1 -1 6036 -1 3538 -1 -1 -1 1555 -1 -1 -1 8592 -1 9794 -1 -1 -1 -1 -1 -1 -1 8410 -1 -1 -1 5257 -1 9990 -1 8725 -1 -1 -1 9754 -1 2545 -1 -1 -1 68 -1 3186 -1 -1 -1 -1 -1 304 -1 297 -1 -1 -1 8603 -1 -1 -1 -1 -1 -1 -1 -1 -1 5455 -1 -1 -1 -1 -1 8383 -1 -1 -1 -1 -1 2586 -1 5342 -1 7057 -1 -1 -1 8480 -1 8527 -1 -1 -1 -1 -1 6991 -1 754 -1
6188 9420 1657 798 2304 6162 7275 -1 7608 3027 5675 -1 3569 -1 2377 9556 43 -1 4810 280 7247 2737 362 1196 9631 -1 7763 733 8290 -1 594 6408 4852 -1 4486 4679 979 2819 8059 -1 5263 7158 407 2891 8712 -1 6747 1150 9911 -1 3759 9737 9448 -1 4660 -1 5019 7172 3370 8716 80 -1 4738 8416 3444 1487 8545 -1 1551 2916 114 -1 8896 9719 8084 -1 5881 4715 1846 -1 3027 -1 3055 -1 196 765 3584 7720 689 7602 2366 -1 8354 5314 9200 5044 4933 -1 1965 -1
6509 -1 -1 -1 -1 -1 -1 -1 -1 -1 7162 -1 1489 -1 3789 -1 -1 -1 -1 -1 9205 -1 -1 -1 -1 -1 -1 -1 7808 -1 -1 -1 -1 -1 -1 -1 -1 -1 -1 -1 -1 -1 -1 -1 -1 -1 5245 -1 1773 -1 5318 -1 -1 -1 2834 -1 -1 -1 -1 -1 9943 -1 3684 -1 9941 -1 -1 -1 -1 -1 6054 -1 6746 -1 -1 -1 1764 -1 7682 -1 -1 -1 6228 -1 -1 -1 -1 -1 -1 -1 -1 -1 -1 -1 -1 -1 5482 -1 2243 -1
6201 -1 3769 3679 9186 2030 6927 7285 2739 6426 7744 -1 5837 -1 418 5170 8651 -1 9952 -1 3594 1963 1589 2209 4240 -1 1015 5960 9512 -1 8414 8203 2707 9709 9122 2521 3233 7525 6277 6524 6940 1839 6298 2923 4832 -1 1866 -1 5832 -1 7926 4801 1257 4854 6021 -1 9500 2817 2283 4464 9252 -1 4997 -1 6002 8920 8356 2741 8188 -1 7582 -1 765 2317 8980 -1 2660 -1 9040 188 3633 -1 2392 6137 3319 3076 3951 -1 4449 4723 7988 3267 8154 795 6416 -1 2869 4820 8174 -1
-1 -1 434 -1 -1 -1 -1 -1 -1 -1 -1 -1 8580 -1 -1 -1 3469 -1 7195 -1 -1 -1 -1 -1 3474 -1 8926 -1 -1 -1 9922 -1 -1 -1 3440 -1 8693 -1 -1 -1 -1 -1 -1 -1 -1 -1 7336 -1 1114 -1 -1 -1 -1 -1 -1 -1 1070 -1 -1 -1 -1 -1 -1 -1 -1 -1 8691 -1 7946 -1 5032 -1 -1 -1 -1 -1 6902 -1 -1 -1 6984 -1 5041 -1 -1 -1 3112 -1 395 -1 -1 -1 -1 -1 9277 -1 -1 -1 9894 -1
2344 34 8170 -1 1176 5503 40 3160 2110 5648 1763 -1 1544 4964 2081 -1 5255 6845 7482 -1 3615 2081 7351 -1 4034 1258 1242 -1 5538 4967 1491 1409 7660 -1 1050 -1 5391 -1 5903 7552 8148 9962 1677 2904 3182 7501 2068 -1 6823 9806 5706 2420 8544 8038 4919 -1 4186 -1 2984 5705 3363 542 2780 1329 8833 -1 5625 -1 8612 -1 6484 988 832 -1 2787 6740 5340 -1 7804 2873 8730 -1 3866 90 210 -1 8930 9684 5155 -1 9384 2556 4732 8013 3969 -1 4531 4255 6214 -1
5113 -1 -1 -1 110 -1 -1 -1 408 -1 -1 -1 4622 -1 -1 -1 -1 -1 8184 -1 8439 -1 7830 -1 -1 -1 -1 -1 -1 -1 -1 -1 121 -1 8268 -1 -1 -1 5316 -1 -1 -1 -1 -1 -1 -1 -1 -1 -1 -1 6058 -1 -1 -1 1122 -1 8295 -1 6993 -1 -1 -1 2746 -1 9874 -1 9091 -1 4255 -1 -1 -1 9288 -1 8557 -1 -1 -1 1317 -1 -1 -1 -1 -1 3981 -1 -1 -1 -1 -1 3258 -1 -1 -1 -1 -1 7095 -1 -1 -1
4612 5704 1949 -1 6986 776 3920 -1 4266 8993 3410 5136 6876 -1 3431 5381 2738 -1 2318 -1 1932 -1 1266 3993 7894 1185 8507 8008 7469 -1 3958 3631 1346 -1 9854 9420 4356 -1 3826 4724 1003 -1 5134 2844 4407 2437 395 3762 7335 -1 9445 3937 3429 -1 6276 -1 7709 -1 6079 1661 1513 -1 4146 -1 7230 8732 8480 -1 8454 7489 6285 -1 1357 -1 6038 5678 7754 -1 3059 4777 9354 -1 3186 4628 637 8260 1564 -1 1236 6975 8912 -1 9013 1876 2776 -1 110 155 9426 -1
1447 -1 8941 -1 -1 -1 -1 -1 -1 -1 6808 -1 -1 -1 5847 -1 3962 -1 3899 -1 -1 -1 6498 -1 -1 -1 -1 -1 388 -1 -1 -1 -1 -1 -1 -1 5730 -1 -1 -1 8912 -1 -1 -1 2195 -1 -1 -1 9780 -1 -1 -1 8436 -1 8479 -1 9759 -1 -1 -1 -1 -1 7165 -1 307 -1 -1 -1 -1 -1 -1 -1 3365 -1 -1 -1 9354 -1 -1 -1 4022 -1 -1 -1 -1 -1 -1 -1 1575 -1 -1 -1 8907 -1 -1 -1 -1 -1 7514 -1
8200 -1 9817 9923 4431 9431 8767 4356 257 -1 35 8572 9391 -1 6494 -1 438 4534 7208 -1 8243 6722 1907 -1 7448 2241 6801 -1 7022 5183 2174 9527 6035 2395 2928 -1 6560 195 6991 -1 3541 9383 8772 -1 6429 634 5371 -1 9237 -1 6233 -1 5073 -1 8875 -1 8924 3883 3892 9411 1473 -1 1575 -1 4567 -1 1517 3389 5960 1098 5723 -1 6982 -1 8606 329 9852 -1 7011 -1 1202 2884 2602 -1 5667 3712 8408 4415 9358 -1 6098 378 6506 3011 1883 7771 3795 -1 2405 -1
162 -1 -1 -1 -1 -1 -1 -1 3143 -1 -1 -1 -1 -1 8883 -1 -1 -1 -1 -1 8026 -1 -1 -1 8152 -1 5365 -1 -1 -1 -1 -1 -1 -1 7752 -1 3877 -1 4911 -1 -1 -1 4269 -1 -1 -1 9913 -1 8769 -1 2691 -1 1797 -1 7902 -1 -1 -1 -1 -1 1997 -1 5127 -1 -1 -1 5653 -1 -1 -1 1633 -1 9494 -1 5140 -1 -1 -1 7788 -1 -1 -1 8183 -1 6325 -1 -1 -1 -1 -1 4340 -1 -1 -1 -1 -1 4359 -1 5060 -1
5871 -1 7837 7944 9097 3874 785 -1 4837 -1 3857 3502 8463 -1 8185 -1 8913 -1 8647 4012 6670 -1 2764 4277 3164 -1 1368 -1 3352 7388 9302 -1 2744 -1 9239 -1 8440 -1 8199 1495 4643 6440 2244 103 9285 3858 8032 -1 4368 2786 6482 -1 7464 -1 9667 6517 832 -1 6144 1145 901 -1 584 -1 7457 2915 9117 -1 3762 -1 8962 4846 6843 -1 8418 -1 2166 4121 7035 -1 565 5041 6934 -1 7918 -1 1105 -1 4149 6475 2190 -1 8139 1383 6037 -1 2999 -1 8038 -1
6338 -1 1223 -1 6860 -1 -1 -1 5316 -1 8961 -1 9857 -1 3954 -1 1155 -1 9042 -1 4827 -1 3139 -1 -1 -1 2783 -1 557 -1 2460 -1 1166 -1 6790 -1 -1 -1 -1 -1 -1 -1 -1 -1 -1 -1 -1 -1 5285 -1 -1 -1 74 -1 -1 -1 3113 -1 5464 -1 -1 -1 2645 -1 5058 -1 -1 -1 8364 -1 -1 -1 -1 -1 3110 -1 8252 -1 9317 -1 2525 -1 -1 -1 7349 -1 9693 -1 9286 -1 -1 -1 6601 -1 7067 -1 3975 -1 7196 -1
170 2061 9269 -1 6099 -1 9224 1334 2416 -1 5578 -1 8267 5140 3764 -1 48 -1 6594 -1 1663 -1 6090 -1 7176 -1 3141 9324 5176 -1 6586 -1 6629 -1 2031 2064 8123 1697 5982 -1 4134 9470 4065 3794 9134 3563 5767 -1 3279 -1 313 5918 2991 -1 6615 -1 5944 6943 9058 -1 5165 8728 6878 -1 5367 735 9313 -1 1830 4790 1396 4695 8373 4006 5106 -1 1150 -1 520 -1 4313 3112 6381 6550 7701 -1 8694 4761 4767 -1 3465 -1 8776 -1 2397 -1 8246 -1 679 -1
-1 -1 -1 -1 2669 -1 3844 -1 -1 -1 1349 -1 -1 -1 -1 -1 9663 -1 9570 -1 9445 -1 3919 -1 8834 -1 -1 -1 -1 -1 2780 -1 5931 -1 -1 -1 -1 -1 8102 -1 5665 -1 -1 -1 -1 -1 86 -1 -1 -1 3321 -1 -1 -1 7548 -1 -1 -1 -1 -1 -1 -1 3769 -1 -1 -1 1827 -1 351 -1 5121 -1 -1 -1 -1 -1 -1 -1 4752 -1 -1 -1 -1 -1 -1 -1 4515 -1 -1 -1 8725 -1 9474 -1 8527 -1 9992 -1 8564 -1
1846 8589 2043 -1 5237 -1 735 -1 9366 6214 9516 -1 3811 -1 7984 1794 6137 2978 9760 -1 3255 1809 5414 1309 9197 8958 6850 -1 8230 6530 3478 -1 29 4021 7357 -1 4521 9072 180 -1 9624 -1 9202 6067 1742 -1 7066 9920 5493 -1 3392 -1 6171 3438 2795 5782 9231 9688 9943 7174 4942 3219 6900 -1 1968 2712 6563 -1 5169 -1 8221 8073 3546 3774 702 9044 4610 -1 8995 7185 78 6629 4800 9516 7034 -1 4265 9307 5208 -1 4445 4908 7013 -1 4862 -1 945 -1 173 -1
5408 -1 -1 -1 5219 -1 9781 -1 8493 -1 -1 -1 1897 -1 7279 -1 -1 -1 -1 -1 -1 -1 -1 -1 -1 -1 -1 -1 5726 -1 -1 -1 -1 -1 3978 -1 3711 -1 -1 -1 1598 -1 -1 -1 3496 -1 -1 -1 4741 -1 6810 -1 6840 -1 -1 -1 -1 -1 -1 -1 6422 -1 -1 -1 2670 -1 -1 -1 2117 -1 -1 -1 -1 -1 -1 -1 193 -1 2455 -1 -1 -1 -1 -1 6266 -1 -1 -1 6366 -1 -1 -1 -1 -1 1980 -1 7126 -1 453 -1
1378 -1 1468 553 2932 -1 9340 3321 5263 -1 2308 3237 663 196 9585 -1 6442 1856 3861 2694 2379 7000 9409 8422 7028 7823 1674 -1 5797 8047 2884 4049 3686 -1 481 2558 5094 6635 7784 9757 7704 -1 9812 8432 9264 -1 1655 -1 7305 5006 5217 -1 7528 9163 4694 -1 1561 -1 1849 3147 1364 -1 8778 716 3849 -1 512 -1 6883 1209 545 -1 6904 9235 4340 3922 464 -1 1426 4365 9649 -1 1392 8447 1300 -1 7715 8745 880 -1 5896 2491 1926 -1 1470 -1 6564 -1 170 -1
1184 -1 2752 -1 -1 -1 -1 -1 -1 -1 -1 -1 -1 -1 -1 -1 7858 -1 -1 -1 -1 -1 -1 -1 -1 -1 2863 -1 -1 -1 -1 -1 1797 -1 -1 -1 -1 -1 -1 -1 -1 -1 5302 -1 5307 -1 6840 -1 -1 -1 -1 -1 -1 -1 7141 -1 6292 -1 2704 -1 -1 -1 125 -1 -1 -1 9061 -1 -1 -1 3549 -1 4073 -1 -1 -1 -1 -1 -1 -1 7632 -1 6066 -1 3731 -1 153 -1 -1 -1 7084 -1 9150 -1 4779 -1 1742 -1 5404 -1
4112 8526 5610 -1 2836 1659 6644 8338 3547 7162 8252 -1 814 5304 6856 5639 876 -1 3490 5427 5342 -1 5872 656 1987 -1 4587 7542 4084 7152 246 -1 1583 8 2652 829 9761 3408 2333 6814 241 -1 2367 -1 2263 8248 2869 5492 7383 -1 2360 3122 6349 8182 3492 -1 4066 1595 3810 7892 1410 -1 5813 7289 2068 -1 3810 5962 9298 1822 9390 -1 7372 3309 7886 7560 1889 -1 9889 -1 6470 -1 9142 -1 3628 -1 9642 7982 8193 7800 8758 -1 5767 -1 7690 -1 6262 -1 7192 -1
4756 -1 -1 -1 -1 -1 -1 -1 9539 -1 5263 -1 1274 -1 -1 -1 -1 -1 8297 -1 171 -1 3062 -1 5668 -1 -1 -1 -1 -1 6964 -1 -1 -1 -1 -1 -1 -1 -1 -1 4861 -1 2506 -1 -1 -1 -1 -1 -1 -1 9815 -1 2712 -1 -1 -1 -1 -1 -1 -1 -1 -1 -1 -1 6121 -1 -1 -1 -1 -1 -1 -1 -1 -1 -1 -1 7956 -1 9019 -1 8879 -1 2600 -1 -1 -1 -1 -1 -1 -1 -1 -1 9571 -1 9383 -1 3675 -1 7326 -1
4493 8299 2293 2803 2614 1836 3265 8549 6516 -1 3463 6221 6819 -1 8910 6634 2050 4668 3215 -1 2155 8072 2385 -1 3630 7389 8871 678 9862 5744 1292 145 1809 949 7750 4662 7580 7023 2037 6591 3833 -1 9943 7376 486 4091 5501 6879 1569 8522 764 -1 3017 5732 8987 8896 5887 3868 4654 5314 2166 3393 8954 248 9793 9148 599 8181 9043 6666 5068 5389 5522 4117 8257 3578 5636 -1 5668 7618 8985 -1 3298 6728 7232 3357 6113 2892 6360 1332 5427 2813 5680 5820 1749 -1 9291 4443 5180 -1
-1 -1 -1 -1 -1 -1 -1 -1 -1 -1 -1 -1 -1 -1 -1 -1 -1 -1 -1 -1 -1 -1 -1 -1 -1 -1 -1 -1 -1 -1 -1 -1 -1 -1 -1 -1 -1 -1 -1 -1 -1 -1 -1 -1 -1 -1 -1 -1 -1 -1 -1 -1 -1 -1 -1 -1 -1 -1 -1 -1 -1 -1 -1 -1 -1 -1 -1 -1 -1 -1 -1 -1 -1 -1 -1 -1 -1 -1 -1 -1 -1 -1 -1 -1 -1 -1 -1 -1 -1 -1 -1 -1 -1 -1 -1 -1 -1 -1 -1 -1
21 95
97 79
