100 100 815943312
7069 5641 1291 5270 2578 8090 5040 7359 -1 6486 9371 5873 9797 -1 5932 3841 -1 2511 2537 6094 8258 517 6924 8679 2787 9890 4619 5179 2853 3569 4234 2752 7860 9205 7852 7608 635 -1 3637 3373 8903 4147 5180 721 2687 3431 -1 6736 2486 -1 9972 6439 3046 6139 22 435 3349 8139 6258 9299 2317 2388 4208 2097 -1 -1 1936 2113 4701 144 -1 -1 3900 9018 -1 3301 7582 4065 -1 -1 3429 9601 4699 1798 4195 5682 -1 -1 9381 272 3393 -1 -1 -1 4534 3679 7080 7253 875 6294
6332 9684 -1 -1 5378 31 -1 2529 5458 4486 -1 5311 9356 2329 260 -1 1671 -1 637 -1 9664 1061 9951 6064 -1 8699 -1 -1 9974 5804 -1 400 -1 5299 1344 5584 2830 5657 7792 -1 3030 3261 3089 -1 7825 -1 8788 597 -1 1546 738 5078 -1 -1 2718 1262 3386 7772 4299 487 8706 381 7379 -1 3906 5582 -1 9967 9408 4571 7563 6755 -1 2797 1807 -1 -1 1715 9908 5700 3537 617 6957 2479 -1 -1 5890 3831 3809 7073 7359 8985 4544 6018 -1 3945 6271 901 -1 400
1804 874 6757 6781 8806 3559 9723 157 -1 4829 2489 -1 7254 -1 4324 4002 -1 -1 -1 9026 1019 9193 4958 4220 1319 1103 9451 7503 3490 9095 262 -1 6560 -1 130 8074 9124 3123 8222 1218 1209 3770 9624 -1 581 9137 305 -1 3018 4518 6730 1651 3728 4874 8167 -1 1147 -1 4492 -1 456 666 8262 5867 7536 7316 9707 6769 5990 1315 6950 -1 -1 3441 9780 7284 3048 3187 1661 6645 9674 239 7090 654 -1 6824 9244 5304 6288 245 8336 9246 1636 -1 -1 -1 9310 -1 -1 305
8057 3909 8671 37 9576 6776 8041 8803 1774 -1 -1 3180 3845 3915 2233 6718 -1 2259 1499 8213 4204 4219 1929 -1 9004 4518 3535 5168 5746 6760 1749 4081 -1 9944 1972 4288 6946 1120 1102 3110 7527 6234 -1 7481 1845 -1 2008 819 -1 -1 -1 1761 9273 4044 6700 7395 -1 6839 9983 4718 8027 2130 8597 2575 -1 8771 -1 -1 4512 2631 7089 6123 525 171 9814 9170 453 4470 8839 1317 7410 1296 7048 9482 2837 -1 1552 5925 4822 9124 6004 7955 1942 -1 3890 4788 108 -1 7821 -1
2502 5783 2227 4147 9630 7330 922 4515 3343 -1 -1 1811 7676 4618 7860 164 -1 9983 604 1973 -1 496 -1 8793 6590 688 813 1021 9428 2815 5186 3901 734 -1 4901 5011 700 4138 3747 -1 6267 7902 4805 1924 4092 7614 1563 3241 -1 9531 1367 1753 -1 9068 4992 3978 6901 5210 3416 -1 1652 -1 4300 9127 9872 -1 1581 -1 -1 2503 -1 8065 7231 5119 6813 8126 1271 9621 1031 3234 8068 1512 5777 4528 2674 532 9744 2682 1479 5319 -1 6146 8428 -1 4124 4057 1640 1277 1704 7885
42 -1 5764 8060 7034 7078 2 7355 7127 6720 -1 -1 4181 8625 2682 9514 5592 6828 695 -1 2887 -1 2770 6795 4683 8671 8245 4277 4901 8501 7748 -1 6821 913 -1 5829 4034 3501 7256 4755 2645 -1 9861 7278 3558 3021 8501 1022 7645 4265 5154 6008 2960 9389 811 -1 4836 3229 5651 7120 4577 -1 3196 4520 1734 3863 5011 3109 6838 3740 -1 2914 2117 8787 -1 3847 3687 2742 5472 -1 117 170 -1 2088 9245 176 -1 -1 -1 -1 8695 -1 -1 5887 5739 7308 3855 8351 251 2767
9032 9026 6039 917 7845 7733 -1 6934 -1 1837 4092 -1 1119 7427 1280 5626 6258 4545 3595 6338 9743 7163 2081 3841 -1 1155 3804 6147 3454 -1 8853 3525 2498 4169 -1 4990 2092 7328 9541 -1 8423 8170 7204 6801 4913 7911 1517 5453 5326 -1 -1 6455 8481 7200 9929 -1 4219 9631 -1 4645 7044 5813 8959 1987 7790 6814 4462 8328 6072 9552 9666 -1 8073 8815 3695 7412 4356 1182 8947 9434 7102 122 4316 8845 2659 5201 7990 -1 6712 -1 -1 7158 -1 6737 5238 3649 7886 -1 3511 3966
2441 7645 1117 4216 1613 788 1448 606 -1 1136 5184 -1 1249 4853 7921 5311 752 2827 5783 706 -1 24 8844 5500 -1 3880 8824 -1 2564 5043 7132 6711 1125 3551 6257 9208 -1 7178 438 83 4590 3519 7341 -1 4814 3138 2497 9240 8541 -1 2533 2391 6987 3156 -1 5444 8967 -1 5636 5210 7405 5960 2890 3189 2021 325 7074 -1 9271 6062 -1 9353 -1 6372 3808 1241 7520 958 8487 -1 9696 -1 355 -1 4105 -1 8595 -1 5877 8405 6044 6599 4962 -1 4022 5700 3032 -1 5027 8964
6376 4638 4439 4125 8037 -1 441 5053 1263 3893 226 -1 7048 -1 -1 9745 -1 -1 7460 3730 1570 5731 -1 137 -1 7964 4760 -1 -1 -1 9043 8189 3470 -1 5365 5658 2080 -1 909 9125 -1 -1 6588 455 -1 -1 8111 -1 -1 -1 7095 -1 525 4793 391 8638 -1 3702 5856 4246 5137 961 402 8847 5021 6495 -1 7720 3701 8270 4172 2654 5769 8220 9795 2981 3591 1421 -1 958 4610 1062 -1 7734 4885 9294 9708 2377 -1 9215 7953 7064 6188 -1 1945 3773 387 4694 6483 -1
710 7267 7404 651 7381 1620 9494 9223 -1 8440 5831 6177 8955 5787 5657 6693 -1 -1 7874 3534 9491 74 -1 -1 8252 5477 6683 8863 6676 8213 7894 2928 4520 9716 1973 5646 -1 -1 -1 2678 7663 -1 6282 9044 5043 1035 2561 1616 4742 6252 7535 6627 -1 2040 -1 6174 8178 -1 2650 3407 2021 4255 8859 7139 3897 -1 3667 3838 9820 8047 1893 5898 3661 -1 11 5368 9049 -1 1034 -1 8426 4045 9860 8247 6727 -1 8335 7823 4774 -1 -1 -1 9585 1787 1822 5059 8955 -1 525 1678
6222 5286 -1 3208 6667 6451 8457 -1 3302 4669 -1 2074 -1 157 8801 7121 3133 -1 5518 -1 4481 4578 948 7037 5403 6326 -1 4281 -1 2812 9037 1653 407 -1 7144 3130 5335 6263 7649 3059 1591 9772 -1 967 9271 5790 6932 -1 7544 -1 -1 1741 1259 -1 3557 6485 -1 1245 -1 1020 7523 -1 9909 7850 9249 6473 3945 -1 3944 5693 -1 8109 712 1249 7594 -1 -1 8145 1391 216 -1 -1 4065 8479 6657 7279 1653 9637 2329 1508 9668 7872 5082 5733 3664 4595 6000 367 1289 9399
9560 -1 -1 3509 1545 7119 2393 4295 4952 206 -1 2727 3173 9396 9021 3131 7520 1549 5096 9191 5232 8666 6856 787 4194 8381 4005 93 2592 1233 5643 2727 1831 -1 2032 2290 271 -1 5722 7592 -1 2831 4711 2357 7617 -1 9678 3059 81 -1 3585 4577 -1 8500 371 4527 -1 1142 5753 8129 352 1626 1776 -1 5695 7295 -1 -1 9343 3412 -1 7897 293 9066 6731 -1 -1 1472 -1 6772 894 4634 6153 6845 5795 6453 4999 1842 -1 6640 649 4619 2691 8125 9952 2307 4551 -1 6848 7315
7557 -1 -1 6548 -1 1266 2924 391 -1 3808 1374 5804 7733 -1 4224 4189 8630 843 -1 7788 -1 9742 3315 7990 3171 870 4676 9850 6903 5890 3109 298 5462 7264 3327 4467 -1 8956 8712 9264 7709 5867 3452 -1 8658 -1 5462 4747 3126 9539 4823 1712 4439 9916 790 3208 464 2750 2105 -1 2884 1030 7563 7641 2615 -1 5690 5309 8915 9725 4608 5332 1907 -1 9971 3619 -1 6891 5685 9089 -1 5301 7999 1999 5730 3743 -1 6996 8794 -1 3448 1151 6435 -1 4516 -1 1267 4179 -1 7401
5622 3841 1079 3617 4709 9574 -1 -1 8463 6264 7204 386 -1 2628 7839 3673 8375 -1 -1 9909 5326 6470 -1 8395 3015 5781 2813 -1 8949 130 7471 8489 4764 3181 39 9009 -1 932 5520 9972 662 5825 6690 8659 7856 -1 2272 9363 7422 9063 2074 6753 3091 2177 -1 6452 -1 4104 2506 4426 8921 4222 6602 558 1474 7874 -1 5757 8880 9718 9228 4177 8124 2163 9903 7744 2390 9574 4422 9150 482 8907 8872 4551 5057 1270 1251 -1 -1 9107 -1 3438 5978 344 2144 1523 -1 -1 8558 8991
-1 9926 4209 6666 76 3676 128 4416 5231 -1 5659 7599 2090 9952 2425 -1 6341 -1 6788 9359 5254 4971 2736 6193 -1 2542 -1 7264 -1 5233 1899 -1 7346 1454 4553 6699 7779 7317 7030 8978 6373 3726 7254 5413 8587 3407 2902 3956 -1 2469 -1 9092 4834 2111 -1 -1 1111 -1 -1 1949 3331 -1 1378 6270 8224 -1 8542 7473 5281 -1 6664 6208 6257 8121 9802 4937 4335 2564 6989 -1 -1 -1 8833 9068 2691 4797 3225 6369 6770 2715 -1 5681 4886 5706 1945 1176 252 -1 2872 6023
-1 -1 2694 1430 2491 -1 3053 6044 8260 -1 1054 7388 -1 3307 6000 9734 7600 9420 -1 -1 1080 -1 3667 673 8487 5631 441 3402 6404 4197 9751 7143 -1 5132 2700 5080 -1 -1 4407 7778 -1 6610 5128 -1 2731 1339 8073 1841 7956 4026 5582 2766 6739 6327 -1 -1 1691 -1 7136 -1 6408 186 5535 6332 3669 8992 -1 7796 -1 7665 5373 9725 5047 1214 7919 1894 1498 6292 5396 9204 -1 9261 -1 1492 1562 -1 -1 7037 -1 9654 -1 5277 6046 6253 2805 -1 -1 -1 6515 5449
4660 4968 5519 452 8062 9370 8058 5236 2506 7222 9270 8481 -1 6354 3 5080 -1 -1 -1 5132 -1 -1 4804 -1 5842 -1 1538 -1 -1 299 5103 -1 -1 9643 3801 9225 9497 -1 9978 3324 -1 9400 6845 8815 7131 6150 5617 1663 404 5721 6312 8872 2381 7999 7494 2716 3906 9867 3934 3123 3284 1053 8428 5971 666 8403 1492 4485 352 52 1324 4079 5417 -1 -1 1697 9794 1918 5244 13 2677 5579 6711 5318 6318 -1 1499 -1 2473 1579 1764 238 -1 6532 468 3818 686 5231 7352 3987
-1 2440 6884 -1 6368 -1 8800 -1 7304 6951 6162 -1 1403 6426 -1 4082 2351 9780 6906 8984 7018 6694 5456 7159 -1 7209 403 7021 8265 -1 7929 6301 5476 7502 -1 2748 4127 8237 8071 2832 5217 1265 8396 4716 152 1524 3373 4221 -1 -1 2079 5200 3106 928 5791 663 -1 2252 2023 6404 7618 5200 2311 5586 1814 -1 2830 6943 1583 9735 2720 8325 5100 912 -1 4520 752 8925 -1 4192 1967 926 3894 9973 9844 9411 -1 8889 8936 -1 1741 8475 6573 -1 3899 4418 8163 7232 5941 8979
3772 7213 8891 1330 9825 5570 125 1071 -1 -1 -1 7520 2519 605 4888 3428 9511 5956 1743 2661 8573 -1 -1 -1 -1 8811 -1 8116 1693 5394 8088 2346 2303 961 6615 3600 9900 8656 1432 4385 -1 7506 3654 6864 1838 2738 -1 5728 4423 8507 -1 124 2706 3145 3962 3905 3278 -1 -1 -1 5669 -1 -1 15 8964 -1 7248 5429 1587 1516 9878 -1 8218 9438 -1 3903 1876 3505 -1 -1 4656 8631 3409 6084 8079 -1 2962 1877 5815 7125 2886 5868 8267 292 8485 8223 2806 9929 -1 4682
4443 6500 -1 1778 2540 5858 1831 8519 8034 5681 9769 8739 2286 -1 7779 7158 -1 4924 7207 5418 7773 5959 -1 564 1615 9145 6903 1803 -1 704 7402 2365 9468 6117 2971 9369 1782 6584 650 -1 1137 8834 2468 -1 3415 4753 2854 9589 -1 5988 9549 5201 3459 313 9850 -1 1927 -1 5551 7702 6287 8406 7519 -1 1020 3708 1793 4560 6441 2248 3403 6956 4902 -1 3418 6164 8585 -1 3 -1 2866 6520 -1 9311 4854 6295 -1 228 8471 -1 2534 1850 4163 1473 8837 1992 6166 7419 8622 6583
-1 7897 3162 6006 1031 6261 7333 7245 -1 9494 -1 6077 5198 572 2044 2521 94 4192 8152 3874 1996 5981 2346 -1 4869 5491 -1 9535 5474 1786 -1 5839 8017 6211 8993 -1 -1 -1 6383 -1 -1 5518 6217 5419 7006 -1 1111 172 1270 -1 3985 9320 -1 -1 6085 -1 1951 6910 -1 5793 6421 4541 3903 -1 1888 9028 9011 8840 5628 -1 8011 386 -1 7543 -1 4791 5285 6280 2722 8203 -1 4282 8246 -1 9415 8659 2732 -1 6653 9427 7548 3785 6934 9524 3697 1241 7911 4600 2545 1680
2450 909 4009 2398 7425 5062 330 8986 4045 4592 -1 3882 9546 1937 -1 9549 -1 8683 -1 9634 5966 6415 1227 3819 -1 -1 2770 1554 -1 7377 9202 8555 3496 6678 8087 3283 4503 9328 -1 7279 -1 4953 264 -1 1467 360 7716 7356 9069 4646 5160 3130 343 1407 -1 6759 -1 3390 -1 470 2344 3166 1161 9275 -1 -1 1999 1553 7534 2332 6042 5707 3086 7396 -1 6200 892 229 5920 29 -1 -1 767 1623 9943 1011 8692 330 915 607 174 4168 5982 4192 502 9945 -1 5893 4635 -1
9755 3309 4956 -1 718 -1 -1 -1 298 7764 -1 -1 2603 2543 2252 -1 6413 7736 613 227 9469 3805 -1 -1 -1 3022 5013 -1 7840 5760 1239 -1 9091 5803 434 3737 9138 8625 9931 -1 8566 -1 -1 576 1978 3339 7915 -1 8334 3573 7162 -1 9908 -1 3472 8804 6666 -1 4566 4778 8707 5357 6449 -1 -1 5355 6516 4481 -1 4380 6835 3030 5718 8911 1070 4820 9481 5130 739 6811 -1 8847 8644 6482 246 6036 1033 348 2655 -1 1721 4123 5269 2914 657 2273 2867 4505 498 -1
1136 1552 8777 4426 9779 5808 4669 1494 2320 -1 -1 797 8542 8039 623 4146 7700 1767 1555 -1 1244 845 -1 6120 1723 5190 9668 2978 4831 2428 9553 6402 4506 1118 8589 9941 6542 9312 -1 -1 7912 45 1990 5731 6449 8256 -1 7938 2380 7806 1147 -1 -1 7506 -1 330 5456 7848 3091 -1 8801 6268 5655 7552 2060 8485 5827 5334 56 1097 -1 8571 -1 6374 6232 -1 5471 4038 952 -1 5551 5645 -1 8902 781 1282 7961 641 7428 -1 9415 1738 2049 2114 5716 -1 4597 3241 3646 4079
6168 6166 8209 334 -1 -1 3724 259 6057 3872 -1 3321 -1 -1 2378 7743 6482 1359 326 3852 7465 7732 -1 8261 1613 4058 -1 -1 -1 -1 7865 2780 -1 2245 5087 8723 1367 170 9242 8651 -1 7366 7526 -1 7965 -1 -1 7609 709 8413 8719 7353 6347 1150 9884 9176 8882 4110 6773 7918 831 3407 5433 2500 4037 1895 8311 2704 -1 -1 4027 3289 179 3589 -1 -1 5034 6294 -1 -1 9273 7283 4684 8044 3713 -1 -1 7800 6928 508 8283 9455 -1 9643 2299 1766 -1 -1 1765 7487
2792 5365 5989 -1 2632 3221 8396 9334 -1 4951 7112 -1 7717 -1 4987 4532 3795 6996 -1 -1 -1 7324 1294 4211 8072 -1 3539 6930 3833 5153 5187 -1 -1 9702 5618 1666 8892 6566 -1 4924 4865 4367 4658 5308 6961 9064 4992 7307 8657 4202 8067 3935 -1 466 -1 6471 2489 3860 2058 499 -1 9551 -1 3602 9689 2366 6629 -1 8416 6361 8160 -1 5794 582 -1 6175 -1 -1 6220 5510 5180 6780 5141 1812 3218 3144 5726 2807 2116 4047 2280 8362 -1 8481 8952 7309 9826 9182 4779 204
8051 550 4607 7431 -1 2889 723 4045 -1 1725 8436 7267 2531 1342 2194 882 2634 1462 2243 -1 3522 3877 7370 1995 2909 6605 2545 8441 1773 5576 4762 9809 2229 9524 5942 9207 6128 -1 2558 515 8180 4141 101 3787 8793 5574 9612 -1 6967 1087 2810 2737 9706 4052 1128 -1 -1 4721 4380 7003 -1 -1 6085 5967 5186 5046 -1 6070 2991 8984 1942 9959 8278 -1 8062 -1 6429 -1 4852 4694 2806 -1 2208 8340 2181 2763 3704 -1 7854 -1 9049 6741 4341 7011 4217 1333 -1 831 4163 6895
6232 8779 1586 7776 9786 7696 1951 -1 7347 -1 2690 -1 1450 8388 9961 4881 9042 -1 597 4616 6367 8833 3886 8574 4066 1721 8875 -1 6066 4831 8086 4774 -1 6810 -1 8890 8344 6908 3112 1499 -1 6576 6767 -1 -1 3779 6693 3708 5993 8803 3028 3492 2613 4232 5300 -1 -1 -1 440 1513 8988 -1 1471 -1 7574 6189 5113 3621 -1 9319 1155 2942 -1 -1 9709 7450 1783 7157 -1 -1 8865 -1 8819 3632 4452 8737 4646 -1 8982 7057 8666 7439 4664 8397 -1 8334 1059 1725 3454 2654
3053 6548 9163 6965 844 -1 8220 5573 8601 4448 8833 4951 5094 -1 5880 7903 6587 4254 1667 2065 -1 7579 898 2862 1367 5178 4531 5391 4554 244 483 -1 -1 6988 136 8084 1056 5992 2853 8252 -1 6377 7591 3935 1150 9575 9896 4098 9392 5935 8133 2113 2682 -1 610 -1 6094 6071 3196 4039 6004 5956 7975 7765 -1 -1 -1 6807 -1 84 6948 6687 -1 2548 3274 5600 2970 2770 9967 280 7587 4765 4886 4606 795 3483 8998 832 7132 8832 854 4517 3410 1205 -1 7903 8378 6145 8482 7236
6593 2082 9606 1884 5865 -1 -1 8837 8560 -1 6576 5084 8428 652 -1 4795 5621 2528 7535 1132 -1 319 4395 520 6659 168 5470 6830 2823 384 3571 530 8425 6317 6708 -1 3357 5808 8486 1588 6589 9846 4132 1244 6943 8170 1931 7044 6747 911 1326 2317 2274 9362 -1 9216 5500 2457 1713 110 -1 9150 9202 -1 412 -1 7087 -1 3345 -1 1492 9755 3792 -1 1031 7671 -1 1242 5426 8173 552 9350 6749 -1 3211 -1 5965 8499 1220 4129 5850 -1 135 2328 6202 4180 624 8973 2097 8602
9154 3083 270 -1 6733 -1 9722 -1 -1 8730 6737 6739 4993 6374 -1 2999 8069 4834 7205 2988 7524 5606 6276 2756 9348 -1 -1 8726 3096 7674 1553 5174 -1 9606 -1 7192 6876 9516 9195 9108 1993 -1 136 7787 3055 2728 9289 834 -1 6418 908 -1 -1 5656 7562 -1 5564 1951 602 4635 -1 5618 1832 -1 6258 5629 4382 4123 7299 756 -1 -1 4137 7453 8584 6519 9363 9568 2809 -1 1917 2098 9818 1079 9267 6368 3009 8274 138 8181 3009 -1 3072 -1 4653 2761 4448 9263 -1 -1
-1 -1 9961 7513 4290 -1 8228 1097 2356 3235 -1 4155 6654 9224 71 -1 -1 -1 4785 4666 -1 568 2781 -1 -1 8015 7023 -1 5796 635 202 6398 -1 5159 3824 -1 7252 4344 4973 3013 -1 1033 -1 9762 -1 1057 7496 6070 8035 4326 5045 8219 2920 7867 -1 1409 -1 -1 5532 8038 3746 -1 2996 8681 8435 786 2765 542 5083 6316 7718 8371 -1 8335 -1 9907 4204 -1 -1 2006 4312 7087 2624 -1 1163 9636 590 7490 243 6835 4650 -1 3987 421 3370 6153 -1 6941 5315 2188
-1 366 6711 9171 9921 1963 9226 142 5353 7014 4496 4482 -1 463 -1 4656 9035 3404 9940 -1 -1 -1 2376 2041 6589 -1 -1 3534 140 -1 -1 2223 9002 -1 5612 2426 4626 6128 1183 3693 -1 6902 9712 -1 3424 2294 2989 -1 9771 5569 3481 57 4942 9398 9592 5270 6835 3077 -1 6996 7888 2473 3509 6629 -1 1784 -1 6417 554 8968 3982 522 5115 900 -1 564 3376 4694 2082 3707 3380 362 4971 -1 5785 5989 7556 1050 1273 9438 1780 7817 -1 6672 9441 -1 -1 4025 -1 5550
3195 2811 3619 6292 1061 9793 2183 3590 -1 7223 3876 4798 7251 5174 245 2773 4492 -1 8899 5833 3866 9359 2451 3953 8630 9118 5649 7504 8450 5333 2849 7323 -1 -1 615 6333 9827 4108 9783 8247 4593 1487 -1 -1 1754 6701 1631 1179 2355 7565 61 1063 1270 1528 3733 9881 2672 6645 1654 2198 652 4596 871 7209 4712 8959 1021 2360 3083 2430 8225 2663 8896 9966 7063 8246 1641 4885 4572 1274 7547 9203 4675 9767 -1 -1 7655 137 3068 1598 8925 4714 7583 7038 2673 5616 7323 1443 -1 2352
3219 4836 7714 8880 -1 3790 1879 3017 365 -1 -1 6022 5355 6376 -1 8676 3740 1961 5254 -1 3062 1833 -1 3734 8353 -1 7961 9312 9608 3921 3163 9725 1495 1059 1996 8729 -1 5436 3235 1271 -1 8210 9885 -1 4823 457 6460 -1 2339 8376 -1 -1 1518 -1 6286 6894 7512 9460 -1 8967 3029 7788 2325 4259 -1 -1 6770 3853 7155 221 3069 2475 7706 4836 7538 9458 9017 -1 -1 5169 2501 5784 4227 9238 1424 5210 6931 6577 7301 1388 6951 1095 -1 8533 9977 3621 4438 8601 -1 6531
902 368 8316 8755 5321 1822 9799 3940 46 -1 7937 4989 25 7250 758 7142 2362 -1 -1 7372 8631 -1 2020 5660 5317 1217 2064 548 -1 2191 4427 6343 7778 5929 2345 8396 5687 7785 -1 366 8341 7438 8887 7521 5343 1765 6967 -1 2546 7924 3146 4608 7290 6966 9382 -1 525 8172 1546 4776 9056 3361 -1 7944 9096 -1 5121 2950 3795 3980 3790 64 3037 -1 4464 7414 -1 -1 5234 5437 9170 4172 -1 702 802 8008 1565 2269 6492 9015 1008 4225 2152 2535 -1 3212 112 1690 9438 225
6488 6590 -1 6627 2545 4137 1821 -1 4852 -1 -1 -1 5277 1217 -1 8562 -1 6867 5585 8715 6599 2071 9178 7191 1312 1938 -1 3424 -1 -1 2781 -1 8810 -1 9749 7504 3150 4778 416 837 3585 2861 4678 7381 680 1921 8395 -1 9278 6301 7650 9703 -1 8724 4906 6154 -1 -1 7327 3117 2780 7157 3315 2472 -1 -1 -1 6578 6785 9838 7771 1204 783 -1 3104 7725 8786 -1 -1 1432 5077 -1 -1 7222 3904 9313 779 8127 -1 -1 7845 3903 1009 -1 4092 9117 -1 890 4044 9898
-1 5120 4293 7424 6648 -1 9481 2314 5581 8991 8696 9303 -1 5905 8798 6823 6523 -1 4482 -1 -1 7910 6397 796 194 7546 -1 6725 -1 6218 5369 7112 5732 -1 4181 4353 9183 3807 9795 5589 249 8504 4448 1384 4258 147 9198 7002 2743 5327 6432 6834 6260 9203 9437 966 9160 6757 3644 2967 1974 1016 4808 4753 5791 5182 1586 -1 7136 1259 2722 4648 238 6912 6474 115 -1 439 7018 5201 8958 -1 1854 3667 9168 -1 -1 6851 2224 419 5273 -1 -1 469 5174 7533 9303 9589 -1 182
-1 -1 5608 5432 7090 985 -1 6895 -1 -1 4433 6266 949 2340 1833 6462 8256 3883 5958 4232 3672 -1 1927 2494 9384 7708 3115 313 9751 366 -1 -1 7970 5677 7235 1573 5768 -1 2972 965 9718 3727 -1 3268 1745 -1 -1 5445 8052 8468 7318 5661 4705 6384 -1 -1 4486 3442 1477 -1 -1 8053 7780 3745 1836 5789 4794 -1 773 2143 -1 9369 -1 5225 8790 5675 2775 4594 9323 -1 5498 6302 -1 6063 -1 478 -1 7416 770 178 4325 1285 3824 1454 9869 3921 8670 4467 9833 668
8091 89 3841 7772 -1 4021 1961 -1 4795 8873 4806 6944 1116 -1 1714 -1 4313 9519 -1 2484 -1 2450 -1 7480 4985 1602 -1 5491 2165 7373 1769 9051 6554 4822 6317 5795 581 2395 -1 2081 2657 2686 -1 7907 246 8580 9492 2617 3774 7317 -1 -1 9197 3694 8036 9264 2078 -1 2745 9428 -1 222 4269 8136 1059 -1 -1 174 3698 4212 2225 -1 5042 2317 6224 -1 -1 3168 7199 2638 8092 6346 5893 4485 6298 4467 3596 7707 4607 -1 3912 506 7160 8727 6533 6554 7026 249 6634 -1
5878 3733 8746 9562 1264 4944 -1 -1 7981 7237 -1 7345 3639 -1 5785 7787 9410 5356 8991 -1 3933 4039 1331 8765 5790 4451 5216 -1 7256 957 4898 8993 -1 -1 8509 6290 4161 7631 7680 -1 5465 1955 8424 2881 145 -1 7513 9091 2790 7980 3161 4624 -1 -1 1698 6846 9787 767 508 -1 7469 4552 5989 1569 2185 5783 -1 8334 3067 -1 -1 4531 -1 1600 1092 3526 1610 5392 6799 3607 -1 1056 -1 5096 -1 6473 2524 6666 2011 9667 1341 566 7019 4624 -1 6978 6283 3623 -1 4219
6009 7486 5204 -1 5135 1203 7386 4767 6203 2212 7495 -1 6193 -1 5600 5330 8045 1538 -1 8195 1623 6564 700 9491 8898 8198 5533 8033 -1 5050 -1 8035 6753 8192 -1 461 5584 -1 2518 6708 9907 2498 1528 7748 3609 -1 8746 2840 8046 6961 -1 5901 8836 5682 9590 -1 7209 7018 3296 9262 3229 -1 5269 4797 2329 5138 1725 1184 5388 5837 4365 6158 9211 1760 -1 9896 8747 7562 2653 6225 4168 -1 6693 3936 -1 7893 -1 2670 3666 2498 5297 -1 8531 1817 8828 8573 3459 8067 8937 3102
1545 -1 -1 8362 8792 1771 258 -1 -1 431 2433 9612 5421 2217 1492 7186 -1 3372 9355 -1 865 8991 1226 -1 8514 3544 2456 4787 4261 5365 9660 877 9553 5566 1583 6596 551 8747 2280 8843 8633 9913 9789 550 3409 -1 -1 -1 2123 1296 7647 6155 1185 1756 9555 4835 1895 9050 -1 9184 -1 7970 2723 -1 2582 2340 8022 1853 5989 5391 -1 98 -1 9570 -1 9870 4740 6954 5341 6817 9826 9902 3893 8031 8147 -1 7452 5731 2827 8324 7849 -1 64 4800 4617 4765 1460 3454 8108 631
5825 -1 -1 8216 9014 -1 -1 792 7741 7215 6475 5468 5138 3252 2246 -1 2486 7685 9073 6917 -1 1385 3161 1713 8954 462 3804 9197 2581 4516 7765 1411 1 6138 7668 4858 -1 -1 6229 5406 4235 6639 7096 9788 6889 9056 2873 7903 247 6152 5661 -1 -1 8595 5914 -1 2509 5944 9836 3544 730 1912 3071 8269 6494 606 2915 3772 -1 8136 4364 8089 1108 7380 8710 3457 7274 -1 653 668 1915 1563 6280 1690 -1 8970 1333 5657 1677 6928 3589 885 9828 8005 -1 2749 5172 1287 -1 -1
9975 5252 -1 -1 -1 2733 9178 -1 3216 5788 -1 4709 7464 3153 -1 5987 6677 4574 -1 2306 1849 -1 4721 1266 6003 9015 3668 -1 5773 -1 -1 5082 5759 9821 -1 9079 5419 -1 9825 -1 8333 4026 1198 4933 5306 4112 4021 7648 9211 3632 4940 947 7695 882 2450 664 3048 -1 7706 -1 7241 6790 -1 8044 3829 5951 421 426 9326 5331 -1 612 8548 6241 -1 1090 7691 2716 4312 -1 -1 7388 4920 1978 1692 -1 5989 5990 -1 8169 9891 -1 623 9396 -1 9614 8620 6203 898 5995
4310 1168 1071 -1 6376 -1 6461 3091 3670 1864 4373 2002 -1 5582 -1 5251 -1 3673 3555 830 135 4798 7663 7098 2481 -1 7031 8390 3255 2082 -1 9760 9634 -1 1855 9612 2995 1710 7271 6211 -1 4459 4164 2287 7755 -1 4410 3760 9413 5158 3245 8758 -1 2192 -1 6244 934 4203 3453 -1 -1 6499 2748 -1 538 -1 4779 6169 -1 6315 1872 1072 2603 175 7808 9959 1998 -1 7874 8920 -1 1203 -1 689 6590 9941 433 4939 4025 4303 4142 1188 3803 7677 9847 9027 6622 6787 5040 3609
-1 6577 -1 -1 -1 121 -1 6219 1515 5750 -1 -1 -1 7870 3392 1988 9658 5400 5734 -1 9583 -1 1748 3622 3270 -1 65 -1 6031 1182 4717 1584 7440 1950 -1 -1 -1 1572 -1 -1 2089 8646 857 -1 5576 11 2119 7862 3092 3596 -1 9015 1819 4457 6302 1910 2985 4336 761 6906 5369 4891 499 -1 7921 -1 6856 540 -1 5550 5382 3350 11 1233 2041 -1 5908 3218 -1 1723 3773 -1 9644 7245 1894 1511 4189 6724 7130 -1 8616 -1 2081 4426 9571 5213 3446 -1 9055 -1
2213 3905 5870 9371 5427 3960 5348 9822 8651 6903 3720 -1 3820 7650 9261 917 3669 301 4649 -1 -1 5174 7937 6058 5820 -1 5654 3111 4561 -1 9237 -1 -1 669 9660 2716 9626 -1 2188 7582 -1 -1 5812 3801 1856 6260 6209 3804 9720 1676 3403 6007 2801 8607 2343 2895 2516 178 7898 -1 4005 9184 819 9075 -1 7665 9145 9581 7576 -1 -1 2711 4155 8412 200 5180 7318 4115 4201 9264 5996 562 7500 5230 -1 -1 8145 8 8282 6824 8019 6692 1961 6726 9201 608 1064 -1 9689 6002
3577 1613 5530 2212 -1 3676 1749 8942 -1 5786 5127 8062 -1 6196 -1 4677 -1 8924 7504 -1 811 383 960 -1 6637 4975 -1 3546 -1 4474 9970 12 7376 2316 6841 -1 6247 -1 2292 5716 7420 5888 7435 8572 4809 528 7410 2636 2907 969 2108 7442 465 7873 1817 -1 2210 6149 -1 -1 3004 5387 -1 6164 -1 1719 4867 1552 -1 3583 -1 5942 4784 8449 1224 -1 2437 985 8969 5885 7248 792 6707 6187 7679 2564 -1 5159 2357 8897 5029 7560 5511 8892 2946 -1 4131 8673 2929 7785
8234 2903 -1 9130 7647 8626 4454 9050 -1 1738 8707 -1 -1 9139 -1 -1 -1 6386 1932 5303 5390 -1 5912 -1 9840 -1 5221 5392 7683 3260 3668 2064 506 1199 401 6052 8572 -1 1866 7320 6527 3329 -1 -1 547 3434 8060 5174 -1 7573 8048 8281 -1 5805 9511 2618 7239 -1 -1 -1 1431 7792 5348 317 -1 -1 4595 6347 6380 -1 -1 6696 25 1173 2070 -1 4565 -1 -1 2851 5802 7132 913 -1 954 -1 -1 1838 1923 5295 3107 -1 2945 1246 798 2819 5237 7038 4008 -1
1155 4992 8333 8746 1903 5711 8796 4849 8755 6233 9918 5112 3300 8943 -1 4657 -1 8579 9717 4608 367 4508 2605 4430 2139 -1 4603 4913 1299 -1 -1 1829 2162 572 98 8801 -1 3575 2314 1880 4902 908 3174 5471 -1 8329 870 3270 123 -1 8829 5266 8754 8517 9914 -1 5494 6535 4832 -1 3709 -1 9677 8405 3083 3397 9394 -1 1900 3768 1902 398 7133 9791 6118 1372 6877 6511 5621 8294 -1 -1 -1 3118 5736 -1 3935 -1 -1 5489 -1 4062 8729 218 314 2452 5124 9631 -1 5557
8487 -1 -1 6558 2956 3028 846 4433 8232 7492 9625 7554 6733 7992 2173 5234 483 6050 -1 8067 -1 7100 7204 1923 5863 -1 -1 5589 8218 7775 -1 5102 9775 4541 3750 4706 1481 8227 -1 5701 10 1051 8615 3739 9398 6750 8635 5758 -1 -1 -1 9901 -1 3107 7485 4717 -1 725 9069 -1 -1 6284 -1 -1 5085 6340 1377 3264 -1 -1 4270 345 -1 3186 -1 2914 9941 -1 -1 6824 979 -1 2210 2891 3416 2610 3398 2258 -1 7483 1546 4242 6168 1084 4525 3188 -1 -1 1377 7335
3486 8300 1155 9089 515 6140 2951 5598 9709 -1 3904 2044 7507 6494 9216 1096 463 245 9048 7266 -1 1749 6157 9977 8658 1238 8580 9399 5655 3614 -1 3569 1389 8768 3655 3001 3506 6043 5040 4362 5445 8535 5326 -1 -1 3337 8589 529 -1 3378 3911 4024 8626 3721 7786 -1 7052 8013 5275 -1 6934 3352 -1 -1 9168 592 -1 6408 7006 5123 4695 3220 830 205 2104 4083 79 4144 -1 -1 4657 3588 -1 742 5530 5486 1329 8565 1235 5907 1603 9772 4167 -1 642 -1 3742 168 3566 8300
-1 3743 5127 -1 2376 231 8245 -1 4875 -1 9174 7705 2287 9884 -1 -1 7914 -1 -1 344 6447 1989 5597 7248 -1 4937 -1 1530 9883 -1 -1 5388 -1 -1 7679 3702 -1 8637 -1 4191 6103 152 6671 6785 591 7457 1472 7198 9456 1975 4262 3499 2122 -1 -1 9962 -1 -1 172 8736 -1 3853 4000 6140 3434 -1 9405 -1 6148 7915 6982 1363 -1 -1 1299 3303 2447 9407 2165 6275 1509 258 4197 8936 9964 9947 6507 2335 -1 2031 7762 2957 3581 5601 6806 6442 -1 -1 4370 3448
9930 9740 5114 -1 5883 3236 4304 8329 155 -1 2230 331 4717 -1 -1 2796 -1 6801 -1 2604 7902 -1 9787 6645 3960 4365 2346 2864 3381 6534 9871 5660 9181 -1 7725 2309 3162 7021 2855 1880 4458 5201 529 5521 3176 5298 6674 3919 8965 6311 6492 1077 -1 7748 9800 7827 -1 1992 2599 -1 2729 426 -1 -1 1609 277 2002 9002 5453 -1 2034 -1 -1 5000 1712 8834 789 7124 -1 6312 -1 5570 6835 6293 497 8644 -1 8332 222 9807 7068 2505 2504 -1 5163 2775 4396 4171 5909 4113
2081 3531 8448 3021 5022 1344 9577 9169 9648 8294 -1 -1 -1 -1 872 -1 6367 4562 2656 9521 8769 6808 -1 3896 1401 -1 5931 8541 4466 3977 7840 7365 8280 -1 3738 1947 9700 9649 -1 4256 4304 9194 8247 4292 2982 3616 4792 9945 8306 3058 1698 -1 7127 3997 4574 4033 7943 -1 8031 223 -1 8528 6239 9532 -1 -1 8403 9400 6494 6541 3978 2878 9088 688 -1 8622 6829 1493 -1 4735 -1 2827 -1 -1 6900 7741 530 -1 3557 8196 8590 4614 1193 3610 -1 4959 -1 -1 6756 2770
-1 7002 7322 -1 5166 -1 9806 1527 6106 8525 -1 -1 2585 4446 3480 -1 1010 9114 288 2211 4903 825 6962 6346 9964 5109 9381 5720 5559 4025 -1 1477 8206 -1 4151 4062 5720 7418 6011 913 2851 1622 5555 -1 3396 9090 4603 -1 8187 8252 1652 2034 4793 3946 8181 803 9320 6215 -1 3298 3516 1678 -1 -1 8304 2674 9308 8532 2730 4391 -1 6921 5525 3607 9493 3607 894 1119 8746 5221 6858 5658 8987 3191 1943 4793 7520 5168 -1 7926 8302 -1 2469 6085 6701 3527 2316 6279 5437 1279
-1 1296 1046 6008 906 6589 -1 3825 9200 4397 3209 2756 -1 3553 8796 3849 373 8070 -1 2812 8402 6450 1725 5953 7889 -1 3508 6901 964 8319 -1 3573 461 9315 8692 -1 7605 878 368 3570 3302 9816 964 7305 5224 2143 1676 1990 7751 2866 6788 -1 2361 3496 5564 8866 8589 -1 4379 8647 2362 2250 4815 8720 7309 2747 3133 7917 -1 5908 2043 1526 9007 -1 -1 1810 -1 -1 -1 1025 -1 8648 -1 6709 8564 1019 2278 1874 8605 -1 -1 5467 5457 8025 6045 7673 6848 432 6180 4166
-1 -1 2141 2726 3668 265 9398 -1 2504 7762 7206 9247 -1 -1 -1 5279 5984 208 6855 2535 -1 2870 6113 -1 3868 7955 1120 3382 2761 134 780 3575 -1 4748 851 9659 7409 3520 -1 4035 7748 -1 -1 6727 -1 995 -1 8582 -1 6755 -1 905 6920 1306 -1 2243 -1 4968 5708 6985 1506 2644 3907 3734 9122 1417 7876 9963 957 -1 -1 4937 1055 -1 7727 -1 3862 1561 -1 4422 7024 -1 9332 -1 6387 3238 9790 8931 6896 6164 5891 -1 321 -1 2906 7616 1512 1890 2532 7691
5326 8316 980 8609 7554 -1 7654 8235 7207 9704 1991 7783 4915 9008 3729 6592 7251 5898 9973 8212 -1 7495 6985 5605 2103 9073 9084 249 3205 3372 -1 8899 6217 -1 1945 -1 1060 107 -1 8111 8236 8955 3068 -1 -1 4650 3671 4550 2146 3925 9287 -1 -1 8284 -1 9597 8727 2797 5291 4922 5138 4324 438 -1 15 2209 8120 2405 -1 3208 6030 -1 2830 6403 9493 8211 8731 6190 8334 2743 3161 -1 8264 4773 5216 9142 1483 8215 7665 3925 7474 4600 6294 3653 8471 3090 9458 8301 -1 7131
6964 3857 1683 -1 -1 6789 -1 1336 9669 9496 8034 8922 7728 -1 5845 -1 -1 8091 5681 948 8419 6687 -1 4794 8847 604 7031 2012 180 741 8986 9617 670 2842 7275 3513 2053 9189 7907 1197 4172 -1 7841 -1 2798 9270 3567 4068 6443 9858 6391 -1 6063 3835 -1 9797 5422 3978 7532 4130 165 2313 6160 5251 5243 3570 490 955 2181 3890 330 2899 7915 1346 2528 2846 4115 -1 7326 1673 4493 -1 1304 -1 7195 5836 4698 8523 3475 6934 9222 5225 9430 -1 -1 4840 6743 5536 -1 5428
-1 -1 778 -1 5155 8480 2653 7130 3352 -1 7982 160 9607 1092 3365 -1 6392 1732 8640 1350 4508 7299 2738 -1 2480 4832 6794 -1 -1 3394 2518 -1 7277 6591 3049 -1 5986 3475 1927 3795 -1 9009 8430 3605 8594 -1 766 86 8347 4809 2644 1230 4853 -1 -1 9319 773 359 4889 929 312 7043 -1 3478 8508 9937 6316 6522 417 3740 423 970 6087 -1 5571 3416 3686 2755 8005 8007 7607 4622 7755 5422 7892 4916 -1 3143 -1 4666 -1 -1 5874 -1 2756 9576 -1 6885 2717 9375
730 -1 9792 9109 6102 6970 6902 -1 9076 -1 -1 6833 -1 9106 7100 5332 -1 5479 9176 6154 -1 -1 1979 6168 4579 2156 -1 -1 2382 8704 8088 9813 1282 4574 -1 6482 332 7972 4115 8118 3034 3349 6380 806 3821 7635 -1 3241 2581 -1 4652 4187 2545 2558 6502 3930 8246 4752 -1 7598 -1 4460 8078 -1 8849 4677 8487 4019 4034 520 1037 7765 3227 4342 8083 34 3890 681 3217 -1 -1 5633 1056 8015 -1 8858 9231 1023 6481 -1 327 5600 464 -1 6117 5098 5203 3114 8430 4233
4258 6478 6078 5916 2542 4937 8074 796 3887 4635 5574 1779 8470 6082 -1 2718 -1 6458 3782 7976 8842 8982 3659 1800 640 5005 -1 3717 7011 6414 4597 6537 -1 2076 3949 1484 583 5291 1789 9450 1189 9039 4944 6332 2077 -1 3097 910 6389 9299 9418 7401 6075 2196 9144 9804 3 8150 750 9527 7655 9372 941 -1 9763 6743 6166 7359 8748 776 1962 -1 -1 7857 8169 9055 -1 -1 8977 6372 3791 5096 6635 3805 1412 8469 7797 2692 -1 3770 43 -1 574 -1 9445 -1 3655 9220 6879 1236
1634 -1 7084 1038 822 -1 1710 2082 7420 2729 6796 1405 -1 406 5556 3701 6094 1229 9880 1236 7846 3461 4220 397 4751 7580 572 154 1401 -1 495 2603 8590 -1 8566 6438 -1 3818 9987 5335 9393 5690 5706 8749 4310 -1 -1 7705 8211 6340 719 6985 1273 9806 2512 4840 1313 1421 2605 1805 338 5808 6652 2556 7825 -1 1211 -1 2081 1749 -1 -1 6365 1022 7910 5977 6240 -1 8423 2339 7781 104 9894 7222 656 4242 6166 2420 2331 -1 2490 8466 871 8847 4155 5079 4429 8714 9289 5711
-1 4228 8761 -1 3419 2135 8982 6699 450 8182 8027 9339 -1 3372 -1 8395 1718 8630 7823 1241 7786 -1 8402 9811 1976 8529 6655 -1 2314 6284 5284 2122 -1 3017 2462 7331 2914 9449 2485 6773 -1 -1 8129 5925 9608 704 5703 9657 8713 9028 8784 -1 2832 2570 3032 59 -1 1252 2829 6238 4319 2197 2840 8546 1050 1328 7700 7591 6373 8988 7846 -1 -1 -1 2604 8889 -1 3787 575 838 9547 6534 4033 2220 3192 -1 7954 4207 1122 7412 4193 6445 2712 2521 3610 9599 1396 -1 9086 4492
-1 -1 5005 35 909 709 9501 -1 -1 4700 4500 3905 4357 7997 4941 -1 7799 2738 6857 1649 3705 6297 -1 6214 4061 2701 2367 8974 3357 -1 1346 1272 8400 3204 4060 7682 9309 3464 4945 1980 -1 1039 3068 -1 9473 1070 3629 -1 5959 861 -1 6603 3367 2542 3852 8842 2594 6978 -1 5147 8412 -1 2179 -1 -1 2918 3789 -1 9489 3598 6378 3165 7199 9515 -1 2662 2531 576 456 7715 7661 6499 -1 -1 4115 3935 123 5825 9800 2966 6734 756 3274 -1 5035 7409 9259 5664 9213 8978
3639 -1 -1 9421 2356 9470 3254 2232 5283 1520 -1 -1 -1 8084 9760 -1 2251 -1 -1 4189 -1 -1 8509 2401 4922 1389 6194 8615 1679 18 1280 5280 949 -1 5837 5948 -1 8553 5061 -1 9574 6584 -1 4120 -1 5286 2237 7284 5530 -1 -1 511 2818 2121 7957 206 5951 9378 4694 25 1104 7946 3891 -1 4611 9822 6452 8175 -1 4596 2196 6586 7467 2769 1027 8987 8734 1110 5283 6291 9454 -1 -1 -1 -1 4900 799 1896 6361 1719 -1 2010 -1 8546 -1 3517 2036 2912 6670 8647
-1 8831 6231 5397 8197 8158 6623 6937 4611 1816 6939 2232 1674 6661 216 2985 868 -1 136 5748 3136 4781 1165 6076 2669 2639 7790 822 3178 3692 784 861 107 8618 2030 -1 9603 6749 1448 3058 9253 1740 792 6742 289 -1 6861 -1 -1 5113 5716 9423 3504 5128 -1 1270 2163 9350 8112 -1 7191 8785 2948 8333 7290 9612 5634 -1 -1 1678 4529 2027 1401 1114 3191 3897 6943 2720 2635 8646 -1 9266 2647 -1 3184 3173 -1 -1 5313 9916 5245 -1 1212 9665 -1 7493 6157 902 8918 4480
6874 9085 6988 1546 -1 2856 4677 3512 956 -1 2429 2377 7014 6079 359 52 4072 8940 8866 9624 9362 2652 8153 2889 6004 -1 5479 -1 1729 848 4404 6429 8864 1456 3932 918 6977 -1 8666 4271 8131 589 5597 1364 2556 5452 874 5069 6256 384 -1 7463 2190 3147 9726 5846 8063 4544 311 9765 9858 115 8805 7724 758 2773 -1 8967 5641 6426 4591 5443 5170 4409 6713 9744 3634 -1 7760 -1 4514 5442 8349 7944 9782 9272 2602 4793 823 3052 2317 -1 3824 5568 7121 7973 4148 -1 6623 5843
6610 821 -1 5078 390 6637 293 -1 6271 2498 -1 -1 2937 -1 -1 -1 1755 2997 3293 9397 5387 -1 2440 8677 5252 6588 563 8094 9115 569 8587 -1 6645 -1 4957 1256 3183 2157 -1 3444 896 6897 4721 2888 9167 8119 9120 1223 5863 -1 2076 9724 1639 1116 -1 1830 -1 -1 -1 3973 5101 -1 1689 7309 3144 2397 -1 1434 2338 5070 4322 -1 4979 -1 5097 -1 3388 6447 8783 173 3978 8526 4628 3390 7578 2573 5618 8199 8093 9008 -1 2243 9365 8949 1301 8944 5570 1651 283 5812
4353 3492 8035 3592 4243 6633 1225 6756 -1 2718 485 8549 1527 260 -1 -1 -1 5956 5250 1065 6334 5772 7131 -1 2737 3452 8015 8250 6094 -1 2677 1477 -1 8066 4248 970 4983 7828 6707 2243 8149 9611 3105 3743 1328 9190 7681 7444 -1 8902 -1 -1 9448 1128 7827 -1 -1 8106 6972 8253 3560 8981 7587 -1 9184 6034 4486 8253 1042 3178 4866 -1 5889 5846 6159 9654 -1 4533 -1 -1 864 708 6586 8558 3075 516 7241 2992 2826 3970 4110 4006 -1 2517 7410 2504 -1 8142 2718 1898
3990 -1 9788 -1 2056 3934 6105 7071 5595 -1 1586 512 6947 4586 2430 113 8319 3769 7199 7453 6946 8886 2789 3498 7150 66 2521 5186 -1 5426 1755 -1 -1 826 2995 -1 8655 -1 4596 3476 6290 7989 2928 2309 369 7194 9848 2980 -1 614 -1 5818 3964 5028 4133 8369 2919 8939 3091 -1 -1 4518 -1 3193 -1 6422 4409 44 132 1958 2849 1045 4285 6820 -1 7786 -1 7222 -1 -1 922 3106 5135 9168 -1 -1 6812 4778 2412 1683 4900 4849 623 1476 -1 9161 5212 7866 9868 1242
2221 266 6758 -1 853 4549 2085 -1 5936 7867 2327 4015 7782 8725 -1 7907 6610 3472 -1 -1 4167 887 3671 1132 417 4028 7454 -1 6389 -1 -1 1293 1947 921 -1 6336 6790 -1 2927 -1 4506 3922 -1 8475 4617 -1 1100 2388 8062 7209 3900 3460 8867 4512 7728 6594 5712 -1 6698 5538 4487 3592 -1 8713 977 4668 5075 5913 -1 1564 5623 9834 4348 -1 6102 7528 2517 -1 6556 6671 -1 -1 667 462 3478 2500 9473 9253 1526 -1 5443 -1 2246 6789 -1 7337 1818 7273 6661 -1
7451 2007 9715 9249 4052 -1 8048 9793 8242 5211 -1 5851 -1 2713 5830 6291 3723 9092 4290 9322 9919 3744 3411 4270 5213 -1 8604 1743 7786 4555 9713 8723 7285 6205 -1 9190 9812 1209 -1 7386 -1 5928 6579 -1 7936 5521 4062 2474 -1 6786 3857 4758 9589 -1 9154 9807 6243 3505 9638 7136 7228 1082 836 6415 5742 9012 -1 -1 -1 4323 8147 1014 7765 9845 62 2716 626 799 612 5144 5954 112 -1 5176 8718 35 6186 104 2769 7509 2659 8795 7367 7222 -1 2460 9119 -1 4761 -1
8846 -1 2537 -1 9406 5415 -1 5594 6905 7525 8365 3578 6646 -1 7664 -1 21 5781 442 9795 2872 -1 -1 3071 -1 -1 4572 4704 9948 482 6448 5101 2446 7384 -1 -1 1515 3785 4344 -1 5663 9488 -1 4063 -1 8942 7587 7261 8224 2467 -1 275 9783 5600 -1 7210 -1 -1 1637 -1 5122 -1 3242 4122 -1 4102 3333 698 91 6362 9304 2186 7431 3696 9079 -1 2391 1094 9066 3399 1811 9816 4246 2722 280 5689 4371 6539 8495 -1 9550 8326 2257 8723 835 3722 2865 644 7798 -1
7030 9101 8564 717 6106 9967 -1 -1 258 8461 7111 9554 9028 7269 -1 5718 5822 5286 -1 -1 8390 6874 6113 8292 9796 2714 4880 -1 3248 1773 2257 3049 1338 7728 896 9983 3602 8712 2656 6451 9154 4632 5247 8524 -1 -1 2418 -1 5933 406 2096 9677 1856 3259 -1 3566 1358 -1 9475 4842 8736 8551 6369 7956 7195 6904 4432 2568 1841 367 8160 5541 77 -1 8700 1731 9310 604 2636 -1 -1 1851 8814 137 7815 2361 7505 -1 4485 6588 1261 9565 7324 9810 5661 3478 6548 175 1475 389
1748 264 1223 9198 3615 1149 3155 5427 103 8359 1613 3318 4604 1245 9710 9632 3736 1476 1494 -1 -1 5311 1387 3404 5932 4243 1931 7611 229 7845 2539 -1 3040 9007 -1 2897 8000 561 4420 9253 -1 7728 -1 6110 7980 7160 6807 8283 1053 377 8893 -1 -1 4031 6100 7298 5809 2250 9260 440 3332 3209 4378 7098 6499 -1 -1 -1 3916 229 9560 937 5012 1364 -1 5779 1128 -1 6606 -1 -1 5211 9979 3083 9972 1288 2530 8917 -1 6061 7850 -1 -1 4994 845 -1 -1 5229 4067 1057
7389 9863 8337 5769 6936 4007 9126 3185 2300 8214 -1 2139 2872 -1 7822 1466 1641 6075 -1 2590 1624 -1 -1 -1 -1 4234 2897 5737 7483 7974 5619 -1 1967 8263 5824 -1 7653 2030 -1 9656 4978 1857 5228 3431 2888 -1 7188 -1 974 822 7299 1051 -1 5660 358 670 2069 6207 -1 -1 7792 7542 208 5491 -1 847 7552 -1 4960 7037 -1 -1 1492 8221 -1 3272 7507 6 4508 4432 6653 5165 3873 -1 6161 3786 406 3806 6240 -1 4766 -1 8625 7722 9041 -1 8881 -1 6209 -1
6238 6815 541 8725 4061 2998 8095 6328 7129 9261 1154 5774 5345 9653 1459 3756 378 3685 6746 -1 7014 3616 4455 -1 7515 8558 -1 4767 -1 -1 6822 2104 1890 3740 3669 2446 -1 7128 809 3157 5548 9895 -1 2976 3433 9086 3477 8409 4249 4367 4030 5273 2632 6217 9310 4554 4134 3582 -1 7617 6199 4754 3361 -1 109 -1 2303 2530 4338 39 8898 5142 -1 306 590 -1 3972 1112 -1 2289 5387 -1 -1 5385 2256 9767 328 3229 4625 135 5785 3689 -1 -1 7606 8743 9825 6932 -1 6337
4709 9692 3979 7868 -1 2536 5320 -1 744 2883 5082 4487 5941 1660 -1 -1 6928 -1 8549 2798 4588 519 3612 3200 4048 2829 -1 -1 2085 -1 3781 -1 308 4084 4528 3750 2693 6659 7476 6183 2689 6343 8813 7348 -1 3490 3651 -1 8111 6002 2317 9977 5089 -1 4254 -1 6050 1282 -1 9886 8076 1696 -1 8244 818 5942 8399 4956 8449 3138 -1 1149 900 235 4785 4268 891 8634 9903 -1 2990 5033 -1 4790 9384 5840 8925 4144 4284 8239 2209 800 -1 -1 -1 3026 9314 -1 8626 234
8590 4735 2944 4751 853 7275 8719 -1 7113 4102 -1 -1 -1 -1 3253 5692 1702 2041 1302 246 9252 1009 9084 1051 7170 71 9771 9141 9118 9071 8116 799 -1 4984 3053 4455 1364 8275 7258 9050 -1 1956 1497 254 552 8957 6465 1389 7639 972 1735 9747 -1 2401 8651 5956 -1 3789 8309 4701 -1 -1 2705 -1 7311 -1 3007 8165 7740 4211 3314 3927 2906 2924 9447 9576 -1 72 7881 4001 9072 2321 -1 5382 7606 6573 3810 2299 6734 8911 2348 296 3097 1861 9047 2828 1646 97 8528 -1
5762 4654 4171 8030 8580 6243 8476 194 8897 7885 234 6694 -1 2907 3399 7100 6078 6480 7427 8176 6584 9231 705 4795 976 -1 773 7946 1493 9031 4455 -1 6571 -1 8877 777 1523 5374 6722 9352 1570 3304 7754 8449 8657 -1 1936 -1 -1 1772 -1 2745 7787 4590 9475 9880 1390 5866 9763 4588 5521 1855 -1 3103 5219 2730 3851 3043 13 8906 5961 7587 8297 5324 1049 2000 5205 9187 8291 2498 2133 3563 9570 9966 8636 6435 443 9695 1321 8962 7246 9265 7583 7354 3268 5087 -1 4959 -1 -1
2509 1280 312 3277 643 7536 8909 2096 3695 3704 1608 181 2902 -1 2771 6522 9599 7733 8837 -1 1505 4729 1086 2369 2126 -1 6769 2919 -1 -1 6952 7265 3239 6529 9632 -1 7602 5286 777 -1 3541 7227 4254 6244 -1 8192 2534 3845 3817 5335 8875 5775 2086 9493 304 3994 -1 6553 6996 -1 5186 2209 7672 2428 4137 8920 9493 2861 -1 762 3877 9877 -1 2086 -1 -1 9955 5440 6864 -1 5143 4519 457 -1 9782 -1 2073 -1 3289 5550 1878 -1 -1 2292 -1 7821 9752 1557 1363 4603
4763 9865 1527 3289 4254 493 7680 9464 1294 4176 7598 -1 -1 5794 352 166 2957 3553 8073 5973 9412 1262 430 3615 2939 3550 5828 8684 7906 638 4927 -1 6507 9475 -1 2251 851 -1 6947 4883 -1 -1 9359 545 6886 8877 1328 648 9709 8009 -1 1301 3207 915 8053 -1 2853 8222 2795 2194 -1 9809 7171 5301 5885 9414 3107 7426 4373 2447 -1 6203 -1 945 8035 570 2078 5889 -1 -1 5826 -1 5024 1516 2054 6091 -1 4725 6034 2421 -1 148 9577 866 6626 2551 1557 7874 -1 9216
876 -1 3151 3918 -1 8200 4768 1036 6587 7728 9593 16 409 4706 3375 7261 1061 9150 1396 -1 2765 8016 4862 8022 406 570 5261 7971 357 6712 7546 8568 5895 6019 8813 -1 3035 7644 2463 1774 4128 9397 -1 2466 8684 3049 1391 1067 -1 -1 -1 4805 5679 945 953 9969 9914 4219 -1 8851 9246 2918 5227 6194 -1 7993 8841 5126 3138 8215 5241 3861 1746 1720 -1 2624 1556 8286 5090 1541 6391 5935 -1 -1 5337 3277 9189 3614 2532 8795 4401 1641 4924 9509 7104 -1 5747 291 -1 -1
5301 1289 4614 -1 8706 840 3640 6287 -1 8332 489 5799 9897 1944 2125 7718 -1 9838 6628 7016 1643 -1 8002 7304 9650 3265 378 8987 2348 72 4487 2332 4330 8616 1978 7604 1909 2692 9252 1629 -1 8533 8098 1118 6473 -1 9622 5895 -1 9847 1447 1180 1161 2506 -1 4830 1777 7834 -1 8043 -1 5649 6338 -1 -1 -1 4997 3189 7059 6306 -1 -1 3654 9550 6571 7949 8675 6241 1851 248 4279 7194 8648 8932 2794 9341 4589 -1 3899 -1 2855 -1 9914 -1 732 9177 7330 -1 7376 3642
-1 -1 476 3362 5599 5401 1812 6793 4575 2709 6296 6789 244 8225 4143 4248 400 7575 8633 6047 7097 8461 -1 185 298 2754 9211 5411 2332 3495 6059 8597 1060 5406 2580 433 -1 8052 9611 1434 2251 4200 -1 6026 5450 4545 7951 9053 4455 4339 -1 6228 7728 2598 6699 5261 9319 2944 2031 342 5617 4641 6143 -1 1081 8341 8295 8265 2007 7966 6608 3379 -1 -1 9649 5472 8241 1875 7911 6098 6777 5266 7708 9455 6960 -1 4312 2819 -1 6134 8332 -1 9974 6174 -1 3101 -1 2671 -1 1005
9024 5832 2278 5336 9383 8241 4862 8585 8607 4018 3475 6290 6705 2293 3209 8255 550 -1 -1 7684 8862 7914 -1 -1 1846 9422 8442 6906 1040 9 3015 -1 8552 6706 9964 -1 1379 3807 32 1531 -1 7139 3974 2717 2930 7328 4505 8544 1891 635 -1 9449 3416 8906 8753 3220 4284 9245 1987 -1 2215 533 8959 -1 772 2633 2115 3387 -1 8693 9011 796 6408 -1 2246 -1 4955 5520 -1 5844 1636 6377 4608 6253 113 5369 7787 7161 5448 -1 2754 2299 -1 -1 6070 5465 4555 -1 6766 6873
3265 7403 8774 5878 5116 5421 -1 -1 4491 -1 2304 -1 -1 4781 5825 5628 2547 482 5956 3696 7026 9977 -1 4838 480 9524 2860 -1 -1 137 6973 2031 5626 2231 3215 6305 -1 1184 8274 1738 1088 6238 8610 -1 6274 -1 1952 6427 -1 3253 1663 6424 8181 8222 9289 6851 9421 1835 5446 8224 3353 -1 1123 9555 -1 -1 4865 -1 9085 -1 9086 3870 5977 -1 5173 -1 8740 1736 864 6911 4877 8208 5959 8349 -1 2182 -1 4207 2837 -1 -1 4835 -1 5214 828 2298 -1 4006 8797 -1
6686 4925 8685 2966 3591 5274 2708 -1 217 2643 5773 6538 -1 6655 -1 3590 -1 5187 -1 4249 -1 -1 9269 7396 7078 9811 9449 2396 62 3751 5884 8211 -1 9720 -1 8998 518 5486 -1 5596 5102 916 8450 3745 -1 -1 3837 2920 5097 -1 4504 7929 8289 1834 4259 4655 7648 2725 305 -1 7121 9016 4674 -1 521 5970 -1 2139 787 4357 5266 1291 -1 -1 7168 6074 5968 4190 6284 2923 -1 1799 2303 5175 8092 9309 4398 8027 -1 3894 2790 2890 4954 -1 8265 9016 2251 -1 7610 -1
-1 2502 9519 4887 3475 9220 4094 9472 6007 -1 6894 -1 8885 920 356 -1 5467 8296 -1 -1 7091 3342 244 -1 639 5657 8096 8471 2758 7630 8575 5802 4764 951 7488 9736 3751 -1 2757 7978 1240 3347 7042 5727 6096 3106 -1 5076 9296 -1 7144 8180 1826 5586 8064 5569 1940 3594 7342 -1 6226 8419 7469 2102 1130 -1 4504 485 7179 8479 8262 7445 4142 8597 776 9 2139 4382 9034 2401 796 2707 9076 -1 -1 3044 -1 6795 9797 6854 2888 6249 1111 5152 -1 2641 5985 3693 -1 4102
2810 -1 -1 1001 -1 -1 6433 4553 4666 9494 6817 2927 6917 9475 6261 -1 3257 5677 6412 -1 7119 7983 1093 2243 -1 2765 4875 7958 5517 3087 6509 2702 -1 6454 7980 -1 -1 7842 7094 -1 3157 2894 2349 2908 1773 8803 3650 6810 80 6513 7917 2949 3802 5010 -1 -1 5174 2786 2837 -1 1022 1832 9163 6150 7118 957 -1 -1 9496 -1 8285 6804 8221 2420 9137 8766 9808 6428 1499 1166 4387 9022 4928 9571 4520 9301 2349 7179 -1 -1 7680 -1 1164 8640 74 4464 8302 -1 1045 432
5099 2987 6598 2670 -1 5658 -1 -1 3978 2950 2099 8943 4416 2680 1609 5224 3272 5017 6270 7125 8113 1091 8515 4716 9090 9192 -1 4145 3692 -1 1981 723 899 9556 3790 4491 -1 9182 4477 3736 -1 418 791 -1 1596 5458 1504 6319 8577 9737 -1 1068 355 6503 4227 -1 1789 181 150 -1 141 5603 -1 6159 5491 -1 4499 7940 606 9107 9157 9008 -1 7329 6384 -1 -1 7157 3696 988 4133 4651 -1 2676 9594 -1 2071 -1 -1 -1 1437 7031 -1 9000 4007 2521 1209 5323 -1 4648
6794 3339 678 -1 5667 9251 623 8967 9170 5306 2438 1958 8643 8622 -1 3128 3393 -1 2563 1011 3029 -1 7358 3115 3964 1385 4164 2633 -1 -1 -1 -1 7399 -1 2106 1478 4573 1691 7543 9547 2036 7938 9386 8593 6761 3785 9987 1115 5967 5995 -1 5157 2667 6696 9431 8724 3606 8133 4973 3710 3140 1045 -1 8165 -1 8503 9246 4339 9159 9063 6181 3085 5616 2454 -1 8900 -1 -1 5591 -1 -1 9747 7496 2246 8110 8527 6363 2374 9348 -1 8566 -1 3716 -1 1261 -1 1411 7677 253 1739
5672 3723 5857 6709 9044 9083 1787 8437 7847 6789 6594 5281 7949 9039 -1 2019 6464 5833 1311 -1 2401 8589 1623 9143 -1 1395 7436 -1 5693 5407 9371 9572 337 -1 4356 7655 7119 5277 -1 8833 -1 6221 9561 4211 -1 -1 2817 8197 2159 -1 1843 5230 9822 -1 8272 5475 2181 -1 -1 2106 6447 3989 4448 8755 9861 -1 -1 2888 1845 4624 -1 -1 6819 8132 3210 5901 9818 6207 7262 376 9472 9403 3619 1849 8125 -1 7897 1455 5443 4424 7944 1934 2838 6304 -1 9921 -1 3635 9093 1644
1939 448 4585 1007 -1 8252 -1 7581 1260 3414 -1 1179 931 1020 -1 3790 -1 5313 4216 7196 -1 3693 8008 9477 3043 8450 8259 9341 5178 2239 4077 3894 8749 830 8058 7061 -1 1754 -1 7811 9710 4113 2698 -1 6389 1363 4355 -1 -1 2372 3467 7224 3978 9495 810 872 645 3981 6890 7801 5028 6560 6635 8098 8266 5794 787 -1 6303 -1 8129 9070 4682 1528 4021 9244 2644 3550 -1 4384 9136 5905 -1 771 7905 1885 6960 473 5381 9327 1839 7176 -1 5751 2769 202 1859 9558 2434 9393
9842 1540 1876 1345 381 -1 -1 -1 9251 7560 1475 4801 791 9033 -1 8881 7141 3279 4367 3633 8894 9379 4768 6992 5622 3673 2022 7026 8131 7147 -1 -1 5902 5907 8624 9073 8214 3241 10 6118 9183 2611 2290 5293 -1 9482 -1 7005 9488 2128 9383 2072 5453 -1 5446 8742 7172 7897 -1 5574 3275 5527 2706 7630 7370 76 1604 3800 5310 4904 -1 5093 4313 3268 5504 -1 6920 -1 2362 7866 7250 2596 9056 5616 6001 1262 5213 2101 8451 9358 4475 9818 2320 1870 -1 532 6336 4499 1370 -1
-1 8805 5637 -1 8206 -1 4917 8790 3432 4975 8788 2181 4515 4880 -1 9403 2364 8833 777 9135 -1 6243 1302 3572 1958 -1 2191 3105 -1 -1 6446 1716 3827 5493 7337 4322 8185 -1 7947 2381 4275 6961 -1 2124 -1 3965 7951 3120 9551 -1 8856 9071 3054 6719 1204 8499 5391 592 -1 2694 8907 483 7141 9783 -1 8923 3007 8403 1393 5972 -1 489 7707 8183 4049 3144 9897 7459 -1 1015 5159 542 7609 -1 8230 9468 3098 4470 -1 9595 9674 -1 8440 4945 2655 1634 6989 882 4540 9317
3313 759 7024 9474 8108 -1 -1 -1 2990 -1 5465 -1 3601 -1 7453 9297 3654 1111 1735 5450 2469 4679 5326 9767 9694 6180 -1 2293 6064 3966 6018 1515 6225 8794 5708 3815 7436 -1 4062 7114 -1 2744 -1 8661 3711 133 1823 6197 5771 462 597 3094 2360 8080 -1 7995 6047 3798 4019 -1 1279 3430 385 7330 7689 6719 7969 -1 4689 535 261 3109 4719 -1 -1 8837 -1 -1 -1 7675 4523 3310 6535 9863 6535 -1 9210 916 2736 234 8075 8088 4754 7657 1793 9554 7581 8609 8933 -1
10 19
26 80
