100 100 270279108
8543 394 4494 4139 -1 -1 9041 3418 419 224 -1 1887 -1 2874 951 3201 -1 -1 -1 9693 884 9357 4498 5385 2134 6732 -1 5149 -1 9994 -1 6494 6129 1227 7739 2984 -1 -1 -1 7559 2366 4005 1503 -1 9034 6925 2991 4517 6574 1387 3705 2551 8086 -1 5852 -1 9663 5564 3447 2167 7775 6373 2550 -1 -1 2311 7790 5591 3624 425 3304 -1 7823 2987 2729 6109 -1 8779 8371 -1 9187 -1 1262 4676 1439 5004 -1 5627 6020 -1 6324 9155 -1 9542 -1 -1 4396 -1 2939 8273
4675 8334 3365 8251 7052 7633 4380 4667 -1 -1 4039 3483 5072 8662 5579 6438 -1 9057 7634 3537 1559 1226 6296 3343 956 3493 -1 4956 -1 7554 -1 4068 -1 -1 8127 -1 5861 7702 -1 -1 3475 2309 1015 3374 -1 7099 2451 6199 -1 6592 3657 -1 4619 3836 -1 -1 -1 -1 8179 2409 3379 9632 -1 6319 9777 -1 3073 9209 -1 8181 3490 8847 1113 6114 847 -1 1389 2403 2955 2318 4567 -1 -1 9562 -1 -1 -1 1912 -1 2147 5844 113 4764 848 2119 198 6017 4713 4918 197
-1 9339 6633 9811 2185 5824 1481 -1 1485 2187 3326 723 8655 452 2086 6320 7219 9779 6497 5460 802 575 8210 7244 2754 8177 7176 -1 7589 7181 1505 2311 6708 7586 2742 4080 -1 85 5761 6935 -1 3995 7397 8386 6397 1748 -1 9101 2102 838 8649 -1 671 5689 1836 1822 4963 9836 2872 -1 6339 1652 -1 -1 6231 432 -1 1872 8477 7146 -1 -1 6587 -1 3040 3860 3271 2535 -1 3795 5813 2423 5604 -1 3183 1203 2349 9300 422 6895 2415 3456 1582 -1 2991 6459 -1 -1 376 5719
2161 -1 5113 8964 2804 -1 4836 2082 343 -1 7622 9431 5372 9377 7825 -1 9009 8233 2762 729 7088 501 1450 9885 9696 3371 733 -1 2792 571 3030 3401 6293 274 6276 7189 6792 2597 6832 4553 -1 8088 -1 -1 9464 -1 5610 5144 6966 -1 -1 9954 2344 -1 9686 -1 4268 4154 -1 9192 1717 7889 5341 9234 2119 9958 1054 -1 8427 3892 -1 6035 5667 3618 -1 -1 7297 -1 1016 6146 7802 -1 5211 3042 8157 4859 1453 6670 2075 -1 2762 4043 9661 -1 5291 -1 1609 2651 -1 -1
855 -1 1388 4529 -1 5953 692 7637 -1 5206 -1 9064 8486 6685 -1 7952 7060 3326 3801 4012 6294 7662 -1 1907 3918 9123 9886 8996 -1 916 2825 -1 7588 7696 1954 2289 8863 -1 3216 3493 3446 -1 985 6084 9319 7243 4836 -1 9425 -1 6564 9479 2142 9667 8771 5059 3920 9397 -1 2230 878 1340 -1 -1 1762 3897 5604 4559 4559 -1 3683 3128 -1 533 -1 -1 2049 8200 4385 3182 2337 7393 6947 109 5696 7214 8719 339 7386 7920 353 6105 1433 -1 -1 5783 5533 5368 -1 1768
9987 9725 9764 6119 7944 8466 -1 3784 -1 -1 5100 2368 9925 8921 -1 -1 1451 7067 -1 566 -1 4597 893 -1 -1 9949 7722 7477 5944 9874 762 9950 2982 -1 3761 9701 2827 2228 4157 243 6661 -1 6902 3444 9770 -1 -1 -1 785 5373 2718 2935 5279 -1 4460 6493 3138 446 3014 9939 1877 9728 8522 4495 -1 -1 2410 6980 8659 -1 6665 1918 6629 8903 1051 5836 1682 7159 4888 3512 2538 8156 9900 6081 9291 1356 8063 3019 8024 1367 7398 1693 1397 8482 -1 7700 4767 2734 5214 4107
4478 578 -1 3830 2491 5975 2667 -1 7465 -1 3854 6499 -1 8231 6558 3872 3804 -1 5267 4869 2696 6473 7995 3307 7984 9988 1204 9111 -1 1891 4804 8132 368 5983 398 1051 6945 -1 5515 -1 1784 2568 2998 6745 3089 6105 7572 -1 -1 8510 1785 5723 2014 9901 8211 5385 -1 5210 5101 3066 -1 9590 -1 -1 2788 8090 2352 4747 68 5979 -1 2287 -1 -1 6594 -1 -1 7342 5984 8368 1340 1038 7340 7184 5095 5127 -1 -1 -1 -1 9439 8162 443 7464 3241 -1 3749 -1 94 9687
2526 692 1190 7165 -1 4145 4695 7259 907 8063 6810 8272 3040 9217 5930 6790 2854 -1 6112 7404 -1 6095 9933 5310 6316 2101 2207 338 -1 7935 7395 3763 5848 7089 3978 9125 1296 843 6106 1260 -1 4161 2216 3210 3652 9782 8617 -1 -1 9221 9676 5744 5047 317 8590 -1 -1 8173 7793 8530 3612 9242 1238 5281 6035 7401 6657 5557 4246 -1 7261 4754 3113 4490 5368 7669 9463 4909 4199 7899 8694 -1 3761 1965 81 5495 5450 -1 4762 9914 4980 2622 2855 5163 7772 -1 1677 -1 -1 8221
4759 -1 1543 4116 -1 9478 2441 4465 7077 -1 -1 9323 9793 -1 -1 7610 1067 1551 -1 7624 5180 7942 1859 6583 2846 3141 6578 9435 5621 882 -1 6338 5684 3831 -1 8967 6352 551 9821 5731 6300 -1 4892 -1 8149 1159 8680 9699 -1 9019 901 -1 7434 3213 6068 9820 -1 -1 -1 3423 -1 -1 6501 2942 8933 -1 -1 9775 7973 9113 3028 57 9421 3605 2700 2090 5591 1272 6059 3099 1445 6415 8798 7129 6721 5035 453 -1 5480 8626 8418 9975 2237 -1 8157 2305 -1 1600 -1 5400
7194 5828 -1 9596 -1 6285 848 5819 3836 4397 5509 5487 789 1497 -1 4885 -1 1095 9420 6648 9986 7453 6499 6111 1746 9118 6833 3347 2617 3341 297 -1 -1 8268 -1 3136 225 -1 4041 9289 1873 8896 4836 8444 7005 1661 9881 1401 -1 -1 1504 848 9746 7337 9618 2720 7909 3103 5467 758 5885 4782 -1 8 5916 7475 5036 9597 7272 1312 2744 6397 222 1644 -1 2078 9204 3722 1256 7981 7252 1766 1180 1893 3421 182 8272 1478 1185 -1 -1 7568 3393 4450 -1 1774 3640 4613 9690 1074
9623 8850 3307 -1 1933 -1 7764 6540 -1 5495 2100 5202 5441 6163 9076 6336 3203 -1 -1 -1 -1 5564 8471 6081 7603 6369 -1 8804 571 3410 6583 7071 9291 6880 8137 6725 9697 6282 -1 6659 5094 6152 5297 4837 2899 976 9137 2934 753 2913 -1 705 7988 7431 9191 -1 9859 4826 5270 -1 5805 7053 2304 -1 2411 2692 4177 7105 7257 -1 -1 7755 -1 6408 1468 9026 3509 413 7500 -1 -1 2059 9159 4375 713 -1 -1 5081 3525 1354 742 4962 8904 5963 205 4759 5040 -1 7030 -1
3433 6323 5222 5997 5325 -1 5955 7310 4085 1284 4631 2903 1458 1068 6293 6522 9456 2457 2580 7807 -1 1860 4577 -1 8771 -1 9400 6565 2895 5301 1412 7092 9691 9385 6885 320 6293 -1 -1 7825 -1 6280 5277 690 2732 8455 6728 -1 -1 -1 9976 9733 794 1948 2346 3912 -1 1974 -1 542 8539 -1 646 6602 1967 3448 7080 5579 7249 -1 5278 357 8063 1893 3759 5753 7053 6181 6018 1237 6425 -1 3123 1950 1606 1667 3770 -1 8269 5633 1213 2078 7281 5431 7740 -1 2107 3982 862 -1
3415 9489 4644 492 3879 2581 720 4101 -1 -1 6473 8350 -1 5423 1109 3806 637 2382 4746 -1 -1 7415 315 7693 1174 4132 4201 1122 1611 -1 -1 9470 2617 2767 6288 -1 3518 6571 -1 1280 -1 574 5760 164 -1 2608 -1 -1 -1 4846 702 8616 2740 4583 -1 9623 -1 626 419 959 -1 5411 3816 6050 8304 -1 -1 963 9848 8379 -1 4109 1819 9489 7517 7839 8831 8115 2591 1 5521 4634 4104 9721 8518 -1 2499 9803 2754 6108 5783 6616 2472 6174 9397 5077 6420 4426 -1 1578
5437 6987 9342 -1 -1 2900 66 2670 8651 7190 7189 1370 5783 -1 9093 8287 6179 6110 4458 9805 5223 8021 5777 6229 1019 7177 1612 7131 4887 5477 1700 6880 2534 -1 -1 -1 8863 4366 1326 7333 5581 2972 368 6262 287 274 771 -1 6380 -1 687 3093 3282 5583 6671 7002 -1 5051 157 166 9453 5145 3947 6831 5069 -1 1944 5144 155 6357 4563 9304 7818 9421 3753 -1 208 5735 8245 2516 3555 965 3913 9991 5867 1067 8988 3088 7609 4201 8343 2429 185 1915 -1 8985 7546 7467 -1 4505
366 5790 -1 8249 1467 7541 7362 1381 -1 692 -1 7677 7347 310 8346 7862 -1 8966 4224 6549 7750 5440 -1 5524 7148 9587 -1 317 6351 1129 -1 957 720 6509 2052 4898 2381 9255 -1 3157 -1 -1 9758 2993 2135 -1 -1 2922 -1 812 408 9063 3625 6402 -1 8935 6204 9322 9419 -1 7599 6366 -1 5862 -1 1937 -1 -1 1513 469 6313 7247 8971 9214 1746 8144 333 6474 32 -1 9373 2077 1498 8725 7757 2193 5169 628 3288 9648 -1 7065 4719 7619 7324 -1 2364 6913 879 4312
-1 7685 1069 7370 6624 8709 7340 2425 2885 -1 -1 2466 -1 8830 7988 -1 1662 1644 7774 8014 8826 7159 305 -1 6269 2625 -1 7111 1767 1949 5261 4600 7320 9126 7130 2114 8557 9601 8545 1189 9025 7657 6263 7511 2081 6709 2162 8385 8042 -1 7701 9537 8262 236 -1 -1 9216 6528 2393 4350 2128 -1 7369 3850 6050 7670 -1 9814 3404 6756 3149 -1 8063 -1 8212 -1 1467 -1 5830 5421 5202 2726 -1 -1 5764 150 2882 -1 -1 7300 -1 2772 3321 -1 7383 4692 5342 9159 -1 4832
9216 8981 7816 2691 2662 4956 -1 3347 7390 -1 1934 4932 248 9383 6159 9209 1139 -1 7898 4508 3449 828 -1 3440 1512 -1 -1 3795 6594 6427 9807 -1 3121 1861 8739 8332 5842 1173 4290 9372 -1 3002 7750 4309 3368 4017 695 7948 5541 4769 3803 -1 -1 -1 5065 1193 -1 6489 2748 -1 2854 956 2861 -1 5396 7455 -1 9002 5909 1160 3675 -1 -1 3175 8766 5073 9795 -1 1953 7731 7125 1456 -1 1089 9604 3960 8268 -1 6351 -1 1972 7258 1136 8096 9355 8718 446 -1 9744 -1
8850 8298 6146 8958 -1 3406 1575 1064 9444 5525 7835 4885 1852 4958 -1 -1 8977 2869 3613 942 2282 7386 -1 7803 7399 7770 2106 2776 -1 9931 7307 283 595 2969 -1 8204 4748 9936 2593 2823 2223 3149 3177 8261 7587 9288 7822 4842 3466 7218 7996 -1 6235 1117 9513 3673 1266 9146 6975 727 7968 9330 3525 4108 -1 8149 8504 9846 3557 1362 407 -1 -1 -1 9460 -1 7088 3386 2463 7871 9806 -1 8363 299 2512 8429 2159 2474 4027 -1 4165 5083 4376 9652 8696 -1 5834 5053 -1 2263
5191 3330 6385 1206 8547 5651 -1 4893 -1 -1 4867 -1 2138 9801 9482 335 -1 7734 1273 7495 236 -1 -1 4279 -1 6545 8322 -1 9209 3059 2982 818 4140 6213 230 1616 -1 6298 -1 -1 -1 8391 -1 5543 -1 9411 8883 7119 6741 9922 6258 7647 9483 5863 6131 3582 3523 9116 -1 -1 9558 2082 2973 7052 -1 9523 8273 4532 -1 6593 8658 -1 2768 3226 3357 8830 7853 8474 3065 -1 -1 3312 -1 7016 7265 4547 -1 8077 -1 -1 6654 1394 3910 99 9851 9357 542 1043 -1 2687
4939 3891 3947 1816 8040 5226 2206 9290 6710 859 16 7063 5622 9586 740 -1 2165 6578 4637 -1 9469 -1 9793 -1 2136 9189 5902 -1 -1 7870 9887 9698 -1 6549 6143 699 8626 -1 4377 -1 114 1579 4734 5757 9038 6293 -1 1544 8228 733 4071 8448 9547 1881 1853 6369 1490 8808 9705 6493 8682 1591 2643 203 -1 711 4430 20 4966 113 8831 4927 5933 -1 8407 2715 5570 -1 5755 7699 8393 4720 9299 3704 -1 1459 1499 8060 -1 -1 4687 6989 8103 -1 2662 -1 1600 2482 1954 -1
2156 115 -1 1904 3486 5538 8915 9108 6781 6075 3371 3744 7513 6285 -1 3096 9623 7821 1124 303 -1 3273 4193 3704 -1 -1 2067 -1 3846 226 7654 9119 -1 7595 -1 -1 510 4851 -1 1293 5512 7129 7924 1278 6979 5278 8552 3575 -1 3708 -1 3643 -1 8024 6817 2448 -1 8714 3034 4106 5603 5218 2663 -1 -1 4076 1745 -1 2677 7205 6468 7319 9938 3450 1932 5336 1129 3367 6442 9006 -1 -1 4156 1130 4156 6328 -1 6832 3549 8519 3554 1877 3191 2682 8490 -1 -1 -1 7021 3740
6566 6004 2454 -1 7760 1371 4728 4930 9053 9028 4871 9051 2246 9411 7562 -1 6076 6056 9965 2503 -1 8906 7770 7621 9726 8130 3331 6846 400 6197 4214 -1 3720 3350 9992 8501 2191 7808 -1 339 -1 8813 -1 8914 3075 9529 4600 -1 430 4274 -1 -1 3650 1329 9556 5585 8183 7730 -1 9259 -1 -1 -1 6545 -1 -1 -1 1006 2178 8028 -1 7801 3742 8730 6039 8766 -1 -1 3685 3374 8693 6989 731 2408 209 1604 2997 -1 3559 6601 6289 -1 5092 8055 9361 -1 1157 6346 160 8445
293 5350 469 4826 6701 -1 7550 -1 4826 9227 2 509 4663 2626 1752 650 6983 1472 3954 2618 8019 6631 9255 6818 5418 358 1787 7457 1140 4242 128 -1 3705 4999 8378 2336 1628 9404 -1 7367 1217 -1 9500 1398 7315 -1 3433 482 3904 3659 1186 7183 -1 -1 -1 -1 2379 9699 5247 7262 5863 1677 4668 3752 9007 7051 9445 2684 4121 7343 1458 2166 590 2649 -1 7723 1426 7909 3032 1230 5864 3778 7367 2980 8870 7926 8357 -1 5205 4575 5366 7791 -1 -1 6570 6756 9351 7350 2220 2857
6441 1268 2878 9408 -1 -1 2141 8678 3187 9307 5972 1760 3153 5725 4598 4565 4493 652 7181 1485 3204 7924 929 4054 -1 1364 -1 3639 2366 3566 6761 5667 6344 9704 9802 2689 5214 4653 2217 6820 3228 7119 5525 6101 4026 7974 3405 -1 7140 4707 3071 3361 5269 9309 1724 5368 2866 890 8177 3701 8482 -1 2067 4489 1445 1528 2385 2682 3838 7263 7756 1956 3901 7733 4155 72 1980 903 -1 9092 -1 5050 603 8130 -1 -1 2529 1543 2805 434 -1 3610 7741 -1 1253 4139 1859 -1 1500 575
143 -1 9343 -1 8385 991 5833 1502 5564 5727 3006 -1 7122 5594 1040 -1 -1 3245 6874 4601 -1 3374 3969 3601 1639 6680 9615 6558 -1 2080 -1 1744 3789 8539 1437 2849 4465 2343 5342 3295 6517 1006 8647 4144 4909 4128 4700 6557 738 -1 9429 5567 9142 1248 5002 2183 8770 9461 4805 8318 5366 3573 8727 8917 9095 2897 2802 -1 4894 -1 717 4497 6640 3209 4669 7086 -1 2771 -1 1549 4642 6982 -1 8039 -1 6572 4943 6497 8094 7684 -1 -1 9211 1412 9736 5836 9559 -1 7772 973
8264 446 2616 -1 7849 1866 -1 1473 -1 6468 5902 4309 6580 3979 8750 -1 6582 6727 3375 2883 8917 8415 1196 -1 8343 9448 8872 2504 -1 9419 4997 -1 -1 -1 6981 3873 802 5948 3024 776 5252 4516 2743 4455 9870 2256 -1 3485 8373 5206 7973 -1 9095 8219 7137 7513 -1 8791 5009 3799 2288 4313 4491 4474 8876 -1 -1 5082 7231 760 9711 -1 7110 7608 7748 899 -1 1339 -1 6861 9154 8954 5836 3571 9824 3643 6044 5720 8527 -1 4760 -1 1557 798 -1 3768 -1 -1 1487 3663
-1 2018 7518 4183 -1 3749 4334 2444 1008 3815 6177 6386 -1 487 951 4164 5500 7246 8651 -1 3278 4422 975 1848 1489 2639 9040 9893 1882 5950 270 1896 7160 -1 3212 -1 2386 -1 3733 -1 1873 1927 1810 9936 -1 6481 4036 8105 -1 2581 9201 3576 614 3356 -1 3937 7280 9102 2307 178 8718 -1 9937 -1 5929 -1 8237 1738 5214 1388 425 -1 9081 2390 7960 9736 -1 5522 -1 8558 2968 6740 -1 3466 4079 -1 8691 7944 6047 8521 8163 -1 -1 6620 3532 -1 -1 -1 7279 -1
-1 6787 1167 5053 687 3421 5283 2705 -1 1664 2055 -1 9056 -1 8767 9491 7737 9267 6147 1835 345 7899 -1 -1 -1 1343 -1 -1 -1 1684 -1 -1 6794 2209 527 8635 1212 8923 6908 -1 -1 2130 7381 7009 8735 5397 -1 6498 6139 -1 8411 2741 7835 2810 7793 -1 4884 -1 7874 391 8142 1194 7698 1806 -1 6936 156 9659 2747 8795 5222 3602 3481 4399 7760 7594 -1 -1 2342 3316 9415 418 7846 -1 7517 9445 -1 -1 1807 8698 81 1291 7273 5441 7989 -1 4469 3128 6774 6984
-1 -1 2235 7152 9023 1976 4565 1234 2136 8350 6254 609 608 9826 9670 -1 -1 6968 3394 9194 9575 11 -1 -1 5829 7602 8822 9857 2368 7761 9788 2684 -1 -1 2763 2144 8955 1162 7844 6802 -1 8818 3258 1185 1705 3441 1150 -1 4876 -1 4116 4502 -1 930 2018 -1 -1 3005 3108 9618 2680 5833 -1 9231 3931 5975 -1 5326 8924 2619 70 2959 8840 -1 3922 1784 733 4383 2361 9023 7298 1248 4528 9652 -1 5216 1157 9753 4697 8347 9165 1126 3741 9187 7840 2867 715 3771 3488 -1
3873 1630 917 3201 2013 860 -1 -1 148 8055 -1 5515 -1 8008 6260 454 8822 6665 4214 3998 1060 6996 8275 -1 -1 7644 5688 9005 9395 6630 1597 5783 1476 -1 3391 5930 3162 -1 8944 1510 -1 7574 3344 8065 7201 7672 3133 4948 9209 2051 -1 3028 2587 8346 8590 1222 -1 647 -1 8996 6714 165 3191 5449 -1 -1 -1 1422 2580 -1 6940 7508 8623 -1 6340 -1 1989 213 3779 2257 7313 942 613 3390 5303 -1 8839 9794 5835 7702 2327 1122 4018 9666 -1 4680 5657 2939 1065 -1
5678 -1 5613 8014 -1 9576 1815 6524 1698 -1 1619 3129 -1 7439 8192 4678 427 1081 2481 -1 -1 5768 -1 6220 364 5827 7152 6232 -1 1611 6549 865 6218 1772 3134 7818 332 5924 5525 7075 2585 2894 1752 3852 -1 1459 -1 8012 3759 5243 8878 7138 3698 6696 5912 2635 3695 7279 7041 8975 -1 6047 1168 4724 -1 3013 6547 4657 -1 -1 -1 5841 8953 8074 6896 4667 6834 7729 7847 9015 7654 1128 6935 8110 6647 -1 7691 4959 1739 6969 8238 -1 1765 9767 2475 2517 8320 556 3392 4109
6008 5783 6552 9497 9382 8551 6304 2011 9187 2886 -1 5408 -1 1599 6422 9673 663 1204 9009 6778 8379 -1 -1 4586 9215 1885 9430 6754 213 7723 9532 1967 3459 8589 7361 1036 5736 7201 4141 7210 4724 8838 1356 7246 8974 9395 5057 -1 -1 1289 5919 4434 5378 6458 3819 7428 1987 3360 9755 3472 3364 3544 364 9100 7254 -1 4326 4778 8185 -1 8084 -1 7662 849 9976 -1 4809 6093 2711 4494 1752 5536 145 7215 -1 4438 6972 2891 8338 6057 8151 7855 9903 -1 9877 2582 7964 1374 6990 1843
9350 3872 9446 2292 7852 5218 2736 4123 8640 9524 8010 3897 3159 5240 2855 2691 6575 1925 -1 3992 2064 2409 4313 -1 -1 7057 8361 2316 1551 -1 1150 -1 4423 5095 1003 6320 9394 -1 132 -1 -1 2791 3884 3803 2583 8483 1843 8118 2132 3742 -1 9729 3772 1513 8910 4093 8686 -1 9454 1959 7450 1894 8 3850 -1 5665 1841 7897 1262 128 9104 2837 1550 9643 488 3411 7884 -1 2537 -1 1951 5566 4160 -1 2636 7455 -1 4944 7294 2045 -1 727 9703 8879 786 952 3195 -1 -1 -1
7590 -1 8579 1988 736 4063 -1 2928 7810 -1 2103 3693 2694 2988 9083 -1 3207 3265 5824 6056 4677 3626 6438 5236 2255 8363 7886 409 4368 5889 -1 6841 8199 -1 4114 -1 5906 2350 -1 4222 368 6400 4120 998 437 56 9135 5447 -1 7689 9653 2203 103 -1 727 9081 644 3918 8431 987 9223 1079 3392 221 4337 1827 247 3474 1687 1853 4330 3308 4995 7048 -1 7875 2466 4782 2078 2178 2057 -1 9932 2517 6925 9250 -1 3812 -1 4053 100 3165 5573 2089 5700 5895 4495 4146 9490 7543
3543 9264 4779 -1 9828 3980 3197 672 -1 -1 9777 3302 -1 5937 2908 4267 5563 -1 5607 9124 7444 5073 8504 8571 -1 -1 -1 2692 5591 -1 5752 -1 7934 -1 2477 3796 3198 1562 -1 1642 9761 -1 9031 3427 9839 -1 -1 3267 2616 7163 6136 3758 1151 -1 6232 8724 -1 2683 -1 2739 7758 4857 2459 4565 -1 2341 3077 4780 2281 422 6634 1872 3201 3814 6965 7134 -1 1594 4524 7322 -1 -1 1762 9641 -1 461 -1 345 9910 4886 5921 -1 1701 -1 6568 7118 5487 -1 7777 3255
3618 -1 532 -1 -1 2658 6495 1619 4638 5971 9159 1797 3387 685 -1 4166 4920 9218 -1 42 7466 1173 828 -1 6566 9025 7132 6730 6729 8884 4279 9956 669 3707 2841 9925 -1 5406 4101 4677 6601 7139 6411 9477 559 438 -1 667 -1 -1 9508 7095 -1 -1 4061 3342 -1 7718 390 3145 2544 8887 997 4720 1134 -1 276 174 2108 -1 2372 -1 -1 6180 3801 7708 7528 2140 9072 3951 -1 1721 9399 1307 9642 3106 3780 2826 7450 1254 5631 9969 7090 3444 9426 8229 8231 -1 2462 9222
5434 9440 -1 8909 335 7644 8773 5037 -1 3016 9257 6145 1002 -1 6727 1705 7500 1022 6483 8552 7486 -1 -1 6385 4489 2044 5300 6035 9450 220 5691 16 7960 7614 -1 -1 -1 5507 1333 5822 9505 712 -1 -1 -1 -1 967 489 5501 1881 5843 5958 -1 1164 -1 591 1917 2616 6880 4084 1048 -1 4209 3024 -1 -1 5080 1783 2777 7779 7720 7268 9654 1091 7580 1895 6519 5054 6036 2744 6937 8879 4432 -1 5271 3374 8193 1881 3117 3776 -1 298 7471 3774 -1 1914 5679 6441 9862 3528
1634 5272 -1 2861 -1 3591 1037 3766 9761 -1 4636 9551 -1 3587 7360 9023 9397 -1 9076 5666 4300 5323 9857 9972 9026 7606 3521 6476 417 -1 3645 5288 3164 1195 7833 4190 1019 61 5070 3740 606 9221 -1 4379 -1 1645 9894 5720 2952 -1 251 -1 -1 8838 6853 4244 6792 4358 -1 3230 8247 2481 7995 1592 8791 34 7405 7390 -1 9145 3675 287 8064 -1 9655 7819 -1 -1 -1 -1 5170 6400 9370 -1 -1 -1 -1 7103 2586 2859 5970 2886 -1 5885 -1 -1 4233 8632 8788 9696
485 1435 7509 4140 1847 7435 5370 38 5031 -1 548 -1 8148 4437 -1 9147 9665 2544 4049 4225 9852 449 5654 4194 2011 6505 -1 2659 9009 9452 5199 1133 8017 5582 7834 7939 8921 2299 4784 -1 3793 155 496 -1 -1 5990 3049 -1 4595 2295 -1 1457 7218 7508 2233 1776 -1 6971 -1 308 578 6396 8720 431 -1 7737 7050 5843 9185 6969 2746 -1 4322 2832 8987 4232 6298 -1 4848 -1 2298 8882 2712 3757 4746 -1 5500 2987 -1 890 6065 -1 4951 1597 689 5356 5118 6492 3958 38
-1 6193 9705 5155 3089 2148 -1 2642 4104 9469 3242 -1 465 7844 2421 6219 9074 4682 8366 -1 5916 -1 128 5716 -1 5325 3119 7594 4428 9346 5587 4717 2191 9572 797 3304 2028 -1 6098 6641 610 -1 -1 8529 4881 2117 8928 9813 979 1742 9558 1407 3981 4730 8743 -1 5925 5980 -1 3934 -1 4039 760 5246 471 3849 -1 1182 -1 6104 4018 1651 4315 1423 9232 2706 1414 -1 -1 7284 3025 3443 6891 6052 5706 -1 5755 5208 9087 883 9716 -1 3688 84 -1 6482 -1 -1 3578 9883
3910 753 -1 3847 8776 8935 3586 7982 7733 9759 -1 1939 9994 548 -1 8762 3330 2407 4844 5670 3557 8100 6722 6184 -1 -1 5768 1344 75 2891 1507 -1 8093 7182 -1 926 5153 510 8312 192 -1 -1 5355 5617 8918 9550 3794 -1 3326 2344 2442 6678 9781 -1 5028 672 6955 -1 2820 629 6118 7333 7649 135 2947 -1 -1 7019 4719 3099 3961 2730 -1 3955 -1 6618 1050 -1 4037 9183 4442 77 4875 7272 -1 903 -1 -1 3132 7183 2506 7601 -1 1044 7576 -1 842 9377 5030 4082
8727 134 1047 358 9455 5361 2480 2284 8380 3851 -1 997 5629 -1 -1 3993 7137 5894 9894 6017 242 8173 9707 3556 -1 3782 5723 5330 8926 -1 4559 -1 7646 -1 9022 4900 9932 9138 2807 2400 1387 8936 3570 6050 5146 -1 5737 -1 -1 -1 1635 951 -1 -1 -1 6431 7674 7322 -1 999 680 -1 2346 4345 5940 3299 502 8575 -1 4694 7914 1877 6992 -1 6627 -1 -1 -1 1254 5618 7844 951 -1 8249 3753 2412 5190 7428 8987 9120 8597 2109 1672 -1 -1 4853 2184 6798 8166 5542
2021 6725 3691 3070 4645 8735 7659 7921 8397 5569 8560 -1 -1 2068 2796 -1 -1 775 8134 5263 -1 9846 1533 7564 1810 4482 87 7276 607 8064 369 2140 7929 1275 2063 8491 3093 -1 7850 3708 -1 -1 4760 3926 1896 7188 1980 9844 4491 9900 976 3880 4820 118 -1 -1 8347 1905 6770 8906 2388 781 1979 5526 9047 -1 8866 4723 -1 357 109 6204 9004 -1 7026 7273 3317 7263 8772 4131 -1 5007 5212 5886 3623 1441 6264 -1 3344 315 1044 3904 4573 7175 8811 6853 5473 2920 5516 7204
7691 5822 7444 9913 6782 -1 6462 -1 1163 7831 5202 1377 2977 8929 7749 3597 -1 1599 8930 3585 -1 6718 792 -1 629 6575 7773 2858 1036 5750 8114 7012 4094 7939 7563 -1 3520 7966 7062 9085 300 2083 1013 3651 -1 6984 -1 4170 753 7224 8439 2934 7332 -1 5057 7529 1009 709 5969 9287 4853 6991 354 1053 5696 7414 4087 1856 6872 222 5959 1541 5551 -1 928 4333 5912 7987 5517 -1 402 9897 4964 1493 3248 8298 2200 7769 9827 4014 7639 1503 444 1644 970 3620 7689 9647 6271 -1
4132 1800 8638 915 -1 7897 5498 1965 1774 1037 7441 6658 647 -1 1262 -1 5703 -1 5666 4730 9054 418 3169 2574 1316 1873 2902 404 9200 2725 8286 5616 2719 9802 6436 -1 6096 -1 1301 -1 -1 -1 3568 7605 -1 7317 2137 1613 -1 8772 57 7571 -1 9233 1278 5010 3257 -1 3145 1522 3778 7396 109 2735 7825 5100 4724 832 4309 6380 4389 6698 -1 -1 5819 9485 6065 -1 3574 8871 -1 -1 -1 6478 357 53 8397 4310 7539 2879 3407 8291 213 358 -1 119 4357 2101 4137 7535
3943 -1 9836 4345 307 5916 -1 -1 8057 9268 -1 -1 5427 8623 9908 7669 4266 -1 6550 6955 1689 3121 -1 -1 5251 3341 2932 6433 3758 4546 5141 15 6044 9959 -1 4605 8365 7643 9924 6360 2168 8770 2715 149 4974 1279 8994 5979 6730 -1 9940 6324 2236 3209 -1 5784 5739 5182 4595 6196 6043 -1 890 7522 1758 -1 5197 7885 6008 33 9986 5931 926 9924 8608 436 4633 9325 2083 9341 3036 8643 5202 -1 326 -1 -1 -1 4655 7783 4092 3248 5039 2124 133 3360 7512 6511 1448 3221
-1 9682 5067 4248 6071 412 9728 850 572 1053 -1 7862 6588 -1 7776 -1 4403 8911 5067 8452 -1 6574 8783 7223 6631 3925 9846 8932 2386 9413 8216 1144 489 4939 -1 3399 4600 5821 2749 9605 4281 5038 6528 4442 9799 -1 3818 7201 5012 6859 8188 6 1237 831 1167 5119 8237 -1 702 9919 3348 8231 -1 1326 -1 3919 7228 6278 8539 9753 9408 9368 1794 1386 5527 7146 3989 -1 3251 5870 6810 2346 3607 9779 4014 3392 6827 5429 3815 4469 1963 4141 5220 8608 1091 6980 3915 -1 6639 4641
2485 7284 -1 5311 1093 2307 -1 3149 -1 9832 7462 332 -1 446 9286 8449 -1 9377 561 2501 9243 7036 8882 -1 -1 7950 -1 2267 8031 936 337 8812 4312 -1 5746 5372 3546 3649 -1 3023 5788 6062 9176 1205 -1 -1 3933 1664 5129 7530 -1 2094 -1 6484 6599 1995 -1 7714 7750 2851 -1 4349 1445 2484 6220 6748 1384 9102 5650 -1 8955 5486 5873 7385 9962 -1 259 1043 7702 8802 546 3123 3802 3430 -1 5058 5927 7438 8809 -1 1024 -1 1889 -1 7055 8421 5734 3862 662 4175
2258 2630 -1 1470 3827 4531 3603 9202 8145 -1 4784 4280 4190 1971 8838 6847 7023 6715 -1 7305 -1 2722 2824 378 8576 8720 -1 -1 7684 -1 -1 -1 3742 8734 -1 4445 -1 -1 1408 5271 5414 5426 8638 7910 1838 593 7652 6326 -1 5704 -1 3979 7991 4504 2559 1259 -1 8994 3884 851 3630 124 6186 3985 7011 -1 9718 -1 4869 1030 7644 7770 8385 5464 4682 1456 -1 4049 3645 573 3466 -1 9529 9920 2873 322 2834 1407 -1 7569 -1 9689 -1 9315 -1 9133 4258 -1 3584 6203
9782 -1 -1 -1 6655 79 3520 6124 -1 4253 -1 6545 6772 -1 2441 4664 7430 3364 6209 7857 -1 2236 5636 6295 850 5048 6335 5221 1434 -1 3791 3533 -1 -1 5710 3403 2490 5857 2116 1786 1068 -1 9589 -1 6951 4869 6365 -1 6647 3522 4254 -1 -1 3160 9177 -1 6901 305 -1 -1 3084 9409 4505 4924 818 8828 5865 6784 3096 3760 9792 2943 -1 5623 6414 -1 2866 6726 22 1457 8797 4458 5955 -1 9627 8050 6596 -1 2795 3747 3768 9940 518 9245 5219 3335 -1 1361 871 -1
5862 5321 6491 3808 -1 3365 8189 6056 6054 -1 8356 4158 623 1301 4618 4935 1018 4962 2614 3669 -1 3731 5718 -1 4615 4114 2031 -1 -1 6614 9004 6823 1952 -1 6120 6976 8463 7571 3755 8882 5304 4638 6104 9765 4460 4170 821 4088 -1 5345 3681 7704 6162 5348 4223 7047 2528 -1 946 4287 2770 3630 -1 1902 7173 6357 9758 938 545 8678 5053 7666 5388 198 8930 2538 7241 5329 2730 9718 4733 5589 587 6201 7743 6966 -1 6134 7438 5680 4320 5827 9490 6751 3338 -1 346 7293 1444 6404
8579 6681 5262 614 2315 3708 8097 847 8108 1363 5541 1750 9133 -1 8777 4540 3256 6898 -1 832 8214 7947 9746 6391 -1 3822 5571 2808 3717 1848 6325 -1 953 1366 1240 2974 322 8278 4460 5285 4304 -1 892 2843 1081 6597 4692 7736 9880 2101 4197 5361 9356 8983 3286 4193 4893 160 3581 7857 -1 9296 2864 3733 6912 855 -1 2979 6911 -1 8192 7829 419 1491 1427 4513 5301 3032 6666 1052 782 -1 3618 -1 1216 -1 6200 3429 4356 -1 9855 9841 -1 4801 6494 5705 2761 1442 -1 -1
5258 7940 7731 -1 590 -1 2547 9653 1089 2809 5444 -1 3323 6618 3997 7837 2581 8888 2775 2999 1975 4525 2690 -1 4285 8914 -1 3682 6317 7337 9208 9945 4609 -1 -1 6707 2629 6238 5582 6278 8514 9025 8771 -1 5105 -1 9166 -1 495 4106 7509 566 -1 6329 7723 6848 -1 -1 6838 2808 2349 5863 3528 -1 242 7748 6513 8018 6526 4073 -1 2174 9571 -1 3775 2745 6600 7477 8771 833 2608 -1 1123 5898 4220 7775 -1 -1 -1 4763 5655 4845 204 9962 9126 3584 702 -1 571 7894
4178 4329 5149 3338 9005 -1 6552 3470 6137 6318 4277 9783 7371 -1 7592 7251 177 9630 9054 8369 2383 1018 -1 -1 699 -1 9814 -1 -1 8309 3678 -1 2384 9992 238 1688 8373 3443 2652 3987 -1 2570 2691 9988 4562 7106 2815 -1 7956 -1 2142 6730 7368 -1 8190 8515 9501 9601 -1 7180 5842 8196 525 8244 8265 340 -1 6990 3761 -1 -1 -1 -1 3640 3158 8842 -1 35 6567 1625 9316 1551 -1 6231 1695 -1 8276 5683 -1 551 4678 7862 1553 -1 2613 -1 3473 4810 3399 1051
2916 8017 1519 1090 3299 6711 5131 3851 -1 -1 4797 7105 5618 1430 -1 -1 9571 5451 -1 6859 171 3824 7929 2328 6149 3972 6413 8503 8392 183 9744 7667 8295 6083 9737 281 4085 3298 5961 7642 401 -1 -1 3950 8113 2755 9821 6149 5885 2926 1521 803 -1 -1 2220 1888 -1 5728 9403 7559 9162 9259 3338 -1 2661 -1 5717 7248 3210 67 2782 7927 5489 5782 6350 3029 3108 9981 4936 -1 4558 772 1431 9200 4530 576 -1 6323 725 7270 7529 7010 4978 748 5201 2423 5028 8377 7449 -1
6573 7295 -1 -1 9999 5223 1978 1479 4392 3043 2002 5866 3551 4944 240 -1 439 6281 2184 1392 4317 7050 5918 -1 85 -1 6495 5678 6142 -1 7656 6523 3496 -1 1682 -1 -1 3595 -1 8105 8793 1864 -1 4010 9021 5621 1361 -1 5724 6937 2696 4010 5894 8192 9018 6352 -1 5433 -1 -1 2325 9039 3880 4668 4997 7029 9272 -1 3929 3424 739 -1 9985 874 1830 1838 1995 7489 7062 8003 3114 5925 -1 -1 3316 8681 1783 3843 3704 -1 -1 -1 6968 -1 449 3894 7386 5573 1227 75
3078 7641 8705 8212 2465 6676 76 8739 2236 7502 6644 6067 5371 5766 6046 4748 4906 1765 -1 5721 6149 -1 5898 9050 1453 6268 1115 9131 -1 5961 -1 1666 -1 -1 8453 4518 4523 4733 3562 5466 4745 -1 -1 7753 5044 1327 6317 9703 -1 6567 3384 8420 -1 9193 -1 7583 3902 4838 769 2478 6627 7007 5677 7325 1383 6384 8807 9094 939 -1 7181 431 9664 -1 -1 460 488 175 -1 4673 -1 2800 1387 7690 6357 -1 -1 -1 4429 -1 -1 7155 4318 3534 9937 6605 4365 8415 9432 201
2415 3654 9247 -1 4338 2750 9463 4832 3664 9475 1561 3096 7047 3125 9536 426 5329 5067 8130 8983 5705 -1 402 7101 7580 7683 7433 8292 1609 6046 4081 9841 -1 2113 7534 8819 -1 8191 1595 1503 4457 9738 9111 5729 3705 5565 7986 1392 5247 4298 5260 6194 -1 2397 1230 -1 -1 738 9746 5097 2686 7984 1922 724 5363 3172 5405 -1 9375 -1 -1 2999 4329 9858 5935 885 4842 1564 955 -1 9526 -1 9740 -1 6720 2528 2385 2826 9373 -1 5907 -1 897 9563 -1 6145 7553 2821 7449 8365
9842 -1 1494 -1 2117 104 2128 -1 3596 9035 2230 3901 3943 -1 1397 -1 3951 601 4442 9253 -1 5682 5579 93 -1 2226 5673 -1 6736 7599 4836 9994 5408 587 1710 9806 8141 152 938 7597 -1 3384 -1 7219 1372 1187 -1 7738 -1 8387 901 1499 624 -1 7517 -1 6516 4714 6120 -1 6738 7291 8453 4237 674 4011 3808 3470 2577 7133 9175 432 1984 9078 1556 2535 6187 560 7955 4109 955 -1 2745 5867 2114 3726 4288 1529 615 2243 3889 3500 2423 8207 210 4766 5901 -1 8275 2831
4668 6331 4895 4085 -1 8382 4076 3430 -1 8037 -1 7131 -1 -1 8939 7925 4664 6139 8135 7648 8880 -1 3236 7177 -1 -1 593 3618 8698 6952 4501 57 8628 8661 1213 7504 7618 623 -1 6991 3486 3654 -1 8383 1258 424 9126 4532 3444 7044 8680 6255 7347 249 -1 -1 9992 5850 6429 -1 1939 563 3605 -1 7386 1897 -1 8175 3939 5556 2020 4865 9689 -1 93 8585 9186 6187 3793 3895 5858 -1 8926 1437 2051 486 3067 1921 6098 8321 6846 5384 2712 1635 1721 3380 -1 8239 -1 1060
9737 4040 -1 2862 5788 9574 7186 1928 9209 2900 -1 8100 6290 6165 -1 7995 7302 9128 -1 -1 8119 -1 5011 21 9967 1776 6933 9315 6642 4628 7480 3423 3049 -1 9904 6998 8534 -1 -1 6321 7678 7973 7728 2228 8810 -1 2269 6980 6251 1678 4106 4882 5400 282 -1 3246 517 2387 9006 5804 3824 8575 3208 8762 -1 -1 2115 6019 960 787 9162 -1 6392 3336 2769 2265 410 9937 9663 4638 1541 3736 4958 8026 2349 254 -1 4495 2524 3828 875 7358 1251 343 2993 -1 4452 750 629 1817
8545 6990 6309 868 6199 -1 3338 9144 9989 4687 1235 4175 9886 1482 -1 6975 3773 -1 -1 4460 896 5808 5364 1970 7924 5674 6084 4246 6025 8620 1000 27 -1 145 3274 204 4704 4132 103 2163 4854 -1 9408 -1 1797 3486 3648 5791 6726 2096 6911 4810 3429 5732 -1 5193 1392 5549 7230 -1 6611 -1 -1 2346 6230 1062 1659 1968 2674 3214 581 3060 -1 2834 201 -1 9705 -1 4682 6017 5277 2131 5674 6724 8625 4503 7833 6698 3758 7872 1027 4451 5887 2250 4851 2208 3622 1001 264 3196
8849 1351 3612 4460 9236 7842 7448 245 -1 -1 9828 5643 6678 6290 -1 7617 -1 7345 -1 1147 6125 2704 6507 7823 3729 7292 3069 -1 9628 7329 4690 3646 8884 4146 8699 -1 242 7217 5722 -1 8205 960 7135 6085 6162 4384 2276 6651 4859 2217 7585 6457 4566 6676 -1 8631 -1 -1 5368 1603 2488 -1 6754 2614 2151 6184 -1 -1 5038 1352 -1 -1 5633 2765 3933 9286 2277 -1 9130 -1 3665 190 5355 -1 3435 -1 5235 -1 -1 -1 4578 5623 9779 875 4514 8849 2103 -1 4738 6892
8942 6103 6091 7674 8998 -1 2824 5686 9010 8634 -1 2431 2331 -1 8332 -1 4212 -1 2218 7555 7564 1387 -1 9538 8891 9910 13 9535 3347 919 7824 2050 9650 8437 2160 490 -1 286 7095 9895 3569 2912 -1 81 1463 4850 9133 548 7254 -1 3365 -1 280 7813 1082 -1 3196 -1 8640 3889 164 4727 9978 2770 357 7091 1997 3591 111 -1 9612 3237 6974 9561 2120 1275 4140 2727 2019 -1 6416 -1 3006 1980 7159 8093 8853 4503 2237 5779 1970 2735 5726 8810 4687 8073 4921 2551 7015 6931
2694 7192 -1 -1 4499 2828 -1 5478 -1 -1 5169 7805 4293 4659 7899 710 116 -1 -1 2288 5433 -1 7428 9191 7937 5461 6862 8621 5034 7791 8644 -1 -1 4293 -1 9158 5653 7514 4912 9741 4539 1534 3634 9679 425 59 7911 8108 8320 182 9740 508 -1 2643 8921 5351 248 -1 6738 5715 -1 7811 -1 3726 6156 1466 6550 5132 8518 7638 -1 8079 1328 3953 8298 6876 7364 6137 1450 7132 9514 5479 6235 5098 9277 35 -1 -1 -1 -1 2903 -1 6825 5101 2703 6950 -1 8944 398 601
9822 9696 5216 731 -1 3547 7019 7242 5205 3151 8383 8634 9815 396 -1 9555 8093 -1 3463 -1 2275 -1 -1 -1 6646 7946 -1 -1 1271 -1 2902 4634 1397 1565 9955 -1 7235 2295 -1 6040 -1 5654 4177 614 -1 64 7651 -1 7204 -1 2544 2134 1477 393 -1 -1 6267 1448 8890 2443 6563 9434 8107 7991 9969 4639 472 7947 -1 8613 8458 8345 -1 1855 -1 -1 3089 7613 -1 2406 791 723 1246 7657 6765 2374 2893 3166 5732 5335 426 5665 5816 -1 7004 -1 2245 -1 -1 8089
7966 -1 -1 9441 871 7638 1021 8644 6219 -1 -1 7212 1429 5688 8953 -1 3373 5356 -1 696 -1 -1 2186 5132 3462 8250 -1 9917 8830 9698 -1 2336 -1 -1 2643 -1 -1 5197 3742 -1 7573 -1 5260 -1 -1 6945 654 1389 -1 2420 2881 3532 5740 7387 -1 4087 3072 2317 -1 8307 4644 -1 577 -1 4493 6460 1632 2613 464 8561 2857 2223 1282 3598 467 2888 8501 1385 3886 -1 -1 9097 6971 9639 803 -1 6959 8775 -1 8086 -1 -1 8231 4955 -1 -1 -1 49 5178 2416
3672 1683 2505 4119 9382 833 5948 8939 592 2242 4708 6537 640 97 -1 5424 5213 9151 9087 3454 -1 4288 -1 4275 -1 6168 7706 -1 6095 4808 5453 -1 744 3529 6225 68 -1 -1 4808 6531 5686 -1 6456 8280 -1 9888 -1 6108 -1 7845 9574 3916 86 3970 4528 5251 5245 5054 5160 745 6447 270 8783 6747 -1 9185 8484 2899 -1 9117 2548 -1 4280 1618 5607 5534 9882 4972 3326 9168 2276 -1 635 1856 1414 8121 7255 2303 5267 8765 7035 757 4283 -1 5298 1923 2325 1883 1175 2793
-1 -1 9776 1822 2114 7325 8893 4062 3253 -1 -1 3522 -1 803 172 1239 3944 9085 3438 -1 9953 3670 9393 5623 4170 7727 9273 9118 838 -1 4170 5831 1353 1526 -1 8958 7335 -1 3004 3793 7192 5171 6305 -1 8564 5822 2154 2787 1884 4882 2120 4408 5859 9694 6218 -1 7341 4092 4640 6037 4588 65 -1 -1 -1 -1 1138 -1 1791 365 -1 6321 2513 2953 5386 484 -1 3655 2359 4807 4061 4576 7049 -1 6887 8697 4937 722 6476 1877 2530 706 5053 -1 790 789 5367 -1 3398 -1
3349 8855 9423 -1 9507 7456 5553 9453 8884 7184 4479 5837 722 7308 1581 6895 9474 64 4819 3885 8146 -1 1249 3768 2621 9728 6955 799 270 2420 8444 -1 2673 8931 5990 9588 8495 5999 3195 6775 -1 3650 7208 -1 940 -1 9303 2368 1803 -1 8723 6789 2475 9253 4134 9407 3448 477 9422 6266 -1 4643 7392 -1 5486 7889 5265 -1 5194 8006 5671 6933 8453 -1 -1 1198 8787 8474 5679 1872 8205 4878 6612 -1 7141 -1 6590 8804 4686 1294 691 199 614 6609 5633 8367 3238 3553 4770 4547
-1 112 3358 8052 9713 6162 9186 9000 6265 1590 4066 8447 9895 6423 7665 1070 8617 429 6366 1860 2383 7311 -1 355 9365 4448 -1 80 2145 6977 4139 1778 9753 7214 8361 2735 3380 8220 2050 6551 7005 443 4775 -1 9899 -1 1490 878 -1 -1 986 -1 7417 1646 -1 2365 413 9773 7108 3631 -1 9788 6918 5397 7367 2663 4475 7165 6549 5434 1086 5526 1026 1877 6786 -1 4481 7888 547 2196 5828 1722 3678 6771 4770 -1 2492 994 3643 4242 6707 4926 -1 8002 3600 7687 1701 5699 1907 -1
5716 -1 922 2121 9994 9151 -1 -1 5486 -1 3523 -1 3905 2718 9976 -1 575 7874 389 8010 -1 939 9462 9081 507 8652 8138 5502 8005 -1 9815 6699 2117 -1 6386 385 4071 8171 4139 3485 5981 -1 -1 3727 61 -1 5913 189 6570 6072 3756 6235 7454 9321 -1 5329 3197 4066 9754 7354 473 6011 3299 -1 -1 8903 409 6256 719 6617 -1 -1 5657 -1 8692 7292 8161 7005 9151 -1 -1 3025 -1 3553 230 5548 5098 9499 -1 8958 2141 2455 7088 740 -1 7022 6159 -1 -1 8084
2787 9620 3527 -1 2792 200 2353 -1 5001 2462 5661 7626 5664 4157 7856 3400 1327 6735 6413 6031 4037 -1 9220 -1 4696 2727 -1 5051 4727 -1 6645 4778 6601 3610 9520 1859 1915 3237 4899 2149 8396 -1 392 6725 -1 -1 7243 -1 8679 3468 4719 9220 517 2362 -1 4550 -1 7494 3879 3300 4796 -1 -1 3155 8914 1476 3625 -1 -1 7684 93 -1 7869 6523 5568 -1 2245 6037 3451 597 -1 1095 2421 7869 4402 -1 6447 -1 9820 9846 9763 5755 -1 8410 -1 8497 5993 827 -1 7748
4886 6037 4863 9587 5624 4920 5516 8468 -1 7553 7368 5826 9307 6513 5631 9030 7433 -1 3882 5580 8625 8980 -1 5628 7183 5503 8334 4922 6256 3476 1009 -1 4538 6974 1724 8838 6852 -1 9296 1447 -1 147 -1 -1 6349 8119 592 6542 -1 6866 4897 5041 6871 5628 -1 -1 2327 4766 -1 3347 -1 -1 5980 2849 9279 699 3501 7507 3007 9821 614 8078 -1 776 7146 3728 6059 2647 -1 7600 -1 -1 -1 -1 1450 -1 7746 722 6679 1069 6639 4654 3555 636 1304 5592 8235 9391 6146 9942
5289 6439 5075 4595 -1 1787 -1 6119 3131 76 3887 862 1782 -1 6836 7063 3455 3178 1296 4267 5081 -1 3303 8608 2302 -1 6618 -1 4504 5897 1953 2006 6697 8559 -1 -1 5509 3566 3698 4130 2932 7830 9367 1930 5963 2636 1968 117 8032 5123 -1 1398 6951 5675 -1 5621 4072 6697 -1 -1 166 7513 3040 9289 2575 2920 -1 -1 2126 8872 3091 -1 8312 7023 -1 2093 8139 -1 4017 -1 5389 7220 7711 9189 -1 6934 9559 5818 2857 -1 8630 1974 6182 186 -1 327 356 8404 3711 -1
9319 3978 3484 2184 3507 1888 8298 8592 -1 4914 5431 3365 2651 665 9049 2681 6998 7763 1001 9203 1565 3200 4373 -1 5354 2551 5752 8761 237 2836 -1 2226 -1 5831 6460 8422 6216 593 -1 8039 345 4981 1997 1970 9005 4702 4049 5168 7359 -1 1124 1948 7507 -1 3113 1064 2005 9381 6613 -1 3752 -1 1236 5365 121 4122 2085 2892 4910 5674 -1 4453 5772 843 6324 1629 2959 -1 6592 7575 3617 7153 956 -1 3765 -1 9352 9918 1924 7214 5493 7209 9549 828 1220 4764 7391 -1 8056 8566
1377 -1 5432 9044 8931 4757 8086 9569 6605 4157 -1 -1 -1 6148 6430 9577 -1 2706 1044 -1 -1 6612 -1 -1 -1 5116 1806 -1 -1 1065 -1 6871 2649 3620 6585 -1 6683 229 4402 5985 2583 8922 8069 9266 3782 4536 3972 -1 5013 3299 9303 2774 9039 9513 7677 1632 4895 5771 2971 6125 3469 -1 1387 6155 9257 5376 4916 4213 6934 -1 8073 4491 683 5538 8139 614 688 6384 -1 -1 3340 4231 9905 9343 -1 9068 5575 5134 -1 9179 9223 9836 -1 -1 6249 8906 4178 5086 5623 9727
1806 -1 4053 3188 8893 5611 926 1654 6419 8936 7643 5 -1 2966 3718 508 5890 2954 8199 4079 536 -1 4037 -1 -1 -1 5182 6977 1410 -1 1258 9652 1032 6953 2587 1765 5972 1706 8581 1541 5644 2962 -1 3973 6764 7595 4053 6605 4504 6841 2348 8037 7884 -1 -1 7632 4428 -1 -1 2059 2558 -1 8267 203 5896 7297 3384 1340 -1 -1 5669 5697 -1 2588 2961 -1 6173 3691 9368 3578 -1 4445 9011 7889 -1 7894 4254 438 -1 493 685 4973 -1 4101 4152 -1 6602 3246 5044 4517
399 7571 7861 3671 7035 2854 5577 -1 8811 -1 3324 1259 5060 6567 9605 8067 -1 5012 9754 2052 -1 868 -1 4502 -1 1283 9167 3065 3520 4782 2576 -1 1074 8062 2817 3969 2001 7583 247 -1 -1 4035 -1 8070 5893 7219 7353 -1 1979 2420 461 5572 843 -1 928 4787 4172 3074 993 5592 -1 1193 6431 3258 1261 3794 3471 8148 3779 7968 -1 -1 5269 7006 1468 4641 7151 7493 9043 -1 626 -1 -1 -1 5768 4594 7095 -1 1890 -1 1302 6997 8217 6034 -1 2296 619 -1 2538 8967
5259 8906 -1 9484 -1 9755 1281 9271 -1 386 638 679 4851 -1 1151 2652 2570 4509 1464 1099 8466 1028 -1 1793 4345 9006 3725 7268 3676 1261 6039 5117 9211 -1 6810 116 40 5887 2159 7767 4438 -1 3280 6157 1465 689 -1 5365 -1 8716 -1 -1 -1 3569 -1 2096 -1 -1 1321 6598 -1 -1 -1 4658 5796 6150 -1 1007 3734 -1 2649 2121 4762 5472 3635 2036 4380 -1 5038 6623 4793 6992 -1 8905 -1 2558 8119 1367 6802 8139 -1 4014 8848 -1 5945 5002 9812 1451 -1 -1
687 4552 6748 14 5907 8785 1634 1992 2118 7507 6274 782 6593 5366 7367 5950 2343 742 3794 6128 9002 4538 8949 4836 4141 9586 -1 2312 2925 5577 281 3906 -1 8212 -1 3872 1007 369 9416 6710 9744 -1 7415 4055 -1 -1 7915 5143 2652 5436 -1 3228 -1 -1 1358 -1 5552 2409 4624 3310 3463 1879 -1 -1 601 -1 8926 5148 1812 9332 7680 8077 2465 9488 1110 8034 -1 2147 1690 8862 -1 -1 5176 7690 8316 3258 9248 8426 -1 -1 4523 4754 5272 4533 6845 688 4103 3172 8226 -1
5683 4459 5954 9384 -1 1926 3556 -1 7277 2052 5691 9423 5966 7059 7115 1402 -1 -1 7607 1338 7343 -1 -1 -1 9472 7827 9512 3002 -1 -1 6845 7341 5306 2420 9725 728 4872 -1 6254 6351 4960 1277 106 8648 -1 5423 6527 -1 1698 4277 308 8693 8586 9637 8319 5174 1024 2930 1965 8755 6082 -1 320 4098 7029 9326 9851 9124 2951 6587 5443 677 3534 3036 -1 71 2211 7152 2139 6851 -1 2535 1867 9696 4033 8900 -1 4918 2227 4380 8874 2770 -1 6272 2752 9097 2333 6917 4893 6343
2773 3700 196 4104 8164 3706 3492 2091 651 4579 1502 -1 7134 3579 5327 3628 5633 9766 6389 4522 3958 3582 6529 -1 8235 2633 3130 1725 446 7222 1444 52 4939 -1 6447 840 6 4558 -1 2934 480 2105 5579 3378 -1 2433 -1 5572 -1 3663 6323 9979 4134 1472 2232 -1 2293 5720 9053 -1 5613 7383 7036 3529 1310 2386 7024 5997 9636 -1 2825 4525 1429 6707 -1 1083 7168 7418 5730 1022 -1 6207 2955 7693 961 9058 7067 2688 1962 -1 2952 3193 -1 3341 -1 8358 7318 3566 4577 4581
1931 4040 8289 4944 -1 2564 4655 -1 7625 4117 -1 910 -1 9012 7131 5604 -1 2143 6062 6967 -1 2329 -1 5084 6153 9889 2176 -1 8366 893 9278 5425 4586 2688 -1 -1 5925 -1 2258 -1 9440 4166 4605 1301 9514 5469 9495 -1 1370 9835 4348 2236 2635 6500 284 -1 7864 -1 8265 9607 -1 3112 7382 7021 4032 9402 4168 8004 2913 2784 7829 8930 5705 6680 -1 2151 4317 7474 2952 5447 4792 629 883 2518 7692 7682 1747 6707 -1 9058 5936 7929 1046 6089 7769 6900 -1 8790 -1 5872
3448 2312 4738 6959 -1 4748 -1 4319 6874 6186 -1 4876 -1 7816 9471 3558 4822 6210 6349 -1 61 6388 1452 -1 7968 4416 8327 4686 -1 7505 4782 8446 6429 2758 1754 7639 -1 2014 3517 995 2470 -1 3976 -1 -1 -1 9501 6910 -1 -1 6548 2606 -1 269 4113 5120 8530 4977 935 535 6700 7293 5722 7674 -1 9271 8101 1898 3541 -1 9734 9522 6037 4870 2920 7177 8248 2788 -1 3831 1604 7979 2159 6486 8293 7690 3511 4788 -1 8718 2871 8101 2215 -1 8068 34 7117 7789 2530 7906
1306 -1 7400 8025 3267 3355 9538 7757 9760 3594 -1 2037 -1 818 4620 3257 -1 3157 2455 8253 4964 7324 2350 3513 244 9790 902 9327 6739 -1 3686 -1 1137 3789 7505 753 3473 -1 -1 4334 -1 7585 2324 2466 6909 7106 1319 4333 6883 7466 7685 8687 6506 -1 2704 373 8621 8380 2914 2173 5777 7646 3997 7368 375 5359 4647 2044 8300 2916 -1 2458 2246 1748 7904 7767 9784 2630 1881 5845 4270 7484 -1 3644 -1 4527 7676 5753 3 2543 741 2654 -1 9648 8430 7834 3193 5478 7067 3020
9550 2410 3996 -1 8672 4765 -1 420 -1 4589 9607 2948 2344 2585 169 8324 124 8931 2370 1108 1696 7157 -1 9108 1368 2317 7527 1116 4498 252 2109 5335 5780 1485 -1 7492 44 -1 9264 5931 2312 7848 2691 1531 -1 6272 3603 3774 6358 -1 5664 9470 6481 2362 -1 -1 5750 -1 -1 7833 -1 707 -1 -1 1232 2044 8047 -1 9487 9108 3859 8191 4815 9954 3278 9445 9832 948 8627 3675 -1 4576 8922 4575 9500 9543 -1 2468 7978 9581 2894 -1 3696 6848 948 -1 6071 716 -1 9778
2296 717 -1 8717 488 -1 6587 3590 2582 6269 6653 -1 5211 6612 7572 -1 -1 -1 -1 3597 1231 422 -1 1074 388 6305 2974 8759 5075 2765 5364 6836 4908 7308 5296 -1 331 249 3145 9403 -1 8868 6161 2041 5783 9061 5972 1115 3211 1021 5353 1196 403 94 -1 8900 -1 -1 2858 406 8035 -1 7448 3297 -1 1419 -1 2757 7984 806 8598 8899 9408 9337 -1 767 -1 1480 8938 4720 6674 -1 8943 -1 -1 1347 1178 2065 -1 5383 -1 4366 7633 130 315 23 9886 -1 5326 2615
-1 9593 798 -1 -1 6262 1749 2436 4887 8136 1228 584 880 2930 -1 8874 332 3932 8234 9468 1471 2907 2116 9460 7263 -1 465 5498 3401 -1 -1 8363 3412 3487 7146 2870 4203 -1 3756 5425 5835 2437 -1 2432 -1 9988 9496 7722 3951 9653 3967 5756 3012 -1 -1 8195 9770 1570 2418 7463 884 8212 6929 7527 8361 5781 7851 1162 6847 4638 7432 4846 2693 513 -1 -1 1028 2764 412 3151 7987 1190 8493 9117 2718 4462 441 6622 7365 5980 2418 1950 4855 3679 9256 6331 987 3402 -1 6709
2777 1783 7704 -1 2208 9276 131 -1 6194 -1 7919 4891 7702 4529 595 9948 -1 -1 6017 9021 -1 6043 -1 -1 614 -1 820 7487 6247 7171 -1 -1 2258 7656 7490 1206 -1 9985 1019 7347 5586 4057 3772 4032 -1 2455 1052 8849 5245 1772 -1 2948 4263 3781 7390 7174 -1 -1 7460 3108 1269 -1 4142 2579 6739 1051 -1 9479 2652 3143 3136 -1 -1 -1 8802 -1 -1 8140 -1 5108 7746 9818 8865 3465 3902 3050 5689 6859 -1 7640 2645 7791 728 345 7996 4737 -1 -1 7715 7358
38 8457 5199 4936 3190 -1 2940 797 -1 4704 6529 7533 3387 4008 -1 6473 2946 3700 3238 1154 9003 705 7630 9650 6694 6822 -1 2939 -1 6617 1567 6022 1984 877 -1 4027 2724 9984 -1 3925 7849 -1 525 6309 -1 -1 2398 -1 5656 6279 3939 4532 8181 -1 6482 2953 -1 4340 2827 -1 -1 -1 7807 3053 -1 -1 4524 -1 7522 2988 -1 -1 1898 -1 8350 8764 4617 7920 5972 2662 -1 4832 8387 7725 9430 1787 4180 9844 2340 -1 1543 -1 8978 7988 1710 -1 7043 -1 193 -1
-1 -1 6508 8370 5687 8339 1170 1598 2160 2260 5298 -1 3983 -1 -1 -1 4737 -1 9866 2005 6173 1909 4080 1207 3383 4568 8732 4712 1583 9037 6916 9596 -1 6935 1789 -1 182 8555 -1 1282 9268 8580 4954 5569 5028 4223 906 3982 380 1545 9113 8771 9223 5958 -1 8246 632 -1 -1 6291 1728 4849 2366 4601 4203 7129 8901 -1 -1 4060 9195 -1 9103 6089 7739 3460 3059 6389 7609 78 3388 7728 1705 7560 260 2597 8242 5320 4309 -1 7235 2550 2277 6215 4304 -1 3762 -1 -1 -1
4235 1688 5710 -1 65 4993 -1 4998 5246 662 1000 74 3376 -1 762 -1 5178 2 2236 -1 -1 -1 7920 7839 9919 3252 4783 -1 5228 4310 7992 -1 246 569 2900 8823 -1 -1 7863 432 -1 9008 5074 591 -1 2583 -1 7322 5362 -1 8459 -1 -1 8568 3005 232 2881 881 4985 6405 7485 9170 625 4082 7687 3724 8307 1250 7353 3749 1157 8778 1061 -1 3909 5485 2996 1491 -1 1498 -1 8103 3798 8431 954 7524 -1 7186 1364 2321 156 -1 3809 297 3747 7543 1204 6103 9999 960
839 -1 4969 -1 6298 9547 838 -1 495 1629 7290 7487 7738 49 3599 9428 8760 8932 -1 2293 9396 -1 278 -1 1298 7515 8801 828 9422 4019 5399 -1 6786 7243 6463 1078 4121 6614 708 -1 3445 603 6358 9031 6975 -1 4618 -1 4229 -1 2923 7820 2938 1087 6189 6351 8679 5508 5839 9100 -1 4617 4379 1522 -1 1569 6732 5668 4612 7390 8010 7498 4214 -1 -1 9029 7998 8501 9106 -1 3944 460 9449 7557 1972 9297 4252 9591 8909 1750 -1 8802 2703 9558 9575 -1 477 6931 9156 -1
6888 1740 -1 1269 5592 9955 8304 4951 6492 4849 9527 1811 4797 -1 1089 1107 3473 2805 4229 7892 5223 7743 42 1571 3901 921 5792 3500 4330 4816 8988 -1 6364 -1 5996 6586 -1 1365 9178 4616 4246 6474 -1 5803 9347 7083 2987 4217 9823 3528 38 4447 272 2166 6798 4796 3091 4271 5279 9798 3183 1420 479 1790 8693 93 5763 9730 5237 4620 894 5898 9723 3557 2550 -1 5910 -1 9260 594 7654 3813 -1 5418 2432 2517 9269 -1 1979 -1 3892 8086 9884 9074 9754 9011 2575 7159 5833 592
-1 7349 -1 2860 1780 9018 -1 -1 8844 4809 6764 1580 -1 9348 5548 8335 2526 3200 8914 6236 8105 3767 833 3076 -1 3614 5557 8604 2959 9606 2281 9743 9709 7667 4283 5717 354 8366 8417 6093 8718 7876 6494 -1 2959 8482 6937 6791 9546 708 1218 4869 9275 -1 5903 7049 6845 4434 3510 9122 -1 8177 -1 3049 -1 -1 8664 1925 6289 8939 5734 1068 8160 2471 7677 1393 1433 4542 9382 825 2927 -1 7780 3730 6255 6094 9318 9893 3261 4691 -1 4047 2218 7855 -1 4400 3011 8173 6242 8459
-1 -1 4246 6674 4320 6815 5564 3141 6365 4193 7889 -1 569 -1 7824 9123 2619 -1 1970 5430 -1 4874 6944 4842 4161 5084 7896 6293 4445 -1 3644 -1 7682 3917 8029 3962 7580 4043 7410 8230 7501 58 5241 -1 9967 4140 6603 8940 8972 3575 1643 8931 1095 5224 9525 2369 4514 4072 -1 7350 -1 154 4445 5313 8035 2397 -1 9953 6794 7957 8974 5341 -1 9261 -1 7669 2566 9074 2935 4357 3994 467 9428 2617 3355 8297 2490 -1 -1 1593 -1 3357 4 4687 513 -1 7518 2300 -1 7301
5450 -1 7497 2563 7641 -1 -1 3796 8879 9307 4492 91 7829 -1 486 -1 9547 7069 2698 5609 3427 -1 678 -1 2115 7278 6489 1016 81 2592 6965 3798 -1 4795 -1 5127 8779 4127 -1 5437 1332 1533 -1 336 3765 -1 -1 756 4061 -1 7859 3864 2233 4283 -1 9565 7643 8515 6207 8577 7799 7920 5127 -1 4614 8412 2864 -1 3298 -1 4868 5301 9490 7871 6293 1261 5708 9214 9008 9541 -1 -1 8267 744 8683 8052 3105 920 -1 6455 6564 7625 8513 2354 2918 4583 9949 7425 2108 8338
9997 5283 -1 430 8437 1644 8247 -1 8093 7510 -1 7779 2482 8401 5195 2703 2839 2000 2509 -1 -1 3941 3484 9725 8812 -1 4464 6495 5218 5647 249 8078 861 -1 844 7658 4446 728 7897 6837 -1 4394 -1 1144 3493 -1 -1 -1 5580 3888 4419 5732 -1 2132 -1 -1 5415 -1 -1 2052 7108 5608 6905 6983 6209 7435 -1 4856 8405 7538 2931 6634 8432 1078 -1 -1 7012 4483 7196 7300 8209 6636 -1 -1 988 -1 343 4627 -1 6770 9955 3576 -1 1767 8274 8318 1368 7768 3555 5955
1198 8826 4388 2006 7625 4150 15 4400 -1 -1 4119 -1 6640 1279 289 4349 -1 -1 2622 2077 7913 4656 7153 6738 7347 951 6407 -1 1396 6883 588 2428 4595 -1 -1 7243 785 7636 4891 9029 6219 3246 319 6875 3516 -1 4742 -1 -1 1015 3235 2819 6309 7172 -1 4627 5840 8616 7848 2246 4902 778 5947 -1 2035 9391 465 4960 3882 2768 9986 8729 6131 3728 -1 6447 6095 795 5354 7391 6351 -1 8351 5990 694 -1 5743 9728 4377 4786 618 6468 305 6325 3077 9929 9433 7334 600 6286
9 34
7 99
