100 500 25
74 85
83 49
67 97
67 94
52 63
84 48
19 42
71 21
44 71
75 32
16 79
51 36
38 61
78 63
92 77
25 50
33 34
38 35
52 55
51 33
18 65
4 2
82 11
9 19
23 79
74 26
74 8
71 92
51 79
17 63
58 47
90 73
99 8
71 77
77 7
53 73
97 18
82 68
5 17
94 73
39 14
100 22
12 72
23 34
98 24
63 42
83 50
52 60
100 59
77 79
46 21
83 87
9 63
18 27
63 32
52 88
30 8
54 73
27 94
44 27
92 63
51 94
60 58
57 59
47 89
65 85
44 99
17 72
62 39
9 29
16 39
8 79
60 75
30 94
84 8
41 42
31 45
67 40
100 88
69 1
44 47
90 86
39 34
31 99
36 37
99 46
12 34
9 68
55 16
93 47
53 60
35 65
43 53
34 85
51 7
9 96
66 79
86 34
90 88
74 45
67 85
64 42
69 62
31 28
71 59
70 72
45 23
74 54
35 62
38 45
83 53
9 2
95 24
67 65
46 32
74 39
62 14
12 84
17 80
7 24
97 47
56 62
40 42
12 7
50 57
36 29
46 63
74 47
74 17
77 72
97 63
97 28
66 12
81 34
30 6
76 8
50 32
38 62
87 48
27 55
94 1
26 10
51 68
76 11
51 90
83 73
82 25
13 99
74 2
29 33
83 94
38 55
2 24
25 45
19 81
25 68
80 76
86 61
83 84
74 46
95 39
82 95
91 21
83 55
6 32
87 64
90 22
71 29
41 39
50 28
38 49
54 47
4 85
64 46
9 54
6 65
68 14
78 54
43 70
26 84
52 31
89 28
100 72
90 38
69 91
41 21
25 52
13 32
100 94
3 96
39 2
66 99
23 24
78 41
54 75
78 64
67 74
64 68
69 55
64 54
18 25
52 21
87 19
65 81
85 73
88 10
51 26
26 21
99 86
92 1
5 73
15 31
3 88
68 22
97 91
26 12
59 21
83 68
30 37
43 44
87 66
60 17
26 14
39 47
29 79
67 32
97 59
17 91
76 42
17 7
44 57
13 58
12 46
69 48
52 99
80 41
82 18
45 65
61 39
45 86
84 79
47 32
12 1
53 79
76 72
74 89
9 8
95 85
97 71
81 7
10 48
11 79
18 87
82 99
67 35
51 78
36 10
29 96
88 62
71 55
66 20
12 41
68 56
4 56
11 8
3 45
66 36
76 73
36 72
70 31
90 84
18 50
30 77
86 79
19 21
77 47
36 20
62 81
18 48
81 14
60 84
22 39
99 76
83 21
61 21
83 85
26 91
50 88
21 28
11 28
67 25
65 79
54 46
53 12
22 59
27 56
69 95
80 42
57 24
80 33
54 40
4 57
15 34
67 81
19 62
13 75
43 89
100 57
3 86
25 49
15 76
2 48
86 10
29 61
25 9
38 99
67 78
3 90
35 94
99 37
44 79
67 10
12 40
5 21
5 7
70 100
74 82
90 36
92 81
87 79
97 86
35 12
44 83
68 62
2 14
35 39
56 47
53 72
3 31
94 2
50 94
30 9
55 42
65 16
100 17
43 64
29 58
36 23
67 90
99 2
90 64
99 96
57 11
31 79
54 41
17 73
80 46
82 40
6 23
52 49
60 36
66 60
67 92
35 31
55 21
74 33
47 28
83 47
52 22
86 65
53 54
83 75
3 25
9 42
72 20
3 51
82 47
29 65
67 4
98 42
54 14
100 80
21 24
19 1
70 13
51 85
54 72
74 41
92 12
51 77
40 10
68 7
26 23
11 47
68 54
46 91
18 53
76 37
78 76
14 47
51 35
97 39
52 96
71 47
66 72
81 1
78 52
46 58
38 17
90 45
50 58
57 75
76 34
50 69
4 42
3 95
72 73
81 42
55 20
100 56
45 54
15 13
80 11
78 69
6 89
92 95
46 42
29 37
99 40
49 11
10 11
13 56
6 95
35 86
68 73
62 32
27 58
59 28
74 4
87 39
18 21
18 78
53 95
68 31
38 69
58 59
25 86
30 51
45 63
60 40
25 41
50 84
38 94
33 1
83 58
31 80
7 21
31 86
38 89
83 41
43 36
98 96
51 50
50 77
63 96
69 79
22 2
74 75
67 15
14 96
25 20
60 76
44 65
23 85
49 20
43 86
27 11
74 56
40 61
65 96
15 14
18 98
6 88
12 75
6 73
35 42
55 24
44 25
43 80
41 47
26 96
29 95
84 91
26 42
23 73
25 84
74 55
87 94
18 26
17 62
66 39 78 90 21 61 6 42 86 83 2 57 31 89 75 46 9 47 71 18 12 16 38 63 68
