100 3000 50
6 46
32 52
84 71
32 2
47 32
16 42
82 35
68 59
67 70
9 97
17 86
12 42
97 88
2 39
2 13
50 1
14 18
3 31
20 63
21 99
44 78
11 15
4 30
44 47
77 69
84 21
14 23
33 28
79 48
23 76
33 58
36 45
43 91
88 38
14 13
29 75
8 88
17 60
9 21
19 28
85 93
51 14
4 86
11 31
77 98
16 62
7 22
77 87
91 81
29 40
36 54
82 73
16 83
62 52
21 15
97 59
23 46
38 83
84 86
35 21
24 28
13 30
44 76
65 80
4 99
47 66
61 49
98 91
50 30
36 59
69 15
91 99
44 73
14 34
14 48
6 87
19 21
59 30
20 58
70 11
92 4
31 71
31 63
6 83
29 87
91 39
12 34
29 10
43 12
10 34
95 56
58 69
80 72
28 71
48 78
19 18
29 69
3 34
29 76
40 76
93 74
36 22
95 45
14 54
90 53
66 15
68 39
86 81
85 76
21 81
90 15
8 6
86 3
27 69
11 99
19 81
88 15
57 46
92 56
65 78
47 1
56 50
7 15
67 9
20 77
95 10
70 75
80 74
89 74
22 71
92 26
79 31
53 38
51 3
66 46
67 69
89 58
94 74
93 21
4 46
68 88
92 66
65 58
24 22
66 91
72 66
17 26
69 73
3 72
20 93
65 63
61 79
10 52
22 69
29 91
96 72
25 94
11 28
57 52
17 99
9 15
61 3
68 53
33 32
35 40
82 15
10 21
8 10
8 79
37 91
79 68
14 31
65 74
22 21
37 93
35 94
17 50
7 87
62 60
3 21
31 59
17 19
32 48
64 91
95 79
56 70
75 45
77 74
13 66
42 69
61 21
23 59
55 72
97 48
36 38
54 80
84 98
19 73
62 42
95 83
33 66
27 25
13 11
37 1
70 26
25 87
12 73
37 97
75 48
12 31
92 3
44 57
87 83
21 83
89 48
97 66
60 68
14 81
42 39
58 45
50 58
40 85
56 76
89 7
17 80
62 48
26 53
58 13
91 71
29 18
46 83
27 24
44 70
55 65
18 21
59 28
5 34
34 30
8 97
12 76
49 86
26 87
81 71
95 62
84 28
72 97
19 7
36 72
51 94
27 75
79 41
16 40
8 3
10 42
72 59
78 15
14 72
40 91
98 46
40 3
100 87
54 81
4 18
35 26
13 83
27 71
80 68
96 64
95 58
67 40
92 85
59 63
82 44
50 43
80 64
26 46
8 15
77 46
2 22
58 39
32 31
29 90
60 3
17 15
57 59
14 73
33 5
22 63
100 59
99 28
95 51
41 22
18 81
95 70
56 90
82 4
49 30
23 88
32 58
27 85
85 52
17 91
8 32
96 100
32 60
18 13
4 64
25 69
68 83
75 53
29 78
27 64
39 52
16 12
43 48
79 87
16 98
17 66
35 57
36 26
29 3
24 32
50 3
50 11
70 53
69 52
10 2
100 78
88 59
85 28
90 28
33 3
1 24
23 13
76 91
18 100
49 13
35 32
65 54
27 32
82 56
67 64
12 6
11 87
67 92
89 2
7 58
24 21
5 21
24 99
36 4
37 68
33 63
96 53
75 68
32 64
17 12
96 77
61 40
84 79
44 46
72 21
9 52
55 75
32 74
57 40
92 86
96 46
86 74
26 38
55 10
6 59
55 69
12 5
54 48
98 53
8 4
14 66
56 62
47 53
50 71
56 53
84 50
43 7
50 34
8 74
44 23
32 75
90 21
92 99
84 52
46 59
100 31
31 48
20 85
74 81
95 66
45 78
93 45
84 75
39 30
29 57
16 81
41 68
36 19
84 78
89 100
32 68
4 38
55 2
14 97
32 72
1 32
92 74
54 59
79 97
5 91
77 78
66 69
54 86
66 52
10 51
68 94
35 72
89 77
27 72
23 45
62 53
79 26
88 22
14 52
19 97
35 47
25 74
88 71
82 48
12 21
92 96
94 81
92 78
86 31
38 39
54 100
17 44
27 78
100 53
62 7
66 30
67 71
16 3
77 94
96 63
86 64
50 37
20 81
18 41
26 30
51 72
70 52
92 33
25 68
96 51
84 89
33 46
57 97
61 27
87 46
14 11
89 87
4 11
38 63
80 2
41 15
98 97
2 7
70 13
36 71
62 24
57 88
84 13
16 89
33 76
23 26
3 38
4 71
49 47
70 74
80 5
82 94
8 11
66 31
67 66
37 88
50 69
27 4
65 69
3 28
17 43
42 83
17 62
87 59
7 66
47 93
85 64
35 22
33 48
4 9
5 30
18 46
45 39
62 63
40 21
27 42
98 28
8 17
37 40
40 77
18 93
27 58
44 77
49 83
31 21
79 72
70 78
92 25
43 70
44 72
11 39
10 26
70 77
32 45
11 30
51 11
95 87
53 46
70 12
64 6
75 63
51 100
84 72
56 34
64 48
95 42
62 30
11 21
27 47
84 80
61 83
62 76
12 81
23 85
4 66
57 100
85 71
25 64
61 33
33 90
35 28
86 5
4 24
95 37
100 13
41 87
43 22
93 78
29 37
85 13
7 31
10 60
60 58
70 30
1 68
55 67
23 94
19 11
20 2
92 60
33 68
25 42
61 2
33 70
9 42
36 86
90 88
84 1
17 56
57 12
4 39
86 38
96 80
65 48
29 50
28 30
50 70
92 9
54 98
20 50
35 15
70 66
8 87
84 30
54 30
79 52
20 75
1 93
14 99
85 59
97 38
44 5
64 63
80 19
6 38
33 65
27 44
10 23
66 81
83 71
37 26
71 52
82 39
85 75
36 31
87 31
80 52
40 75
27 20
82 96
19 39
55 34
40 99
49 26
37 25
64 81
27 26
32 98
33 78
49 23
36 77
75 38
79 74
85 5
56 65
93 15
17 71
70 94
75 93
23 87
72 78
84 96
65 4
5 76
57 98
90 77
16 63
60 31
37 58
41 73
36 41
90 72
36 81
5 41
23 66
66 21
18 69
82 2
36 84
1 7
51 13
96 75
42 88
62 59
4 59
65 24
68 69
90 31
41 78
16 90
84 9
3 87
29 70
92 35
70 41
67 33
53 59
80 91
61 87
95 69
14 77
6 22
82 80
53 52
85 72
98 78
56 89
9 73
12 52
16 4
8 67
75 58
12 58
10 24
14 43
61 63
10 4
42 13
56 68
44 93
4 85
5 31
44 41
95 34
61 96
13 59
96 39
70 90
27 43
77 60
68 45
12 77
60 42
11 91
79 21
44 89
55 100
86 30
59 15
16 70
39 15
37 100
27 9
35 7
51 37
67 46
29 80
14 75
89 6
92 44
6 81
82 18
26 73
25 34
35 71
3 58
22 99
61 98
17 27
25 41
3 30
36 98
90 68
55 96
9 38
12 85
58 48
82 32
85 21
47 63
39 48
20 5
55 68
8 21
47 89
51 54
61 81
27 93
84 12
76 63
47 100
56 24
94 48
30 81
27 91
58 28
89 52
82 72
64 53
57 69
82 83
25 22
55 86
32 87
21 63
62 14
44 9
3 45
82 5
60 74
65 73
33 38
10 64
67 22
89 83
29 64
98 18
35 73
82 23
72 64
92 57
19 85
47 42
17 54
20 38
16 41
57 60
49 39
90 58
86 83
57 91
75 41
16 57
2 74
37 7
37 86
96 34
25 91
36 58
21 28
7 53
9 64
64 71
86 21
54 83
40 15
23 75
35 45
9 31
84 77
29 26
57 80
79 34
68 38
56 44
98 68
70 22
32 91
14 83
10 12
7 28
36 13
65 94
56 58
54 75
19 59
62 68
33 93
1 70
49 40
84 94
35 81
20 57
38 45
61 39
88 76
57 83
90 22
65 12
95 65
33 15
4 3
49 72
41 69
10 38
2 66
1 54
58 83
49 31
49 74
14 94
95 44
60 73
40 64
80 38
92 52
51 41
18 28
17 93
40 66
36 32
60 30
5 3
55 76
22 46
14 86
50 97
88 87
59 99
69 78
100 76
29 24
35 98
37 98
36 27
16 85
29 68
43 5
27 45
73 63
84 85
10 71
86 18
92 70
51 21
5 97
61 54
24 19
30 15
61 48
35 4
65 3
80 77
10 81
61 19
95 22
54 26
1 76
99 81
88 73
66 45
8 19
17 45
73 78
57 7
47 91
24 86
100 3
69 99
32 39
35 62
17 14
82 79
49 32
57 53
38 99
59 83
58 59
79 5
25 77
82 64
24 6
97 39
51 60
5 63
47 15
55 53
17 75
54 18
88 30
45 52
16 71
33 19
57 39
1 19
48 28
16 15
89 9
40 86
70 21
36 24
24 88
92 19
18 52
2 86
33 87
44 25
97 22
62 54
23 28
14 63
36 11
54 5
100 93
23 57
32 19
36 21
90 46
84 51
70 88
51 52
96 11
67 12
57 19
55 74
82 3
70 31
88 99
58 88
85 53
20 97
36 25
92 2
42 91
26 31
76 39
93 71
19 53
95 94
4 54
16 6
82 88
63 78
23 43
80 97
56 26
25 48
33 72
11 76
14 90
51 43
2 81
43 76
62 69
37 11
28 81
41 59
37 52
96 6
31 69
53 45
20 79
14 25
18 76
27 68
43 30
44 19
16 32
98 13
55 61
33 24
9 30
12 45
50 24
24 80
4 88
25 98
43 94
84 6
1 31
38 78
99 78
73 52
84 66
84 34
26 94
67 30
67 97
85 60
61 9
36 100
16 46
1 60
37 23
35 77
19 72
84 70
95 6
65 1
79 66
79 88
54 99
36 88
8 22
74 78
64 38
29 88
72 87
25 89
82 13
32 46
14 58
75 83
54 22
23 40
27 79
16 25
9 18
20 15
86 52
55 98
66 73
65 66
5 48
57 30
67 39
17 41
49 75
13 88
20 71
62 78
8 71
51 38
49 100
41 76
14 5
23 74
24 42
16 53
23 19
53 30
59 91
43 89
14 64
16 94
68 52
95 40
17 68
1 43
95 9
27 50
26 58
32 59
35 91
6 69
55 30
3 68
92 14
61 26
14 69
8 52
20 21
2 59
49 24
23 81
9 53
61 56
67 77
9 22
72 46
86 58
41 91
50 68
17 49
38 94
14 2
75 3
39 83
72 58
49 21
26 90
76 52
67 2
44 4
68 46
61 13
79 53
93 73
97 15
10 72
37 99
65 21
72 38
23 78
61 99
35 66
2 31
95 38
65 2
67 25
97 69
7 88
7 68
97 93
8 12
37 28
92 63
28 15
2 58
50 86
95 21
96 22
27 100
97 21
75 72
33 40
65 59
64 59
29 49
75 30
23 83
43 46
15 52
50 52
2 38
64 68
17 23
46 39
6 73
54 74
35 68
27 14
10 11
60 78
92 22
36 68
60 48
14 32
62 2
36 9
25 5
68 22
93 63
65 11
84 40
100 58
37 5
51 5
16 93
35 31
96 12
17 40
44 26
77 93
14 78
98 66
57 5
76 74
13 91
12 100
80 18
55 1
7 78
51 64
34 15
16 34
56 94
56 28
92 77
27 99
27 33
38 76
20 1
18 91
23 5
92 88
7 99
44 87
74 99
57 34
58 34
35 1
16 80
9 99
67 51
5 46
90 39
3 46
80 100
62 81
13 68
43 97
38 48
10 28
67 93
3 69
13 87
76 21
50 87
25 15
40 30
58 87
8 26
5 15
93 83
47 65
25 59
25 13
62 39
86 77
65 91
56 43
34 52
61 69
6 71
26 85
14 74
14 45
95 23
60 69
66 48
50 91
50 47
85 88
51 46
24 43
70 63
98 22
26 11
95 90
36 17
22 28
61 44
84 20
25 11
67 6
51 59
23 39
19 15
84 31
96 58
4 57
8 7
44 12
17 70
20 60
69 71
56 85
47 9
47 12
85 87
94 63
42 30
57 42
16 66
62 65
5 73
13 15
8 91
14 70
35 53
16 23
36 97
89 94
72 45
42 22
40 88
16 1
1 88
60 99
56 81
75 11
25 52
65 32
75 74
54 6
68 48
21 30
4 63
72 76
26 98
25 7
9 48
55 91
95 73
9 41
95 47
49 66
55 22
88 69
55 44
16 52
89 60
62 88
16 13
66 68
18 73
8 69
79 12
62 26
96 41
33 60
95 35
100 28
29 12
44 3
9 6
90 42
89 5
98 64
54 94
38 34
73 99
43 34
17 13
67 29
20 89
68 21
87 52
35 99
36 14
27 65
67 45
64 11
56 100
4 100
47 94
84 41
75 69
80 11
2 6
62 70
22 39
66 11
16 9
3 99
90 78
12 18
53 94
60 15
97 52
2 34
18 60
8 39
51 15
89 85
29 44
57 13
72 30
95 4
56 37
62 12
98 3
89 13
92 73
47 76
82 41
86 45
75 31
61 80
53 99
2 60
57 66
94 83
4 69
64 99
88 46
49 69
67 83
77 38
38 21
82 52
75 71
63 15
57 58
32 69
98 81
42 97
16 50
18 45
37 14
44 53
79 78
43 21
47 46
50 78
70 46
45 46
33 80
35 37
5 69
53 87
44 91
53 21
33 73
56 46
51 88
55 87
3 41
10 63
12 64
88 45
89 59
80 85
42 41
36 74
26 52
96 5
49 76
89 11
57 54
5 39
55 71
17 22
98 76
8 16
24 68
86 72
20 31
88 74
43 83
26 86
75 34
32 42
33 98
21 71
54 9
96 4
77 41
24 66
77 63
82 84
92 54
82 9
45 83
45 30
82 46
16 76
27 12
49 88
24 94
29 65
2 77
43 88
48 99
57 77
56 22
8 25
55 42
1 15
65 76
84 87
64 30
58 22
66 6
24 64
82 95
43 53
50 35
80 9
62 3
43 86
36 10
33 62
47 72
87 28
100 11
19 22
80 32
8 36
79 1
27 89
43 41
25 3
58 52
92 98
20 24
80 78
19 75
27 70
10 58
56 80
46 78
12 91
44 64
19 46
50 23
82 26
1 12
82 90
36 6
75 22
69 81
54 93
1 48
34 74
72 93
17 69
37 74
40 7
14 46
37 45
56 48
98 94
51 93
70 15
55 48
47 45
56 71
17 96
62 98
59 39
79 6
43 73
1 98
58 74
29 16
61 20
85 34
79 100
60 13
27 37
43 45
21 52
41 88
90 99
85 18
10 31
33 88
17 100
8 96
49 53
53 31
82 75
29 85
26 77
89 72
55 11
66 94
35 83
20 69
86 53
2 83
60 22
24 98
100 15
37 63
96 71
49 78
49 97
32 15
16 37
15 81
36 94
64 76
42 52
38 73
41 99
42 68
80 87
2 63
83 52
20 86
92 24
1 21
54 68
40 68
1 30
77 34
4 42
47 64
67 78
75 13
20 14
20 98
73 48
8 86
49 71
12 69
29 72
17 29
55 81
20 10
50 5
20 59
66 53
56 1
50 7
23 21
20 6
10 41
11 63
2 99
21 48
36 67
41 74
77 71
32 22
88 78
91 48
91 63
19 34
95 81
59 34
56 54
1 59
79 75
36 65
17 90
47 26
88 34
25 21
40 46
35 13
58 78
79 91
45 21
11 78
17 31
62 31
14 4
82 29
93 99
55 25
55 56
86 59
51 1
50 62
56 11
9 81
55 15
32 71
67 58
43 2
29 4
85 99
54 71
7 93
26 5
95 30
86 85
1 90
33 35
1 26
17 35
53 28
50 59
92 50
57 87
8 51
36 5
50 93
25 60
20 11
40 78
72 13
92 21
9 46
26 74
37 75
9 39
47 30
33 99
49 65
80 34
61 6
4 75
7 11
38 22
51 12
74 30
2 72
24 54
16 11
62 93
95 17
20 87
46 71
13 31
25 71
98 74
47 99
49 41
67 10
8 58
95 16
54 64
40 71
79 59
60 38
8 46
73 83
96 31
36 48
55 89
64 74
37 19
74 83
8 30
7 63
95 88
2 41
16 77
75 91
92 71
49 90
60 39
57 9
54 2
42 93
69 91
85 48
61 64
77 88
29 2
97 87
67 73
41 66
61 65
67 68
44 1
74 48
1 85
12 74
67 56
27 74
43 3
47 31
73 71
37 85
42 76
44 22
67 32
84 91
76 48
4 40
17 98
33 39
20 66
51 40
99 71
46 69
20 42
5 71
47 75
10 99
49 7
22 74
79 22
61 14
43 93
35 9
77 99
65 6
93 76
64 78
50 46
13 78
59 78
96 2
56 3
85 78
55 54
1 87
84 47
10 46
14 98
24 63
29 32
43 18
66 74
96 45
99 30
65 41
67 100
47 19
9 59
68 76
86 75
23 6
16 97
79 37
44 85
12 38
11 73
67 53
57 41
57 86
16 60
100 94
10 85
49 81
62 64
3 97
80 81
13 74
75 46
58 21
55 73
46 34
59 81
34 81
5 68
57 32
84 38
36 20
97 53
76 94
32 30
40 59
38 52
98 63
82 78
80 90
25 90
7 81
16 35
98 99
82 93
49 64
82 1
44 10
16 74
64 87
75 5
1 89
51 75
23 60
91 34
70 28
1 69
44 60
100 91
23 72
27 13
8 100
41 11
29 77
20 90
53 73
93 81
33 51
84 62
10 40
96 70
24 39
96 56
37 34
18 15
47 23
84 5
27 87
87 76
33 86
96 43
79 93
26 97
9 71
13 53
13 21
35 30
3 78
3 53
19 88
64 83
87 99
1 34
77 76
51 77
82 25
10 89
77 97
80 83
31 34
57 71
94 69
67 61
55 93
67 19
38 71
49 42
36 34
90 76
29 19
75 100
35 80
53 48
55 37
70 85
60 53
17 94
96 37
96 97
8 76
54 53
75 88
61 37
56 51
17 58
96 50
1 41
65 9
92 49
96 98
61 35
60 52
85 46
80 39
12 83
70 2
80 15
16 54
42 74
46 81
91 28
77 85
56 87
70 58
27 19
92 47
93 46
84 2
36 2
98 58
62 99
4 68
38 59
65 100
47 71
5 59
100 39
9 5
70 72
86 42
12 87
14 89
16 58
49 50
17 16
77 39
95 12
54 73
36 76
20 83
93 52
22 73
87 78
25 32
62 15
79 90
55 40
27 62
80 13
65 46
79 9
19 58
54 90
19 31
54 39
50 54
49 34
64 52
40 18
43 58
51 23
95 26
92 58
86 66
61 60
49 93
25 40
8 66
76 22
16 22
57 6
42 15
69 48
35 3
8 18
92 6
23 12
25 83
80 6
27 83
42 46
99 83
84 46
12 41
74 15
60 63
40 63
90 41
92 76
19 77
36 44
72 48
92 90
64 69
86 41
55 46
77 100
51 98
23 90
16 47
5 38
85 31
84 32
23 97
24 69
42 71
40 41
61 22
21 34
37 21
49 91
18 30
1 71
88 31
60 81
57 48
1 5
56 23
33 7
98 72
67 28
17 57
67 26
44 86
26 3
95 14
77 64
55 9
7 38
61 4
7 76
17 33
93 38
67 52
43 98
76 45
20 64
26 45
41 21
59 69
10 86
33 75
4 80
40 90
54 91
44 6
43 78
4 32
3 81
26 19
35 65
42 34
26 41
75 15
84 59
49 12
85 83
14 1
19 45
70 38
2 15
35 52
70 40
27 54
93 22
32 13
82 86
11 34
84 22
4 52
70 86
80 7
50 31
53 69
47 37
49 10
51 83
89 45
98 69
65 77
86 60
43 59
62 91
44 18
9 60
37 71
84 93
2 45
36 89
93 28
8 92
50 6
77 73
27 28
100 83
46 91
42 73
100 72
17 3
35 6
74 71
18 5
30 83
17 52
29 74
80 86
11 38
51 97
26 81
100 21
47 81
85 7
60 94
73 39
98 88
92 43
49 73
24 71
18 94
100 69
20 99
27 2
12 9
62 38
26 2
36 47
8 65
65 5
56 33
18 48
82 53
2 53
44 30
84 65
90 5
42 48
6 39
57 68
77 28
45 69
17 25
70 42
5 42
89 71
16 21
54 7
56 77
64 73
40 12
23 68
44 21
10 45
51 6
36 23
6 74
2 68
82 50
72 39
62 1
50 94
18 34
79 28
51 42
56 21
72 15
1 80
37 89
22 78
40 74
23 54
85 81
62 94
75 59
82 27
16 30
86 22
19 94
31 30
27 73
47 85
23 1
17 2
25 66
84 43
92 51
14 71
37 70
82 66
46 99
61 38
24 41
25 100
26 6
79 18
17 61
49 70
1 72
10 30
87 39
55 13
79 15
55 88
44 66
77 21
23 64
86 63
92 40
66 83
92 18
16 26
61 16
29 48
56 99
82 62
3 66
86 78
7 46
10 57
29 38
20 33
40 97
59 74
65 68
26 71
17 83
1 66
33 9
4 34
63 74
37 87
92 80
98 73
55 29
100 41
27 59
20 62
17 4
49 60
20 68
20 12
86 71
37 4
26 9
62 86
92 81
13 45
82 30
10 3
96 79
49 48
2 69
72 91
96 90
10 88
56 72
12 59
24 18
9 75
65 23
50 26
44 65
62 43
44 90
98 15
40 60
33 13
23 86
36 93
93 69
56 57
86 87
41 28
17 87
95 97
14 57
65 52
10 75
54 89
70 97
65 45
23 30
18 53
18 83
97 63
55 51
11 52
67 65
12 63
60 87
20 34
49 62
10 98
77 91
60 45
79 39
67 96
20 73
97 64
27 77
20 4
37 94
55 47
97 81
12 75
32 63
61 34
96 93
79 25
5 52
54 97
84 15
63 52
29 73
93 34
37 76
95 48
95 93
92 16
67 13
7 42
49 46
38 30
56 97
82 98
87 71
95 77
80 89
53 22
96 32
10 87
42 59
65 90
62 71
43 38
89 64
36 85
33 52
18 78
82 33
9 7
65 34
8 13
21 46
67 42
43 42
63 81
32 99
16 87
12 11
95 86
51 4
1 11
90 48
37 38
67 20
50 88
47 6
31 38
43 31
55 63
67 47
79 7
36 40
37 59
49 79
20 13
85 97
38 74
12 22
50 76
44 11
10 73
89 21
67 62
35 64
10 53
17 48
50 42
95 60
92 87
96 57
23 25
57 2
70 39
25 9
3 59
37 54
94 59
27 35
90 3
95 19
17 37
94 34
61 94
55 52
8 33
65 7
37 66
65 14
62 80
44 68
65 97
5 81
50 51
44 45
37 13
42 21
95 18
20 74
23 99
16 79
57 70
90 71
27 63
17 92
51 2
1 45
75 21
94 73
40 5
82 17
40 9
67 90
18 99
35 39
61 32
40 26
27 94
11 93
97 94
92 31
82 20
13 63
67 34
17 47
33 26
25 80
43 11
8 41
36 29
68 15
87 81
44 14
35 2
51 73
29 71
29 56
12 90
96 59
65 43
61 51
90 93
3 91
86 28
84 48
29 51
17 46
95 92
17 81
56 18
61 25
35 43
80 26
28 83
22 94
62 85
32 88
67 23
58 46
51 74
11 48
61 52
95 91
42 6
79 81
17 89
37 48
96 94
46 15
84 37
47 38
55 20
72 34
18 39
44 59
36 78
19 63
8 37
70 5
12 71
55 27
41 81
80 59
50 75
36 42
1 63
34 28
97 46
62 13
86 93
80 63
90 83
82 11
80 75
39 78
14 85
60 34
24 57
1 75
68 6
12 97
10 9
14 42
29 45
33 21
89 73
20 44
62 32
17 20
8 14
78 52
18 58
58 6
25 88
20 41
82 38
92 53
36 15
95 29
72 88
8 56
90 13
67 27
2 3
20 47
1 77
82 22
27 22
77 75
8 64
96 66
88 21
70 6
33 30
93 30
84 11
8 98
11 81
25 57
9 74
96 7
12 60
13 71
96 26
72 6
37 22
69 39
79 46
67 16
13 22
46 52
43 60
79 63
17 78
54 32
96 49
4 45
49 52
63 99
64 34
57 38
2 94
33 45
5 11
55 60
42 45
92 72
87 74
5 64
100 30
14 91
41 53
16 75
10 13
92 94
3 13
27 7
25 97
97 13
90 85
84 19
25 26
84 4
91 15
37 12
90 69
41 6
65 28
33 10
24 12
36 35
33 6
19 9
55 59
61 68
9 98
82 14
60 93
84 27
20 70
86 13
57 94
7 30
96 48
67 37
79 65
96 47
85 66
50 19
10 100
35 54
1 86
90 73
65 25
92 13
51 30
55 50
80 66
1 46
37 18
98 71
3 93
36 91
61 92
18 66
96 3
89 53
55 24
58 63
89 98
95 63
11 94
62 45
58 68
70 9
82 63
79 83
26 48
7 97
97 6
10 43
42 31
70 59
77 59
22 83
19 98
80 94
49 35
22 15
81 52
51 69
56 59
84 29
83 81
27 11
97 34
16 72
20 54
5 100
88 91
83 15
10 22
54 19
92 7
61 86
97 68
49 68
93 31
19 69
16 99
90 34
98 38
84 45
8 60
33 42
79 51
8 70
25 24
29 30
7 6
62 11
8 94
50 98
61 62
32 11
85 45
79 14
100 46
17 77
65 13
60 59
76 99
82 100
32 100
1 97
85 11
35 63
77 52
56 52
37 57
13 6
86 100
82 40
29 97
7 48
29 83
98 48
62 22
40 34
26 66
5 58
70 100
85 39
62 75
57 74
92 89
14 7
56 88
62 58
49 15
13 94
77 5
5 72
84 83
39 74
55 8
44 51
25 93
92 45
26 100
50 65
10 69
31 52
19 48
11 69
19 41
12 3
36 39
75 76
8 68
25 75
62 23
43 99
77 68
33 44
53 88
88 39
86 15
16 51
87 94
44 69
17 73
84 97
23 3
9 34
21 59
50 63
37 80
27 48
56 74
38 91
68 63
90 38
14 9
4 90
29 20
27 52
56 35
96 24
95 54
88 28
13 52
51 58
79 19
79 40
51 76
42 11
82 69
37 72
56 7
85 73
43 64
50 45
62 100
47 2
19 83
56 4
65 72
23 41
84 81
9 85
8 1
58 99
47 22
24 90
67 88
95 28
79 60
27 80
33 77
1 2
12 48
96 23
8 84
54 38
47 21
56 13
89 86
86 48
85 63
44 94
72 81
13 73
75 66
79 42
24 83
82 47
37 30
62 90
96 54
45 59
31 81
46 73
56 12
95 59
67 43
36 1
85 94
95 74
65 30
70 87
62 18
31 76
97 71
35 70
85 100
19 78
80 46
23 11
60 66
50 10
92 91
91 74
92 5
19 86
61 77
79 86
50 21
54 34
31 45
24 70
6 28
39 81
8 54
10 80
60 21
61 100
17 88
33 94
95 98
6 31
95 36
72 83
64 31
54 45
37 24
72 73
25 46
50 77
6 94
54 76
61 10
80 58
49 38
61 88
84 57
98 39
43 87
6 34
49 54
27 34
84 58
76 71
32 73
95 33
79 64
29 23
100 68
61 53
49 4
100 60
43 68
10 5
72 52
60 46
75 94
49 43
41 13
79 38
65 53
77 18
47 57
73 34
57 43
89 3
89 32
28 52
93 39
50 89
70 99
40 11
12 53
50 90
33 31
57 3
89 26
23 34
97 74
64 13
67 4
32 66
67 38
84 61
55 77
41 30
94 99
1 9
13 99
61 91
12 73 92 42 23 3 77 47 82 7 35 59 18 91 98 65 68 69 21 89 39 46 20 70 52 61 26 25 53 24 86 72 96 74 55 6 67 1 76 63 80 88 62 79 56 66 31 94 57 58
