100 500 5
63 2
10 73
12 69
55 59
13 10
75 2
35 33
56 61
99 9
99 59
99 77
35 88
25 9
56 42
79 8
14 92
89 16
85 31
21 28
20 81
44 36
76 28
57 5
96 69
86 45
24 76
15 90
87 47
12 58
87 8
76 9
56 62
100 55
60 52
93 77
93 65
43 31
16 79
62 71
1 73
64 94
87 28
21 55
75 79
59 86
61 34
43 42
37 62
85 59
17 52
69 2
91 28
61 30
12 34
70 96
67 59
75 36
43 80
95 59
15 41
7 42
60 4
66 1
44 32
60 90
44 47
43 65
43 23
30 65
75 78
46 20
12 26
95 90
67 11
58 73
19 35
66 20
70 44
80 71
29 77
70 74
7 50
1 68
67 54
75 65
100 60
1 8
89 17
64 23
26 4
89 88
48 54
48 36
55 26
74 10
26 68
39 82
87 7
67 52
99 1
79 84
100 27
93 51
64 39
37 65
95 96
98 5
16 68
51 81
46 1
12 94
11 63
99 57
33 54
11 2
76 34
7 82
56 36
14 47
44 63
70 22
12 30
40 96
84 6
48 33
1 6
77 5
84 2
32 49
59 23
60 75
66 49
51 17
94 80
22 55
83 49
56 64
32 50
42 45
27 98
94 41
10 6
44 76
12 61
66 92
43 76
48 8
1 57
25 34
44 5
89 93
22 18
1 52
44 92
73 50
44 52
72 50
85 11
88 15
19 34
83 73
73 81
99 15
17 65
15 2
75 91
15 82
17 26
38 63
48 100
14 1
90 31
10 72
21 72
51 67
41 78
67 82
64 78
35 37
69 82
66 72
79 42
64 33
19 36
33 62
96 57
20 69
93 42
30 26
93 69
11 25
76 65
30 23
6 9
43 78
85 46
66 86
40 57
51 50
74 66
13 86
25 62
88 25
91 77
46 66
43 32
16 7
61 77
13 47
57 42
93 94
48 81
87 5
60 12
11 65
12 20
98 55
32 80
69 68
93 76
56 33
19 13
59 6
97 23
97 45
44 43
78 73
55 68
15 69
35 44
86 34
89 4
55 57
61 32
94 65
40 79
38 20
97 68
97 94
96 7
15 75
95 53
21 82
87 55
40 29
54 90
16 83
85 5
15 5
60 30
100 4
29 6
33 6
95 92
67 80
15 98
12 7
37 33
19 96
57 59
46 40
96 2
11 95
67 78
54 53
41 36
21 23
63 65
87 77
32 5
38 87
88 3
14 94
89 29
99 27
88 58
99 65
3 28
10 58
89 87
97 2
27 76
88 41
68 59
69 18
94 98
49 50
14 82
44 4
19 90
96 83
93 37
54 73
51 4
67 26
35 92
5 50
11 33
46 94
88 81
55 49
46 44
99 66
22 39
61 75
95 29
39 59
99 93
12 21
91 42
79 91
51 12
30 45
16 42
100 54
61 64
54 91
74 7
48 52
32 65
29 61
35 22
44 50
19 72
44 71
74 79
43 33
25 39
63 55
22 9
69 63
51 86
72 31
16 91
52 39
88 5
70 15
60 95
51 69
33 4
65 50
22 31
100 82
38 78
19 54
96 82
89 53
19 58
12 72
72 2
85 78
86 81
99 86
58 77
27 58
76 31
21 87
79 4
38 92
76 98
13 91
35 21
51 78
58 50
19 78
89 60
11 97
85 91
14 62
94 2
32 92
29 69
76 63
38 79
58 4
96 1
54 71
86 28
79 31
17 92
60 45
84 98
84 87
74 92
59 78
46 62
52 18
35 2
44 9
1 23
88 11
96 28
3 82
57 71
27 63
100 14
57 26
24 82
51 1
63 4
57 8
48 55
66 58
97 47
11 98
69 31
18 2
29 8
18 9
11 24
64 1
61 23
56 15
56 58
27 17
38 58
64 96
29 87
89 36
16 25
72 57
12 27
46 39
16 76
80 5
92 31
40 37
75 6
32 26
46 10
16 78
4 45
60 21
15 77
60 39
40 4
27 33
33 91
73 4
6 4
54 52
70 25
48 79
43 55
84 31
11 57
80 78
85 87
70 40
80 4
22 78
70 7
100 91
72 81
38 42
35 60
69 41
46 78
16 2
46 50
67 68
91 47
67 18
89 8
46 27
23 4
56 2
11 81
96 23
22 1
21 29
51 31
72 8
64 53
10 79
85 54
97 80
10 59
35 74
76 45
67 28
54 83
74 91
99 35
91 39
17 25
10 4
20 63
6 34
25 72
92 83
89 75
48 17
17 86
63 28
10 98
32 81
19 97
48 68
27 26
37 35 89 94 82
