99 99 594678311
7650 7650 7650 7650 7650 7650 7650 7650 7650 7650 7650 7650 7650 7650 7650 7650 7650 7650 7650 7650 7650 7650 7650 7650 7650 7650 7650 7650 7650 7650 7650 7650 7650 7650 7650 7650 7650 7650 7650 7650 7650 7650 7650 7650 7650 7650 7650 7650 7650 7650 7650 7650 7650 7650 7650 7650 7650 7650 7650 7650 7650 7650 7650 7650 7650 7650 7650 7650 7650 7650 7650 7650 7650 7650 7650 7650 7650 7650 7650 7650 7650 7650 7650 7650 7650 7650 7650 7650 7650 7650 7650 7650 7650 7650 7650 7650 7650 7650 7650
7650 -1 -1 -1 -1 -1 -1 -1 -1 -1 -1 -1 -1 -1 -1 -1 -1 -1 -1 -1 -1 -1 -1 -1 -1 -1 -1 -1 -1 -1 -1 -1 -1 -1 -1 -1 -1 -1 -1 -1 -1 -1 -1 -1 -1 -1 -1 -1 -1 -1 -1 -1 -1 -1 -1 -1 -1 -1 -1 -1 -1 -1 -1 -1 -1 -1 -1 -1 -1 -1 -1 -1 -1 -1 -1 -1 -1 -1 -1 -1 -1 -1 -1 -1 -1 -1 -1 -1 -1 -1 -1 -1 -1 -1 -1 -1 -1 -1 7650
7650 7650 7650 7650 7650 7650 7650 7650 7650 7650 7650 7650 7650 7650 7650 7650 7650 7650 7650 7650 7650 7650 7650 7650 7650 7650 7650 7650 7650 7650 7650 7650 7650 7650 7650 7650 7650 7650 7650 7650 7650 7650 7650 7650 7650 7650 7650 7650 7650 7650 7650 7650 7650 7650 7650 7650 7650 7650 7650 7650 7650 7650 7650 7650 7650 7650 7650 7650 7650 7650 7650 7650 7650 7650 7650 7650 7650 7650 7650 7650 7650 7650 7650 7650 7650 7650 7650 7650 7650 7650 7650 7650 7650 7650 7650 7650 7650 7650 7650
-1 -1 -1 -1 -1 -1 -1 -1 -1 -1 -1 -1 -1 -1 -1 -1 -1 -1 -1 -1 -1 -1 -1 -1 -1 -1 -1 -1 -1 -1 -1 -1 -1 -1 -1 -1 -1 -1 -1 -1 -1 -1 -1 -1 -1 -1 -1 -1 -1 -1 -1 -1 -1 -1 -1 -1 -1 -1 -1 -1 -1 -1 -1 -1 -1 -1 -1 -1 -1 -1 -1 -1 -1 -1 -1 -1 -1 -1 -1 -1 -1 -1 -1 -1 -1 -1 -1 -1 -1 -1 -1 -1 -1 7650 -1 -1 -1 -1 -1
7650 7650 7650 7650 7650 7650 7650 7650 7650 7650 7650 7650 7650 7650 7650 7650 7650 7650 7650 7650 7650 7650 7650 7650 7650 7650 7650 7650 7650 7650 7650 7650 7650 7650 7650 7650 7650 7650 7650 7650 7650 7650 7650 7650 7650 7650 7650 7650 7650 7650 7650 7650 7650 7650 7650 7650 7650 7650 7650 7650 7650 7650 7650 7650 7650 7650 7650 7650 7650 7650 7650 7650 7650 7650 7650 7650 7650 7650 7650 7650 7650 7650 7650 7650 7650 7650 7650 7650 7650 7650 7650 7650 7650 7650 7650 7650 7650 7650 7650
7650 -1 -1 -1 -1 -1 -1 -1 -1 -1 -1 -1 -1 -1 -1 -1 -1 -1 -1 -1 -1 -1 -1 -1 -1 -1 -1 -1 -1 -1 -1 -1 -1 -1 -1 -1 -1 -1 -1 -1 -1 -1 -1 -1 -1 -1 -1 -1 -1 -1 -1 -1 -1 -1 -1 -1 -1 -1 -1 -1 -1 -1 -1 -1 -1 -1 -1 -1 -1 -1 -1 -1 -1 -1 -1 -1 -1 -1 -1 -1 -1 -1 -1 -1 -1 -1 -1 -1 -1 -1 -1 -1 -1 -1 -1 -1 -1 -1 7650
7650 7650 7650 7650 7650 7650 7650 7650 7650 7650 7650 7650 7650 7650 7650 7650 7650 7650 7650 7650 7650 7650 7650 7650 7650 7650 7650 7650 7650 7650 7650 7650 7650 7650 7650 7650 7650 7650 7650 7650 7650 7650 7650 7650 7650 7650 7650 7650 7650 7650 7650 7650 7650 7650 7650 7650 7650 7650 7650 7650 7650 7650 7650 7650 7650 7650 7650 7650 7650 7650 7650 7650 7650 7650 7650 7650 7650 7650 7650 7650 7650 7650 7650 7650 7650 7650 7650 7650 7650 7650 7650 7650 7650 7650 7650 7650 7650 7650 7650
-1 -1 7650 -1 -1 -1 -1 -1 -1 -1 -1 -1 -1 -1 -1 -1 -1 -1 -1 -1 -1 -1 -1 -1 -1 -1 -1 -1 -1 -1 -1 -1 -1 -1 -1 -1 -1 -1 -1 -1 -1 -1 -1 -1 -1 -1 -1 -1 -1 -1 -1 -1 -1 -1 -1 -1 -1 -1 -1 -1 -1 -1 -1 -1 -1 -1 -1 -1 -1 -1 -1 -1 -1 -1 -1 -1 -1 -1 -1 -1 -1 -1 -1 -1 -1 -1 -1 -1 -1 -1 -1 -1 -1 -1 -1 -1 -1 -1 -1
7650 7650 7650 7650 7650 7650 7650 7650 7650 7650 7650 7650 7650 7650 7650 7650 7650 7650 7650 7650 7650 7650 7650 7650 7650 7650 7650 7650 7650 7650 7650 7650 7650 7650 7650 7650 7650 7650 7650 7650 7650 7650 7650 7650 7650 7650 7650 7650 7650 7650 7650 7650 7650 7650 7650 7650 7650 7650 7650 7650 7650 7650 7650 7650 7650 7650 7650 7650 7650 7650 7650 7650 7650 7650 7650 7650 7650 7650 7650 7650 7650 7650 7650 7650 7650 7650 7650 7650 7650 7650 7650 7650 7650 7650 7650 7650 7650 7650 7650
7650 -1 -1 -1 -1 -1 -1 -1 -1 -1 -1 -1 -1 -1 -1 -1 -1 -1 -1 -1 -1 -1 -1 -1 -1 -1 -1 -1 -1 -1 -1 -1 -1 -1 -1 -1 -1 -1 -1 -1 -1 -1 -1 -1 -1 -1 -1 -1 -1 -1 -1 -1 -1 -1 -1 -1 -1 -1 -1 -1 -1 -1 -1 -1 -1 -1 -1 -1 -1 -1 -1 -1 -1 -1 -1 -1 -1 -1 -1 -1 -1 -1 -1 -1 -1 -1 -1 -1 -1 -1 -1 -1 -1 -1 -1 -1 -1 -1 7650
7650 7650 7650 7650 7650 7650 7650 7650 7650 7650 7650 7650 7650 7650 7650 7650 7650 7650 7650 7650 7650 7650 7650 7650 7650 7650 7650 7650 7650 7650 7650 7650 7650 7650 7650 7650 7650 7650 7650 7650 7650 7650 7650 7650 7650 7650 7650 7650 7650 7650 7650 7650 7650 7650 7650 7650 7650 7650 7650 7650 7650 7650 7650 7650 7650 7650 7650 7650 7650 7650 7650 7650 7650 7650 7650 7650 7650 7650 7650 7650 7650 7650 7650 7650 7650 7650 7650 7650 7650 7650 7650 7650 7650 7650 7650 7650 7650 7650 7650
-1 -1 -1 -1 -1 -1 -1 -1 -1 -1 -1 -1 -1 -1 -1 -1 -1 -1 -1 -1 -1 -1 -1 -1 -1 -1 -1 -1 -1 -1 -1 -1 -1 -1 -1 7650 -1 -1 -1 -1 -1 -1 -1 -1 -1 -1 -1 -1 -1 -1 -1 -1 -1 -1 -1 -1 -1 -1 -1 -1 -1 -1 -1 -1 -1 -1 -1 -1 -1 -1 -1 -1 -1 -1 -1 -1 -1 -1 -1 -1 -1 -1 -1 -1 -1 -1 -1 -1 -1 -1 -1 -1 -1 -1 -1 -1 -1 -1 -1
7650 7650 7650 7650 7650 7650 7650 7650 7650 7650 7650 7650 7650 7650 7650 7650 7650 7650 7650 7650 7650 7650 7650 7650 7650 7650 7650 7650 7650 7650 7650 7650 7650 7650 7650 7650 7650 7650 7650 7650 7650 7650 7650 7650 7650 7650 7650 7650 7650 7650 7650 7650 7650 7650 7650 7650 7650 7650 7650 7650 7650 7650 7650 7650 7650 7650 7650 7650 7650 7650 7650 7650 7650 7650 7650 7650 7650 7650 7650 7650 7650 7650 7650 7650 7650 7650 7650 7650 7650 7650 7650 7650 7650 7650 7650 7650 7650 7650 7650
7650 -1 -1 -1 -1 -1 -1 -1 -1 -1 -1 -1 -1 -1 -1 -1 -1 -1 -1 -1 -1 -1 -1 -1 -1 -1 -1 -1 -1 -1 -1 -1 -1 -1 -1 -1 -1 -1 -1 -1 -1 -1 -1 -1 -1 -1 -1 -1 -1 -1 -1 -1 -1 -1 -1 -1 -1 -1 -1 -1 -1 -1 -1 -1 -1 -1 -1 -1 -1 -1 -1 -1 -1 -1 -1 -1 -1 -1 -1 -1 -1 -1 -1 -1 -1 -1 -1 -1 -1 -1 -1 -1 -1 -1 -1 -1 -1 -1 7650
7650 7650 7650 7650 7650 7650 7650 7650 7650 7650 7650 7650 7650 7650 7650 7650 7650 7650 7650 7650 7650 7650 7650 7650 7650 7650 7650 7650 7650 7650 7650 7650 7650 7650 7650 7650 7650 7650 7650 7650 7650 7650 7650 7650 7650 7650 7650 7650 7650 7650 7650 7650 7650 7650 7650 7650 7650 7650 7650 7650 7650 7650 7650 7650 7650 7650 7650 7650 7650 7650 7650 7650 7650 7650 7650 7650 7650 7650 7650 7650 7650 7650 7650 7650 7650 7650 7650 7650 7650 7650 7650 7650 7650 7650 7650 7650 7650 7650 7650
-1 -1 -1 -1 -1 -1 -1 -1 -1 -1 -1 -1 -1 -1 -1 -1 -1 -1 -1 -1 -1 -1 -1 -1 -1 -1 -1 -1 -1 -1 -1 -1 -1 -1 -1 -1 -1 -1 -1 -1 -1 -1 -1 -1 -1 -1 -1 -1 -1 -1 -1 -1 -1 -1 -1 -1 -1 -1 -1 7650 -1 -1 -1 -1 -1 -1 -1 -1 -1 -1 -1 -1 -1 -1 -1 -1 -1 -1 -1 -1 -1 -1 -1 -1 -1 -1 -1 -1 -1 -1 -1 -1 -1 -1 -1 -1 -1 -1 -1
7650 7650 7650 7650 7650 7650 7650 7650 7650 7650 7650 7650 7650 7650 7650 7650 7650 7650 7650 7650 7650 7650 7650 7650 7650 7650 7650 7650 7650 7650 7650 7650 7650 7650 7650 7650 7650 7650 7650 7650 7650 7650 7650 7650 7650 7650 7650 7650 7650 7650 7650 7650 7650 7650 7650 7650 7650 7650 7650 7650 7650 7650 7650 7650 7650 7650 7650 7650 7650 7650 7650 7650 7650 7650 7650 7650 7650 7650 7650 7650 7650 7650 7650 7650 7650 7650 7650 7650 7650 7650 7650 7650 7650 7650 7650 7650 7650 7650 7650
7650 -1 -1 -1 -1 -1 -1 -1 -1 -1 -1 -1 -1 -1 -1 -1 -1 -1 -1 -1 -1 -1 -1 -1 -1 -1 -1 -1 -1 -1 -1 -1 -1 -1 -1 -1 -1 -1 -1 -1 -1 -1 -1 -1 -1 -1 -1 -1 -1 -1 -1 -1 -1 -1 -1 -1 -1 -1 -1 -1 -1 -1 -1 -1 -1 -1 -1 -1 -1 -1 -1 -1 -1 -1 -1 -1 -1 -1 -1 -1 -1 -1 -1 -1 -1 -1 -1 -1 -1 -1 -1 -1 -1 -1 -1 -1 -1 -1 7650
7650 7650 7650 7650 7650 7650 7650 7650 7650 7650 7650 7650 7650 7650 7650 7650 7650 7650 7650 7650 7650 7650 7650 7650 7650 7650 7650 7650 7650 7650 7650 7650 7650 7650 7650 7650 7650 7650 7650 7650 7650 7650 7650 7650 7650 7650 7650 7650 7650 7650 7650 7650 7650 7650 7650 7650 7650 7650 7650 7650 7650 7650 7650 7650 7650 7650 7650 7650 7650 7650 7650 7650 7650 7650 7650 7650 7650 7650 7650 7650 7650 7650 7650 7650 7650 7650 7650 7650 7650 7650 7650 7650 7650 7650 7650 7650 7650 7650 7650
-1 -1 -1 -1 -1 -1 -1 -1 -1 -1 -1 -1 -1 -1 -1 -1 -1 -1 -1 -1 -1 -1 -1 -1 -1 -1 -1 -1 -1 -1 -1 -1 -1 -1 -1 -1 -1 -1 -1 -1 -1 -1 -1 -1 -1 -1 -1 7650 -1 -1 -1 -1 -1 -1 -1 -1 -1 -1 -1 -1 -1 -1 -1 -1 -1 -1 -1 -1 -1 -1 -1 -1 -1 -1 -1 -1 -1 -1 -1 -1 -1 -1 -1 -1 -1 -1 -1 -1 -1 -1 -1 -1 -1 -1 -1 -1 -1 -1 -1
7650 7650 7650 7650 7650 7650 7650 7650 7650 7650 7650 7650 7650 7650 7650 7650 7650 7650 7650 7650 7650 7650 7650 7650 7650 7650 7650 7650 7650 7650 7650 7650 7650 7650 7650 7650 7650 7650 7650 7650 7650 7650 7650 7650 7650 7650 7650 7650 7650 7650 7650 7650 7650 7650 7650 7650 7650 7650 7650 7650 7650 7650 7650 7650 7650 7650 7650 7650 7650 7650 7650 7650 7650 7650 7650 7650 7650 7650 7650 7650 7650 7650 7650 7650 7650 7650 7650 7650 7650 7650 7650 7650 7650 7650 7650 7650 7650 7650 7650
7650 -1 -1 -1 -1 -1 -1 -1 -1 -1 -1 -1 -1 -1 -1 -1 -1 -1 -1 -1 -1 -1 -1 -1 -1 -1 -1 -1 -1 -1 -1 -1 -1 -1 -1 -1 -1 -1 -1 -1 -1 -1 -1 -1 -1 -1 -1 -1 -1 -1 -1 -1 -1 -1 -1 -1 -1 -1 -1 -1 -1 -1 -1 -1 -1 -1 -1 -1 -1 -1 -1 -1 -1 -1 -1 -1 -1 -1 -1 -1 -1 -1 -1 -1 -1 -1 -1 -1 -1 -1 -1 -1 -1 -1 -1 -1 -1 -1 7650
7650 7650 7650 7650 7650 7650 7650 7650 7650 7650 7650 7650 7650 7650 7650 7650 7650 7650 7650 7650 7650 7650 7650 7650 7650 7650 7650 7650 7650 7650 7650 7650 7650 7650 7650 7650 7650 7650 7650 7650 7650 7650 7650 7650 7650 7650 7650 7650 7650 7650 7650 7650 7650 7650 7650 7650 7650 7650 7650 7650 7650 7650 7650 7650 7650 7650 7650 7650 7650 7650 7650 7650 7650 7650 7650 7650 7650 7650 7650 7650 7650 7650 7650 7650 7650 7650 7650 7650 7650 7650 7650 7650 7650 7650 7650 7650 7650 7650 7650
-1 -1 -1 -1 -1 -1 -1 -1 -1 -1 -1 -1 -1 -1 -1 -1 -1 -1 -1 -1 -1 -1 -1 -1 -1 -1 -1 -1 -1 -1 -1 -1 -1 -1 -1 -1 -1 -1 -1 -1 -1 -1 -1 -1 -1 -1 -1 -1 7650 -1 -1 -1 -1 -1 -1 -1 -1 -1 -1 -1 -1 -1 -1 -1 -1 -1 -1 -1 -1 -1 -1 -1 -1 -1 -1 -1 -1 -1 -1 -1 -1 -1 -1 -1 -1 -1 -1 -1 -1 -1 -1 -1 -1 -1 -1 -1 -1 -1 -1
7650 7650 7650 7650 7650 7650 7650 7650 7650 7650 7650 7650 7650 7650 7650 7650 7650 7650 7650 7650 7650 7650 7650 7650 7650 7650 7650 7650 7650 7650 7650 7650 7650 7650 7650 7650 7650 7650 7650 7650 7650 7650 7650 7650 7650 7650 7650 7650 7650 7650 7650 7650 7650 7650 7650 7650 7650 7650 7650 7650 7650 7650 7650 7650 7650 7650 7650 7650 7650 7650 7650 7650 7650 7650 7650 7650 7650 7650 7650 7650 7650 7650 7650 7650 7650 7650 7650 7650 7650 7650 7650 7650 7650 7650 7650 7650 7650 7650 7650
7650 -1 -1 -1 -1 -1 -1 -1 -1 -1 -1 -1 -1 -1 -1 -1 -1 -1 -1 -1 -1 -1 -1 -1 -1 -1 -1 -1 -1 -1 -1 -1 -1 -1 -1 -1 -1 -1 -1 -1 -1 -1 -1 -1 -1 -1 -1 -1 -1 -1 -1 -1 -1 -1 -1 -1 -1 -1 -1 -1 -1 -1 -1 -1 -1 -1 -1 -1 -1 -1 -1 -1 -1 -1 -1 -1 -1 -1 -1 -1 -1 -1 -1 -1 -1 -1 -1 -1 -1 -1 -1 -1 -1 -1 -1 -1 -1 -1 7650
7650 7650 7650 7650 7650 7650 7650 7650 7650 7650 7650 7650 7650 7650 7650 7650 7650 7650 7650 7650 7650 7650 7650 7650 7650 7650 7650 7650 7650 7650 7650 7650 7650 7650 7650 7650 7650 7650 7650 7650 7650 7650 7650 7650 7650 7650 7650 7650 7650 7650 7650 7650 7650 7650 7650 7650 7650 7650 7650 7650 7650 7650 7650 7650 7650 7650 7650 7650 7650 7650 7650 7650 7650 7650 7650 7650 7650 7650 7650 7650 7650 7650 7650 7650 7650 7650 7650 7650 7650 7650 7650 7650 7650 7650 7650 7650 7650 7650 7650
-1 -1 -1 -1 -1 -1 -1 -1 -1 -1 -1 -1 -1 -1 -1 -1 -1 -1 -1 -1 -1 -1 -1 -1 -1 -1 -1 -1 -1 -1 -1 -1 -1 -1 -1 -1 -1 -1 -1 -1 -1 -1 -1 -1 -1 -1 -1 -1 -1 -1 -1 -1 -1 -1 -1 -1 -1 -1 -1 -1 -1 -1 -1 -1 -1 -1 -1 -1 -1 -1 -1 -1 -1 -1 -1 -1 -1 -1 -1 -1 -1 7650 -1 -1 -1 -1 -1 -1 -1 -1 -1 -1 -1 -1 -1 -1 -1 -1 -1
7650 7650 7650 7650 7650 7650 7650 7650 7650 7650 7650 7650 7650 7650 7650 7650 7650 7650 7650 7650 7650 7650 7650 7650 7650 7650 7650 7650 7650 7650 7650 7650 7650 7650 7650 7650 7650 7650 7650 7650 7650 7650 7650 7650 7650 7650 7650 7650 7650 7650 7650 7650 7650 7650 7650 7650 7650 7650 7650 7650 7650 7650 7650 7650 7650 7650 7650 7650 7650 7650 7650 7650 7650 7650 7650 7650 7650 7650 7650 7650 7650 7650 7650 7650 7650 7650 7650 7650 7650 7650 7650 7650 7650 7650 7650 7650 7650 7650 7650
7650 -1 -1 -1 -1 -1 -1 -1 -1 -1 -1 -1 -1 -1 -1 -1 -1 -1 -1 -1 -1 -1 -1 -1 -1 -1 -1 -1 -1 -1 -1 -1 -1 -1 -1 -1 -1 -1 -1 -1 -1 -1 -1 -1 -1 -1 -1 -1 -1 -1 -1 -1 -1 -1 -1 -1 -1 -1 -1 -1 -1 -1 -1 -1 -1 -1 -1 -1 -1 -1 -1 -1 -1 -1 -1 -1 -1 -1 -1 -1 -1 -1 -1 -1 -1 -1 -1 -1 -1 -1 -1 -1 -1 -1 -1 -1 -1 -1 7650
7650 7650 7650 7650 7650 7650 7650 7650 7650 7650 7650 7650 7650 7650 7650 7650 7650 7650 7650 7650 7650 7650 7650 7650 7650 7650 7650 7650 7650 7650 7650 7650 7650 7650 7650 7650 7650 7650 7650 7650 7650 7650 7650 7650 7650 7650 7650 7650 7650 7650 7650 7650 7650 7650 7650 7650 7650 7650 7650 7650 7650 7650 7650 7650 7650 7650 7650 7650 7650 7650 7650 7650 7650 7650 7650 7650 7650 7650 7650 7650 7650 7650 7650 7650 7650 7650 7650 7650 7650 7650 7650 7650 7650 7650 7650 7650 7650 7650 7650
-1 -1 -1 -1 -1 -1 -1 -1 -1 -1 -1 -1 -1 -1 -1 -1 -1 -1 -1 -1 -1 -1 -1 -1 -1 -1 -1 -1 -1 -1 -1 -1 -1 -1 -1 -1 -1 -1 -1 -1 -1 -1 -1 -1 -1 -1 -1 -1 -1 -1 -1 -1 -1 -1 -1 -1 -1 -1 -1 -1 -1 -1 -1 -1 -1 -1 -1 -1 -1 -1 -1 -1 -1 -1 -1 -1 -1 -1 -1 -1 -1 -1 -1 -1 -1 -1 -1 -1 -1 -1 -1 7650 -1 -1 -1 -1 -1 -1 -1
7650 7650 7650 7650 7650 7650 7650 7650 7650 7650 7650 7650 7650 7650 7650 7650 7650 7650 7650 7650 7650 7650 7650 7650 7650 7650 7650 7650 7650 7650 7650 7650 7650 7650 7650 7650 7650 7650 7650 7650 7650 7650 7650 7650 7650 7650 7650 7650 7650 7650 7650 7650 7650 7650 7650 7650 7650 7650 7650 7650 7650 7650 7650 7650 7650 7650 7650 7650 7650 7650 7650 7650 7650 7650 7650 7650 7650 7650 7650 7650 7650 7650 7650 7650 7650 7650 7650 7650 7650 7650 7650 7650 7650 7650 7650 7650 7650 7650 7650
7650 -1 -1 -1 -1 -1 -1 -1 -1 -1 -1 -1 -1 -1 -1 -1 -1 -1 -1 -1 -1 -1 -1 -1 -1 -1 -1 -1 -1 -1 -1 -1 -1 -1 -1 -1 -1 -1 -1 -1 -1 -1 -1 -1 -1 -1 -1 -1 -1 -1 -1 -1 -1 -1 -1 -1 -1 -1 -1 -1 -1 -1 -1 -1 -1 -1 -1 -1 -1 -1 -1 -1 -1 -1 -1 -1 -1 -1 -1 -1 -1 -1 -1 -1 -1 -1 -1 -1 -1 -1 -1 -1 -1 -1 -1 -1 -1 -1 7650
7650 7650 7650 7650 7650 7650 7650 7650 7650 7650 7650 7650 7650 7650 7650 7650 7650 7650 7650 7650 7650 7650 7650 7650 7650 7650 7650 7650 7650 7650 7650 7650 7650 7650 7650 7650 7650 7650 7650 7650 7650 7650 7650 7650 7650 7650 7650 7650 7650 7650 7650 7650 7650 7650 7650 7650 7650 7650 7650 7650 7650 7650 7650 7650 7650 7650 7650 7650 7650 7650 7650 7650 7650 7650 7650 7650 7650 7650 7650 7650 7650 7650 7650 7650 7650 7650 7650 7650 7650 7650 7650 7650 7650 7650 7650 7650 7650 7650 7650
-1 -1 -1 -1 -1 -1 -1 -1 -1 -1 -1 -1 -1 -1 -1 -1 -1 -1 -1 -1 -1 -1 -1 -1 -1 -1 -1 -1 -1 -1 -1 -1 -1 -1 -1 -1 -1 -1 -1 -1 -1 -1 -1 -1 -1 -1 -1 -1 -1 -1 -1 -1 -1 -1 -1 -1 -1 -1 -1 -1 -1 -1 -1 -1 -1 -1 -1 -1 -1 -1 -1 -1 -1 -1 7650 -1 -1 -1 -1 -1 -1 -1 -1 -1 -1 -1 -1 -1 -1 -1 -1 -1 -1 -1 -1 -1 -1 -1 -1
7650 7650 7650 7650 7650 7650 7650 7650 7650 7650 7650 7650 7650 7650 7650 7650 7650 7650 7650 7650 7650 7650 7650 7650 7650 7650 7650 7650 7650 7650 7650 7650 7650 7650 7650 7650 7650 7650 7650 7650 7650 7650 7650 7650 7650 7650 7650 7650 7650 7650 7650 7650 7650 7650 7650 7650 7650 7650 7650 7650 7650 7650 7650 7650 7650 7650 7650 7650 7650 7650 7650 7650 7650 7650 7650 7650 7650 7650 7650 7650 7650 7650 7650 7650 7650 7650 7650 7650 7650 7650 7650 7650 7650 7650 7650 7650 7650 7650 7650
7650 -1 -1 -1 -1 -1 -1 -1 -1 -1 -1 -1 -1 -1 -1 -1 -1 -1 -1 -1 -1 -1 -1 -1 -1 -1 -1 -1 -1 -1 -1 -1 -1 -1 -1 -1 -1 -1 -1 -1 -1 -1 -1 -1 -1 -1 -1 -1 -1 -1 -1 -1 -1 -1 -1 -1 -1 -1 -1 -1 -1 -1 -1 -1 -1 -1 -1 -1 -1 -1 -1 -1 -1 -1 -1 -1 -1 -1 -1 -1 -1 -1 -1 -1 -1 -1 -1 -1 -1 -1 -1 -1 -1 -1 -1 -1 -1 -1 7650
7650 7650 7650 7650 7650 7650 7650 7650 7650 7650 7650 7650 7650 7650 7650 7650 7650 7650 7650 7650 7650 7650 7650 7650 7650 7650 7650 7650 7650 7650 7650 7650 7650 7650 7650 7650 7650 7650 7650 7650 7650 7650 7650 7650 7650 7650 7650 7650 7650 7650 7650 7650 7650 7650 7650 7650 7650 7650 7650 7650 7650 7650 7650 7650 7650 7650 7650 7650 7650 7650 7650 7650 7650 7650 7650 7650 7650 7650 7650 7650 7650 7650 7650 7650 7650 7650 7650 7650 7650 7650 7650 7650 7650 7650 7650 7650 7650 7650 7650
-1 -1 -1 -1 -1 -1 -1 -1 -1 -1 -1 -1 7650 -1 -1 -1 -1 -1 -1 -1 -1 -1 -1 -1 -1 -1 -1 -1 -1 -1 -1 -1 -1 -1 -1 -1 -1 -1 -1 -1 -1 -1 -1 -1 -1 -1 -1 -1 -1 -1 -1 -1 -1 -1 -1 -1 -1 -1 -1 -1 -1 -1 -1 -1 -1 -1 -1 -1 -1 -1 -1 -1 -1 -1 -1 -1 -1 -1 -1 -1 -1 -1 -1 -1 -1 -1 -1 -1 -1 -1 -1 -1 -1 -1 -1 -1 -1 -1 -1
7650 7650 7650 7650 7650 7650 7650 7650 7650 7650 7650 7650 7650 7650 7650 7650 7650 7650 7650 7650 7650 7650 7650 7650 7650 7650 7650 7650 7650 7650 7650 7650 7650 7650 7650 7650 7650 7650 7650 7650 7650 7650 7650 7650 7650 7650 7650 7650 7650 7650 7650 7650 7650 7650 7650 7650 7650 7650 7650 7650 7650 7650 7650 7650 7650 7650 7650 7650 7650 7650 7650 7650 7650 7650 7650 7650 7650 7650 7650 7650 7650 7650 7650 7650 7650 7650 7650 7650 7650 7650 7650 7650 7650 7650 7650 7650 7650 7650 7650
7650 -1 -1 -1 -1 -1 -1 -1 -1 -1 -1 -1 -1 -1 -1 -1 -1 -1 -1 -1 -1 -1 -1 -1 -1 -1 -1 -1 -1 -1 -1 -1 -1 -1 -1 -1 -1 -1 -1 -1 -1 -1 -1 -1 -1 -1 -1 -1 -1 -1 -1 -1 -1 -1 -1 -1 -1 -1 -1 -1 -1 -1 -1 -1 -1 -1 -1 -1 -1 -1 -1 -1 -1 -1 -1 -1 -1 -1 -1 -1 -1 -1 -1 -1 -1 -1 -1 -1 -1 -1 -1 -1 -1 -1 -1 -1 -1 -1 7650
7650 7650 7650 7650 7650 7650 7650 7650 7650 7650 7650 7650 7650 7650 7650 7650 7650 7650 7650 7650 7650 7650 7650 7650 7650 7650 7650 7650 7650 7650 7650 7650 7650 7650 7650 7650 7650 7650 7650 7650 7650 7650 7650 7650 7650 7650 7650 7650 7650 7650 7650 7650 7650 7650 7650 7650 7650 7650 7650 7650 7650 7650 7650 7650 7650 7650 7650 7650 7650 7650 7650 7650 7650 7650 7650 7650 7650 7650 7650 7650 7650 7650 7650 7650 7650 7650 7650 7650 7650 7650 7650 7650 7650 7650 7650 7650 7650 7650 7650
-1 -1 -1 -1 -1 -1 -1 -1 -1 -1 -1 -1 -1 7650 -1 -1 -1 -1 -1 -1 -1 -1 -1 -1 -1 -1 -1 -1 -1 -1 -1 -1 -1 -1 -1 -1 -1 -1 -1 -1 -1 -1 -1 -1 -1 -1 -1 -1 -1 -1 -1 -1 -1 -1 -1 -1 -1 -1 -1 -1 -1 -1 -1 -1 -1 -1 -1 -1 -1 -1 -1 -1 -1 -1 -1 -1 -1 -1 -1 -1 -1 -1 -1 -1 -1 -1 -1 -1 -1 -1 -1 -1 -1 -1 -1 -1 -1 -1 -1
7650 7650 7650 7650 7650 7650 7650 7650 7650 7650 7650 7650 7650 7650 7650 7650 7650 7650 7650 7650 7650 7650 7650 7650 7650 7650 7650 7650 7650 7650 7650 7650 7650 7650 7650 7650 7650 7650 7650 7650 7650 7650 7650 7650 7650 7650 7650 7650 7650 7650 7650 7650 7650 7650 7650 7650 7650 7650 7650 7650 7650 7650 7650 7650 7650 7650 7650 7650 7650 7650 7650 7650 7650 7650 7650 7650 7650 7650 7650 7650 7650 7650 7650 7650 7650 7650 7650 7650 7650 7650 7650 7650 7650 7650 7650 7650 7650 7650 7650
7650 -1 -1 -1 -1 -1 -1 -1 -1 -1 -1 -1 -1 -1 -1 -1 -1 -1 -1 -1 -1 -1 -1 -1 -1 -1 -1 -1 -1 -1 -1 -1 -1 -1 -1 -1 -1 -1 -1 -1 -1 -1 -1 -1 -1 -1 -1 -1 -1 -1 -1 -1 -1 -1 -1 -1 -1 -1 -1 -1 -1 -1 -1 -1 -1 -1 -1 -1 -1 -1 -1 -1 -1 -1 -1 -1 -1 -1 -1 -1 -1 -1 -1 -1 -1 -1 -1 -1 -1 -1 -1 -1 -1 -1 -1 -1 -1 -1 7650
7650 7650 7650 7650 7650 7650 7650 7650 7650 7650 7650 7650 7650 7650 7650 7650 7650 7650 7650 7650 7650 7650 7650 7650 7650 7650 7650 7650 7650 7650 7650 7650 7650 7650 7650 7650 7650 7650 7650 7650 7650 7650 7650 7650 7650 7650 7650 7650 7650 7650 7650 7650 7650 7650 7650 7650 7650 7650 7650 7650 7650 7650 7650 7650 7650 7650 7650 7650 7650 7650 7650 7650 7650 7650 7650 7650 7650 7650 7650 7650 7650 7650 7650 7650 7650 7650 7650 7650 7650 7650 7650 7650 7650 7650 7650 7650 7650 7650 7650
-1 -1 -1 -1 -1 -1 -1 -1 -1 -1 -1 -1 -1 -1 -1 -1 -1 -1 -1 -1 -1 -1 -1 -1 -1 -1 -1 -1 -1 -1 -1 -1 -1 -1 -1 -1 -1 -1 -1 -1 -1 -1 -1 -1 -1 -1 -1 -1 -1 -1 -1 -1 -1 -1 -1 -1 -1 -1 -1 -1 -1 -1 -1 -1 -1 -1 -1 -1 -1 -1 -1 -1 -1 -1 -1 7650 -1 -1 -1 -1 -1 -1 -1 -1 -1 -1 -1 -1 -1 -1 -1 -1 -1 -1 -1 -1 -1 -1 -1
7650 7650 7650 7650 7650 7650 7650 7650 7650 7650 7650 7650 7650 7650 7650 7650 7650 7650 7650 7650 7650 7650 7650 7650 7650 7650 7650 7650 7650 7650 7650 7650 7650 7650 7650 7650 7650 7650 7650 7650 7650 7650 7650 7650 7650 7650 7650 7650 7650 7650 7650 7650 7650 7650 7650 7650 7650 7650 7650 7650 7650 7650 7650 7650 7650 7650 7650 7650 7650 7650 7650 7650 7650 7650 7650 7650 7650 7650 7650 7650 7650 7650 7650 7650 7650 7650 7650 7650 7650 7650 7650 7650 7650 7650 7650 7650 7650 7650 7650
7650 -1 -1 -1 -1 -1 -1 -1 -1 -1 -1 -1 -1 -1 -1 -1 -1 -1 -1 -1 -1 -1 -1 -1 -1 -1 -1 -1 -1 -1 -1 -1 -1 -1 -1 -1 -1 -1 -1 -1 -1 -1 -1 -1 -1 -1 -1 -1 -1 -1 -1 -1 -1 -1 -1 -1 -1 -1 -1 -1 -1 -1 -1 -1 -1 -1 -1 -1 -1 -1 -1 -1 -1 -1 -1 -1 -1 -1 -1 -1 -1 -1 -1 -1 -1 -1 -1 -1 -1 -1 -1 -1 -1 -1 -1 -1 -1 -1 7650
7650 7650 7650 7650 7650 7650 7650 7650 7650 7650 7650 7650 7650 7650 7650 7650 7650 7650 7650 7650 7650 7650 7650 7650 7650 7650 7650 7650 7650 7650 7650 7650 7650 7650 7650 7650 7650 7650 7650 7650 7650 7650 7650 7650 7650 7650 7650 7650 7650 7650 7650 7650 7650 7650 7650 7650 7650 7650 7650 7650 7650 7650 7650 7650 7650 7650 7650 7650 7650 7650 7650 7650 7650 7650 7650 7650 7650 7650 7650 7650 7650 7650 7650 7650 7650 7650 7650 7650 7650 7650 7650 7650 7650 7650 7650 7650 7650 7650 7650
-1 -1 -1 -1 -1 -1 -1 -1 -1 -1 -1 -1 -1 -1 -1 -1 -1 -1 -1 -1 -1 -1 -1 -1 -1 -1 -1 -1 -1 -1 -1 -1 -1 -1 -1 -1 -1 -1 -1 -1 -1 -1 -1 -1 -1 -1 -1 -1 -1 -1 -1 -1 -1 -1 -1 -1 -1 -1 -1 -1 -1 -1 -1 -1 -1 -1 -1 -1 -1 -1 -1 -1 -1 -1 -1 -1 -1 -1 -1 -1 -1 -1 -1 -1 -1 7650 -1 -1 -1 -1 -1 -1 -1 -1 -1 -1 -1 -1 -1
7650 7650 7650 7650 7650 7650 7650 7650 7650 7650 7650 7650 7650 7650 7650 7650 7650 7650 7650 7650 7650 7650 7650 7650 7650 7650 7650 7650 7650 7650 7650 7650 7650 7650 7650 7650 7650 7650 7650 7650 7650 7650 7650 7650 7650 7650 7650 7650 7650 7650 7650 7650 7650 7650 7650 7650 7650 7650 7650 7650 7650 7650 7650 7650 7650 7650 7650 7650 7650 7650 7650 7650 7650 7650 7650 7650 7650 7650 7650 7650 7650 7650 7650 7650 7650 7650 7650 7650 7650 7650 7650 7650 7650 7650 7650 7650 7650 7650 7650
7650 -1 -1 -1 -1 -1 -1 -1 -1 -1 -1 -1 -1 -1 -1 -1 -1 -1 -1 -1 -1 -1 -1 -1 -1 -1 -1 -1 -1 -1 -1 -1 -1 -1 -1 -1 -1 -1 -1 -1 -1 -1 -1 -1 -1 -1 -1 -1 -1 -1 -1 -1 -1 -1 -1 -1 -1 -1 -1 -1 -1 -1 -1 -1 -1 -1 -1 -1 -1 -1 -1 -1 -1 -1 -1 -1 -1 -1 -1 -1 -1 -1 -1 -1 -1 -1 -1 -1 -1 -1 -1 -1 -1 -1 -1 -1 -1 -1 7650
7650 7650 7650 7650 7650 7650 7650 7650 7650 7650 7650 7650 7650 7650 7650 7650 7650 7650 7650 7650 7650 7650 7650 7650 7650 7650 7650 7650 7650 7650 7650 7650 7650 7650 7650 7650 7650 7650 7650 7650 7650 7650 7650 7650 7650 7650 7650 7650 7650 7650 7650 7650 7650 7650 7650 7650 7650 7650 7650 7650 7650 7650 7650 7650 7650 7650 7650 7650 7650 7650 7650 7650 7650 7650 7650 7650 7650 7650 7650 7650 7650 7650 7650 7650 7650 7650 7650 7650 7650 7650 7650 7650 7650 7650 7650 7650 7650 7650 7650
-1 -1 -1 -1 -1 -1 -1 -1 -1 -1 -1 -1 -1 -1 -1 -1 -1 -1 -1 -1 -1 -1 -1 -1 -1 -1 -1 -1 -1 -1 -1 -1 -1 -1 -1 -1 -1 -1 -1 -1 -1 -1 -1 -1 -1 7650 -1 -1 -1 -1 -1 -1 -1 -1 -1 -1 -1 -1 -1 -1 -1 -1 -1 -1 -1 -1 -1 -1 -1 -1 -1 -1 -1 -1 -1 -1 -1 -1 -1 -1 -1 -1 -1 -1 -1 -1 -1 -1 -1 -1 -1 -1 -1 -1 -1 -1 -1 -1 -1
7650 7650 7650 7650 7650 7650 7650 7650 7650 7650 7650 7650 7650 7650 7650 7650 7650 7650 7650 7650 7650 7650 7650 7650 7650 7650 7650 7650 7650 7650 7650 7650 7650 7650 7650 7650 7650 7650 7650 7650 7650 7650 7650 7650 7650 7650 7650 7650 7650 7650 7650 7650 7650 7650 7650 7650 7650 7650 7650 7650 7650 7650 7650 7650 7650 7650 7650 7650 7650 7650 7650 7650 7650 7650 7650 7650 7650 7650 7650 7650 7650 7650 7650 7650 7650 7650 7650 7650 7650 7650 7650 7650 7650 7650 7650 7650 7650 7650 7650
7650 -1 -1 -1 -1 -1 -1 -1 -1 -1 -1 -1 -1 -1 -1 -1 -1 -1 -1 -1 -1 -1 -1 -1 -1 -1 -1 -1 -1 -1 -1 -1 -1 -1 -1 -1 -1 -1 -1 -1 -1 -1 -1 -1 -1 -1 -1 -1 -1 -1 -1 -1 -1 -1 -1 -1 -1 -1 -1 -1 -1 -1 -1 -1 -1 -1 -1 -1 -1 -1 -1 -1 -1 -1 -1 -1 -1 -1 -1 -1 -1 -1 -1 -1 -1 -1 -1 -1 -1 -1 -1 -1 -1 -1 -1 -1 -1 -1 7650
7650 7650 7650 7650 7650 7650 7650 7650 7650 7650 7650 7650 7650 7650 7650 7650 7650 7650 7650 7650 7650 7650 7650 7650 7650 7650 7650 7650 7650 7650 7650 7650 7650 7650 7650 7650 7650 7650 7650 7650 7650 7650 7650 7650 7650 7650 7650 7650 7650 7650 7650 7650 7650 7650 7650 7650 7650 7650 7650 7650 7650 7650 7650 7650 7650 7650 7650 7650 7650 7650 7650 7650 7650 7650 7650 7650 7650 7650 7650 7650 7650 7650 7650 7650 7650 7650 7650 7650 7650 7650 7650 7650 7650 7650 7650 7650 7650 7650 7650
-1 -1 -1 -1 -1 -1 -1 -1 -1 -1 -1 -1 -1 -1 7650 -1 -1 -1 -1 -1 -1 -1 -1 -1 -1 -1 -1 -1 -1 -1 -1 -1 -1 -1 -1 -1 -1 -1 -1 -1 -1 -1 -1 -1 -1 -1 -1 -1 -1 -1 -1 -1 -1 -1 -1 -1 -1 -1 -1 -1 -1 -1 -1 -1 -1 -1 -1 -1 -1 -1 -1 -1 -1 -1 -1 -1 -1 -1 -1 -1 -1 -1 -1 -1 -1 -1 -1 -1 -1 -1 -1 -1 -1 -1 -1 -1 -1 -1 -1
7650 7650 7650 7650 7650 7650 7650 7650 7650 7650 7650 7650 7650 7650 7650 7650 7650 7650 7650 7650 7650 7650 7650 7650 7650 7650 7650 7650 7650 7650 7650 7650 7650 7650 7650 7650 7650 7650 7650 7650 7650 7650 7650 7650 7650 7650 7650 7650 7650 7650 7650 7650 7650 7650 7650 7650 7650 7650 7650 7650 7650 7650 7650 7650 7650 7650 7650 7650 7650 7650 7650 7650 7650 7650 7650 7650 7650 7650 7650 7650 7650 7650 7650 7650 7650 7650 7650 7650 7650 7650 7650 7650 7650 7650 7650 7650 7650 7650 7650
7650 -1 -1 -1 -1 -1 -1 -1 -1 -1 -1 -1 -1 -1 -1 -1 -1 -1 -1 -1 -1 -1 -1 -1 -1 -1 -1 -1 -1 -1 -1 -1 -1 -1 -1 -1 -1 -1 -1 -1 -1 -1 -1 -1 -1 -1 -1 -1 -1 -1 -1 -1 -1 -1 -1 -1 -1 -1 -1 -1 -1 -1 -1 -1 -1 -1 -1 -1 -1 -1 -1 -1 -1 -1 -1 -1 -1 -1 -1 -1 -1 -1 -1 -1 -1 -1 -1 -1 -1 -1 -1 -1 -1 -1 -1 -1 -1 -1 7650
7650 7650 7650 7650 7650 7650 7650 7650 7650 7650 7650 7650 7650 7650 7650 7650 7650 7650 7650 7650 7650 7650 7650 7650 7650 7650 7650 7650 7650 7650 7650 7650 7650 7650 7650 7650 7650 7650 7650 7650 7650 7650 7650 7650 7650 7650 7650 7650 7650 7650 7650 7650 7650 7650 7650 7650 7650 7650 7650 7650 7650 7650 7650 7650 7650 7650 7650 7650 7650 7650 7650 7650 7650 7650 7650 7650 7650 7650 7650 7650 7650 7650 7650 7650 7650 7650 7650 7650 7650 7650 7650 7650 7650 7650 7650 7650 7650 7650 7650
-1 -1 -1 -1 -1 -1 -1 -1 -1 -1 -1 -1 -1 -1 -1 -1 -1 -1 -1 -1 -1 -1 -1 -1 -1 -1 -1 -1 -1 -1 -1 -1 -1 -1 -1 -1 -1 -1 -1 -1 -1 -1 -1 -1 -1 -1 -1 -1 -1 -1 -1 -1 -1 -1 -1 -1 -1 -1 -1 -1 -1 -1 -1 -1 -1 -1 -1 -1 -1 -1 -1 -1 -1 -1 -1 -1 -1 -1 -1 -1 -1 -1 -1 -1 -1 -1 -1 -1 -1 -1 -1 -1 7650 -1 -1 -1 -1 -1 -1
7650 7650 7650 7650 7650 7650 7650 7650 7650 7650 7650 7650 7650 7650 7650 7650 7650 7650 7650 7650 7650 7650 7650 7650 7650 7650 7650 7650 7650 7650 7650 7650 7650 7650 7650 7650 7650 7650 7650 7650 7650 7650 7650 7650 7650 7650 7650 7650 7650 7650 7650 7650 7650 7650 7650 7650 7650 7650 7650 7650 7650 7650 7650 7650 7650 7650 7650 7650 7650 7650 7650 7650 7650 7650 7650 7650 7650 7650 7650 7650 7650 7650 7650 7650 7650 7650 7650 7650 7650 7650 7650 7650 7650 7650 7650 7650 7650 7650 7650
7650 -1 -1 -1 -1 -1 -1 -1 -1 -1 -1 -1 -1 -1 -1 -1 -1 -1 -1 -1 -1 -1 -1 -1 -1 -1 -1 -1 -1 -1 -1 -1 -1 -1 -1 -1 -1 -1 -1 -1 -1 -1 -1 -1 -1 -1 -1 -1 -1 -1 -1 -1 -1 -1 -1 -1 -1 -1 -1 -1 -1 -1 -1 -1 -1 -1 -1 -1 -1 -1 -1 -1 -1 -1 -1 -1 -1 -1 -1 -1 -1 -1 -1 -1 -1 -1 -1 -1 -1 -1 -1 -1 -1 -1 -1 -1 -1 -1 7650
7650 7650 7650 7650 7650 7650 7650 7650 7650 7650 7650 7650 7650 7650 7650 7650 7650 7650 7650 7650 7650 7650 7650 7650 7650 7650 7650 7650 7650 7650 7650 7650 7650 7650 7650 7650 7650 7650 7650 7650 7650 7650 7650 7650 7650 7650 7650 7650 7650 7650 7650 7650 7650 7650 7650 7650 7650 7650 7650 7650 7650 7650 7650 7650 7650 7650 7650 7650 7650 7650 7650 7650 7650 7650 7650 7650 7650 7650 7650 7650 7650 7650 7650 7650 7650 7650 7650 7650 7650 7650 7650 7650 7650 7650 7650 7650 7650 7650 7650
-1 -1 -1 -1 -1 -1 -1 -1 -1 -1 -1 -1 -1 -1 -1 -1 -1 -1 -1 -1 -1 -1 -1 -1 -1 -1 -1 -1 -1 -1 -1 -1 -1 7650 -1 -1 -1 -1 -1 -1 -1 -1 -1 -1 -1 -1 -1 -1 -1 -1 -1 -1 -1 -1 -1 -1 -1 -1 -1 -1 -1 -1 -1 -1 -1 -1 -1 -1 -1 -1 -1 -1 -1 -1 -1 -1 -1 -1 -1 -1 -1 -1 -1 -1 -1 -1 -1 -1 -1 -1 -1 -1 -1 -1 -1 -1 -1 -1 -1
7650 7650 7650 7650 7650 7650 7650 7650 7650 7650 7650 7650 7650 7650 7650 7650 7650 7650 7650 7650 7650 7650 7650 7650 7650 7650 7650 7650 7650 7650 7650 7650 7650 7650 7650 7650 7650 7650 7650 7650 7650 7650 7650 7650 7650 7650 7650 7650 7650 7650 7650 7650 7650 7650 7650 7650 7650 7650 7650 7650 7650 7650 7650 7650 7650 7650 7650 7650 7650 7650 7650 7650 7650 7650 7650 7650 7650 7650 7650 7650 7650 7650 7650 7650 7650 7650 7650 7650 7650 7650 7650 7650 7650 7650 7650 7650 7650 7650 7650
7650 -1 -1 -1 -1 -1 -1 -1 -1 -1 -1 -1 -1 -1 -1 -1 -1 -1 -1 -1 -1 -1 -1 -1 -1 -1 -1 -1 -1 -1 -1 -1 -1 -1 -1 -1 -1 -1 -1 -1 -1 -1 -1 -1 -1 -1 -1 -1 -1 -1 -1 -1 -1 -1 -1 -1 -1 -1 -1 -1 -1 -1 -1 -1 -1 -1 -1 -1 -1 -1 -1 -1 -1 -1 -1 -1 -1 -1 -1 -1 -1 -1 -1 -1 -1 -1 -1 -1 -1 -1 -1 -1 -1 -1 -1 -1 -1 -1 7650
7650 7650 7650 7650 7650 7650 7650 7650 7650 7650 7650 7650 7650 7650 7650 7650 7650 7650 7650 7650 7650 7650 7650 7650 7650 7650 7650 7650 7650 7650 7650 7650 7650 7650 7650 7650 7650 7650 7650 7650 7650 7650 7650 7650 7650 7650 7650 7650 7650 7650 7650 7650 7650 7650 7650 7650 7650 7650 7650 7650 7650 7650 7650 7650 7650 7650 7650 7650 7650 7650 7650 7650 7650 7650 7650 7650 7650 7650 7650 7650 7650 7650 7650 7650 7650 7650 7650 7650 7650 7650 7650 7650 7650 7650 7650 7650 7650 7650 7650
-1 -1 -1 -1 -1 -1 -1 -1 -1 -1 -1 -1 -1 -1 -1 -1 -1 -1 -1 -1 -1 -1 -1 -1 -1 -1 -1 -1 -1 -1 -1 -1 -1 -1 -1 -1 -1 -1 -1 -1 -1 -1 -1 -1 -1 -1 -1 -1 -1 -1 -1 -1 -1 -1 -1 -1 -1 -1 -1 -1 -1 -1 -1 -1 -1 -1 -1 -1 -1 -1 -1 -1 -1 -1 -1 -1 -1 -1 7650 -1 -1 -1 -1 -1 -1 -1 -1 -1 -1 -1 -1 -1 -1 -1 -1 -1 -1 -1 -1
7650 7650 7650 7650 7650 7650 7650 7650 7650 7650 7650 7650 7650 7650 7650 7650 7650 7650 7650 7650 7650 7650 7650 7650 7650 7650 7650 7650 7650 7650 7650 7650 7650 7650 7650 7650 7650 7650 7650 7650 7650 7650 7650 7650 7650 7650 7650 7650 7650 7650 7650 7650 7650 7650 7650 7650 7650 7650 7650 7650 7650 7650 7650 7650 7650 7650 7650 7650 7650 7650 7650 7650 7650 7650 7650 7650 7650 7650 7650 7650 7650 7650 7650 7650 7650 7650 7650 7650 7650 7650 7650 7650 7650 7650 7650 7650 7650 7650 7650
7650 -1 -1 -1 -1 -1 -1 -1 -1 -1 -1 -1 -1 -1 -1 -1 -1 -1 -1 -1 -1 -1 -1 -1 -1 -1 -1 -1 -1 -1 -1 -1 -1 -1 -1 -1 -1 -1 -1 -1 -1 -1 -1 -1 -1 -1 -1 -1 -1 -1 -1 -1 -1 -1 -1 -1 -1 -1 -1 -1 -1 -1 -1 -1 -1 -1 -1 -1 -1 -1 -1 -1 -1 -1 -1 -1 -1 -1 -1 -1 -1 -1 -1 -1 -1 -1 -1 -1 -1 -1 -1 -1 -1 -1 -1 -1 -1 -1 7650
7650 7650 7650 7650 7650 7650 7650 7650 7650 7650 7650 7650 7650 7650 7650 7650 7650 7650 7650 7650 7650 7650 7650 7650 7650 7650 7650 7650 7650 7650 7650 7650 7650 7650 7650 7650 7650 7650 7650 7650 7650 7650 7650 7650 7650 7650 7650 7650 7650 7650 7650 7650 7650 7650 7650 7650 7650 7650 7650 7650 7650 7650 7650 7650 7650 7650 7650 7650 7650 7650 7650 7650 7650 7650 7650 7650 7650 7650 7650 7650 7650 7650 7650 7650 7650 7650 7650 7650 7650 7650 7650 7650 7650 7650 7650 7650 7650 7650 7650
-1 -1 -1 -1 -1 -1 -1 -1 -1 -1 -1 -1 -1 -1 -1 -1 -1 -1 -1 -1 -1 -1 -1 -1 -1 -1 -1 -1 -1 -1 -1 -1 -1 -1 -1 -1 -1 -1 -1 -1 -1 -1 -1 -1 -1 -1 -1 -1 -1 -1 -1 -1 -1 -1 -1 -1 -1 -1 -1 -1 -1 -1 -1 -1 -1 -1 -1 -1 -1 -1 -1 -1 -1 -1 -1 -1 -1 -1 -1 -1 -1 -1 -1 -1 -1 -1 -1 -1 -1 -1 -1 -1 -1 7650 -1 -1 -1 -1 -1
7650 7650 7650 7650 7650 7650 7650 7650 7650 7650 7650 7650 7650 7650 7650 7650 7650 7650 7650 7650 7650 7650 7650 7650 7650 7650 7650 7650 7650 7650 7650 7650 7650 7650 7650 7650 7650 7650 7650 7650 7650 7650 7650 7650 7650 7650 7650 7650 7650 7650 7650 7650 7650 7650 7650 7650 7650 7650 7650 7650 7650 7650 7650 7650 7650 7650 7650 7650 7650 7650 7650 7650 7650 7650 7650 7650 7650 7650 7650 7650 7650 7650 7650 7650 7650 7650 7650 7650 7650 7650 7650 7650 7650 7650 7650 7650 7650 7650 7650
7650 -1 -1 -1 -1 -1 -1 -1 -1 -1 -1 -1 -1 -1 -1 -1 -1 -1 -1 -1 -1 -1 -1 -1 -1 -1 -1 -1 -1 -1 -1 -1 -1 -1 -1 -1 -1 -1 -1 -1 -1 -1 -1 -1 -1 -1 -1 -1 -1 -1 -1 -1 -1 -1 -1 -1 -1 -1 -1 -1 -1 -1 -1 -1 -1 -1 -1 -1 -1 -1 -1 -1 -1 -1 -1 -1 -1 -1 -1 -1 -1 -1 -1 -1 -1 -1 -1 -1 -1 -1 -1 -1 -1 -1 -1 -1 -1 -1 7650
7650 7650 7650 7650 7650 7650 7650 7650 7650 7650 7650 7650 7650 7650 7650 7650 7650 7650 7650 7650 7650 7650 7650 7650 7650 7650 7650 7650 7650 7650 7650 7650 7650 7650 7650 7650 7650 7650 7650 7650 7650 7650 7650 7650 7650 7650 7650 7650 7650 7650 7650 7650 7650 7650 7650 7650 7650 7650 7650 7650 7650 7650 7650 7650 7650 7650 7650 7650 7650 7650 7650 7650 7650 7650 7650 7650 7650 7650 7650 7650 7650 7650 7650 7650 7650 7650 7650 7650 7650 7650 7650 7650 7650 7650 7650 7650 7650 7650 7650
-1 -1 -1 -1 -1 -1 -1 -1 -1 7650 -1 -1 -1 -1 -1 -1 -1 -1 -1 -1 -1 -1 -1 -1 -1 -1 -1 -1 -1 -1 -1 -1 -1 -1 -1 -1 -1 -1 -1 -1 -1 -1 -1 -1 -1 -1 -1 -1 -1 -1 -1 -1 -1 -1 -1 -1 -1 -1 -1 -1 -1 -1 -1 -1 -1 -1 -1 -1 -1 -1 -1 -1 -1 -1 -1 -1 -1 -1 -1 -1 -1 -1 -1 -1 -1 -1 -1 -1 -1 -1 -1 -1 -1 -1 -1 -1 -1 -1 -1
7650 7650 7650 7650 7650 7650 7650 7650 7650 7650 7650 7650 7650 7650 7650 7650 7650 7650 7650 7650 7650 7650 7650 7650 7650 7650 7650 7650 7650 7650 7650 7650 7650 7650 7650 7650 7650 7650 7650 7650 7650 7650 7650 7650 7650 7650 7650 7650 7650 7650 7650 7650 7650 7650 7650 7650 7650 7650 7650 7650 7650 7650 7650 7650 7650 7650 7650 7650 7650 7650 7650 7650 7650 7650 7650 7650 7650 7650 7650 7650 7650 7650 7650 7650 7650 7650 7650 7650 7650 7650 7650 7650 7650 7650 7650 7650 7650 7650 7650
7650 -1 -1 -1 -1 -1 -1 -1 -1 -1 -1 -1 -1 -1 -1 -1 -1 -1 -1 -1 -1 -1 -1 -1 -1 -1 -1 -1 -1 -1 -1 -1 -1 -1 -1 -1 -1 -1 -1 -1 -1 -1 -1 -1 -1 -1 -1 -1 -1 -1 -1 -1 -1 -1 -1 -1 -1 -1 -1 -1 -1 -1 -1 -1 -1 -1 -1 -1 -1 -1 -1 -1 -1 -1 -1 -1 -1 -1 -1 -1 -1 -1 -1 -1 -1 -1 -1 -1 -1 -1 -1 -1 -1 -1 -1 -1 -1 -1 7650
7650 7650 7650 7650 7650 7650 7650 7650 7650 7650 7650 7650 7650 7650 7650 7650 7650 7650 7650 7650 7650 7650 7650 7650 7650 7650 7650 7650 7650 7650 7650 7650 7650 7650 7650 7650 7650 7650 7650 7650 7650 7650 7650 7650 7650 7650 7650 7650 7650 7650 7650 7650 7650 7650 7650 7650 7650 7650 7650 7650 7650 7650 7650 7650 7650 7650 7650 7650 7650 7650 7650 7650 7650 7650 7650 7650 7650 7650 7650 7650 7650 7650 7650 7650 7650 7650 7650 7650 7650 7650 7650 7650 7650 7650 7650 7650 7650 7650 7650
7650 -1 -1 -1 -1 -1 -1 -1 -1 -1 -1 -1 -1 -1 -1 -1 -1 -1 -1 -1 -1 -1 -1 -1 -1 -1 -1 -1 -1 -1 -1 -1 -1 -1 -1 -1 -1 -1 -1 -1 -1 -1 -1 -1 -1 -1 -1 -1 -1 -1 -1 -1 -1 -1 -1 -1 -1 -1 -1 -1 -1 -1 -1 -1 -1 -1 -1 -1 -1 -1 -1 -1 -1 -1 -1 -1 -1 -1 -1 -1 -1 -1 -1 -1 -1 -1 -1 -1 -1 -1 -1 -1 -1 -1 -1 -1 -1 -1 -1
7650 7650 7650 7650 7650 7650 7650 7650 7650 7650 7650 7650 7650 7650 7650 7650 7650 7650 7650 7650 7650 7650 7650 7650 7650 7650 7650 7650 7650 7650 7650 7650 7650 7650 7650 7650 7650 7650 7650 7650 7650 7650 7650 7650 7650 7650 7650 7650 7650 7650 7650 7650 7650 7650 7650 7650 7650 7650 7650 7650 7650 7650 7650 7650 7650 7650 7650 7650 7650 7650 7650 7650 7650 7650 7650 7650 7650 7650 7650 7650 7650 7650 7650 7650 7650 7650 7650 7650 7650 7650 7650 7650 7650 7650 7650 7650 7650 7650 7650
7650 -1 -1 -1 -1 -1 -1 -1 -1 -1 -1 -1 -1 -1 -1 -1 -1 -1 -1 -1 -1 -1 -1 -1 -1 -1 -1 -1 -1 -1 -1 -1 -1 -1 -1 -1 -1 -1 -1 -1 -1 -1 -1 -1 -1 -1 -1 -1 -1 -1 -1 -1 -1 -1 -1 -1 -1 -1 -1 -1 -1 -1 -1 -1 -1 -1 -1 -1 -1 -1 -1 -1 -1 -1 -1 -1 -1 -1 -1 -1 -1 -1 -1 -1 -1 -1 -1 -1 -1 -1 -1 -1 -1 -1 -1 -1 -1 -1 7650
7650 7650 7650 7650 7650 7650 7650 7650 7650 7650 7650 7650 7650 7650 7650 7650 7650 7650 7650 7650 7650 7650 7650 7650 7650 7650 7650 7650 7650 7650 7650 7650 7650 7650 7650 7650 7650 7650 7650 7650 7650 7650 7650 7650 7650 7650 7650 7650 7650 7650 7650 7650 7650 7650 7650 7650 7650 7650 7650 7650 7650 7650 7650 7650 7650 7650 7650 7650 7650 7650 7650 7650 7650 7650 7650 7650 7650 7650 7650 7650 7650 7650 7650 7650 7650 7650 7650 7650 7650 7650 7650 7650 7650 7650 7650 7650 7650 7650 7650
-1 -1 -1 -1 -1 -1 -1 -1 -1 -1 -1 -1 -1 -1 -1 -1 -1 -1 -1 -1 -1 -1 -1 -1 -1 -1 -1 -1 -1 -1 -1 -1 -1 -1 -1 -1 -1 -1 -1 -1 -1 -1 -1 -1 -1 -1 -1 -1 -1 -1 -1 -1 -1 -1 -1 -1 -1 -1 -1 -1 -1 -1 -1 -1 -1 -1 -1 -1 -1 -1 -1 -1 -1 -1 -1 -1 -1 -1 -1 -1 -1 7650 -1 -1 -1 -1 -1 -1 -1 -1 -1 -1 -1 -1 -1 -1 -1 -1 -1
7650 7650 7650 7650 7650 7650 7650 7650 7650 7650 7650 7650 7650 7650 7650 7650 7650 7650 7650 7650 7650 7650 7650 7650 7650 7650 7650 7650 7650 7650 7650 7650 7650 7650 7650 7650 7650 7650 7650 7650 7650 7650 7650 7650 7650 7650 7650 7650 7650 7650 7650 7650 7650 7650 7650 7650 7650 7650 7650 7650 7650 7650 7650 7650 7650 7650 7650 7650 7650 7650 7650 7650 7650 7650 7650 7650 7650 7650 7650 7650 7650 7650 7650 7650 7650 7650 7650 7650 7650 7650 7650 7650 7650 7650 7650 7650 7650 7650 7650
7650 -1 -1 -1 -1 -1 -1 -1 -1 -1 -1 -1 -1 -1 -1 -1 -1 -1 -1 -1 -1 -1 -1 -1 -1 -1 -1 -1 -1 -1 -1 -1 -1 -1 -1 -1 -1 -1 -1 -1 -1 -1 -1 -1 -1 -1 -1 -1 -1 -1 -1 -1 -1 -1 -1 -1 -1 -1 -1 -1 -1 -1 -1 -1 -1 -1 -1 -1 -1 -1 -1 -1 -1 -1 -1 -1 -1 -1 -1 -1 -1 -1 -1 -1 -1 -1 -1 -1 -1 -1 -1 -1 -1 -1 -1 -1 -1 -1 7650
7650 7650 7650 7650 7650 7650 7650 7650 7650 7650 7650 7650 7650 7650 7650 7650 7650 7650 7650 7650 7650 7650 7650 7650 7650 7650 7650 7650 7650 7650 7650 7650 7650 7650 7650 7650 7650 7650 7650 7650 7650 7650 7650 7650 7650 7650 7650 7650 7650 7650 7650 7650 7650 7650 7650 7650 7650 7650 7650 7650 7650 7650 7650 7650 7650 7650 7650 7650 7650 7650 7650 7650 7650 7650 7650 7650 7650 7650 7650 7650 7650 7650 7650 7650 7650 7650 7650 7650 7650 7650 7650 7650 7650 7650 7650 7650 7650 7650 7650
-1 -1 -1 -1 -1 -1 -1 -1 7650 -1 -1 -1 -1 -1 -1 -1 -1 -1 -1 -1 -1 -1 -1 -1 -1 -1 -1 -1 -1 -1 -1 -1 -1 -1 -1 -1 -1 -1 -1 -1 -1 -1 -1 -1 -1 -1 -1 -1 -1 -1 -1 -1 -1 -1 -1 -1 -1 -1 -1 -1 -1 -1 -1 -1 -1 -1 -1 -1 -1 -1 -1 -1 -1 -1 -1 -1 -1 -1 -1 -1 -1 -1 -1 -1 -1 -1 -1 -1 -1 -1 -1 -1 -1 -1 -1 -1 -1 -1 -1
7650 7650 7650 7650 7650 7650 7650 7650 7650 7650 7650 7650 7650 7650 7650 7650 7650 7650 7650 7650 7650 7650 7650 7650 7650 7650 7650 7650 7650 7650 7650 7650 7650 7650 7650 7650 7650 7650 7650 7650 7650 7650 7650 7650 7650 7650 7650 7650 7650 7650 7650 7650 7650 7650 7650 7650 7650 7650 7650 7650 7650 7650 7650 7650 7650 7650 7650 7650 7650 7650 7650 7650 7650 7650 7650 7650 7650 7650 7650 7650 7650 7650 7650 7650 7650 7650 7650 7650 7650 7650 7650 7650 7650 7650 7650 7650 7650 7650 7650
7650 -1 -1 -1 -1 -1 -1 -1 -1 -1 -1 -1 -1 -1 -1 -1 -1 -1 -1 -1 -1 -1 -1 -1 -1 -1 -1 -1 -1 -1 -1 -1 -1 -1 -1 -1 -1 -1 -1 -1 -1 -1 -1 -1 -1 -1 -1 -1 -1 -1 -1 -1 -1 -1 -1 -1 -1 -1 -1 -1 -1 -1 -1 -1 -1 -1 -1 -1 -1 -1 -1 -1 -1 -1 -1 -1 -1 -1 -1 -1 -1 -1 -1 -1 -1 -1 -1 -1 -1 -1 -1 -1 -1 -1 -1 -1 -1 -1 7650
7650 7650 7650 7650 7650 7650 7650 7650 7650 7650 7650 7650 7650 7650 7650 7650 7650 7650 7650 7650 7650 7650 7650 7650 7650 7650 7650 7650 7650 7650 7650 7650 7650 7650 7650 7650 7650 7650 7650 7650 7650 7650 7650 7650 7650 7650 7650 7650 7650 7650 7650 7650 7650 7650 7650 7650 7650 7650 7650 7650 7650 7650 7650 7650 7650 7650 7650 7650 7650 7650 7650 7650 7650 7650 7650 7650 7650 7650 7650 7650 7650 7650 7650 7650 7650 7650 7650 7650 7650 7650 7650 7650 7650 7650 7650 7650 7650 7650 7650
-1 -1 -1 -1 -1 -1 -1 -1 -1 -1 -1 -1 -1 -1 -1 -1 -1 -1 -1 7650 -1 -1 -1 -1 -1 -1 -1 -1 -1 -1 -1 -1 -1 -1 -1 -1 -1 -1 -1 -1 -1 -1 -1 -1 -1 -1 -1 -1 -1 -1 -1 -1 -1 -1 -1 -1 -1 -1 -1 -1 -1 -1 -1 -1 -1 -1 -1 -1 -1 -1 -1 -1 -1 -1 -1 -1 -1 -1 -1 -1 -1 -1 -1 -1 -1 -1 -1 -1 -1 -1 -1 -1 -1 -1 -1 -1 -1 -1 -1
7650 7650 7650 7650 7650 7650 7650 7650 7650 7650 7650 7650 7650 7650 7650 7650 7650 7650 7650 7650 7650 7650 7650 7650 7650 7650 7650 7650 7650 7650 7650 7650 7650 7650 7650 7650 7650 7650 7650 7650 7650 7650 7650 7650 7650 7650 7650 7650 7650 7650 7650 7650 7650 7650 7650 7650 7650 7650 7650 7650 7650 7650 7650 7650 7650 7650 7650 7650 7650 7650 7650 7650 7650 7650 7650 7650 7650 7650 7650 7650 7650 7650 7650 7650 7650 7650 7650 7650 7650 7650 7650 7650 7650 7650 7650 7650 7650 7650 7650
7650 -1 -1 -1 -1 -1 -1 -1 -1 -1 -1 -1 -1 -1 -1 -1 -1 -1 -1 -1 -1 -1 -1 -1 -1 -1 -1 -1 -1 -1 -1 -1 -1 -1 -1 -1 -1 -1 -1 -1 -1 -1 -1 -1 -1 -1 -1 -1 -1 -1 -1 -1 -1 -1 -1 -1 -1 -1 -1 -1 -1 -1 -1 -1 -1 -1 -1 -1 -1 -1 -1 -1 -1 -1 -1 -1 -1 -1 -1 -1 -1 -1 -1 -1 -1 -1 -1 -1 -1 -1 -1 -1 -1 -1 -1 -1 -1 -1 7650
7650 7650 7650 7650 7650 7650 7650 7650 7650 7650 7650 7650 7650 7650 7650 7650 7650 7650 7650 7650 7650 7650 7650 7650 7650 7650 7650 7650 7650 7650 7650 7650 7650 7650 7650 7650 7650 7650 7650 7650 7650 7650 7650 7650 7650 7650 7650 7650 7650 7650 7650 7650 7650 7650 7650 7650 7650 7650 7650 7650 7650 7650 7650 7650 7650 7650 7650 7650 7650 7650 7650 7650 7650 7650 7650 7650 7650 7650 7650 7650 7650 7650 7650 7650 7650 7650 7650 7650 7650 7650 7650 7650 7650 7650 7650 7650 7650 7650 7650
1 1
99 99
