99 99 51425788
2047 2047 2047 2047 2047 2047 2047 2047 2047 2047 2047 2047 2047 2047 2047 2047 2047 2047 2047 2047 2047 2047 2047 2047 2047 2047 2047 2047 2047 2047 2047 2047 2047 2047 2047 2047 2047 2047 2047 2047 2047 2047 2047 2047 2047 2047 2047 2047 2047 2047 2047 2047 2047 2047 2047 2047 2047 2047 2047 2047 2047 2047 2047 2047 2047 2047 2047 2047 2047 2047 2047 2047 2047 2047 2047 2047 2047 2047 2047 2047 2047 2047 2047 2047 2047 2047 2047 2047 2047 2047 2047 2047 2047 2047 2047 2047 2047 2047 2047
2047 -1 -1 -1 -1 -1 -1 -1 -1 -1 -1 -1 -1 -1 -1 -1 -1 -1 -1 -1 -1 -1 -1 -1 -1 -1 -1 -1 -1 -1 -1 -1 -1 -1 -1 -1 -1 -1 -1 -1 -1 -1 -1 -1 -1 -1 -1 -1 -1 -1 -1 -1 -1 -1 -1 -1 -1 -1 -1 -1 -1 -1 -1 -1 -1 -1 -1 -1 -1 -1 -1 -1 -1 -1 -1 -1 -1 -1 -1 -1 -1 -1 -1 -1 -1 -1 -1 -1 -1 -1 -1 -1 -1 -1 -1 -1 -1 -1 2047
2047 2047 2047 2047 2047 2047 2047 2047 2047 2047 2047 2047 2047 2047 2047 2047 2047 2047 2047 2047 2047 2047 2047 2047 2047 2047 2047 2047 2047 2047 2047 2047 2047 2047 2047 2047 2047 2047 2047 2047 2047 2047 2047 2047 2047 2047 2047 2047 2047 2047 2047 2047 2047 2047 2047 2047 2047 2047 2047 2047 2047 2047 2047 2047 2047 2047 2047 2047 2047 2047 2047 2047 2047 2047 2047 2047 2047 2047 2047 2047 2047 2047 2047 2047 2047 2047 2047 2047 2047 2047 2047 2047 2047 2047 2047 2047 2047 2047 2047
-1 -1 -1 -1 -1 -1 -1 -1 -1 -1 -1 -1 -1 -1 -1 -1 -1 -1 -1 -1 -1 -1 -1 -1 -1 -1 -1 -1 -1 -1 -1 -1 -1 -1 -1 -1 -1 -1 -1 -1 -1 -1 -1 -1 -1 -1 -1 -1 -1 -1 -1 -1 -1 -1 -1 -1 -1 -1 -1 -1 -1 -1 -1 -1 -1 -1 -1 -1 -1 -1 -1 -1 -1 -1 -1 -1 -1 2047 -1 -1 -1 -1 -1 -1 -1 -1 -1 -1 -1 -1 -1 -1 -1 -1 -1 -1 -1 -1 -1
2047 2047 2047 2047 2047 2047 2047 2047 2047 2047 2047 2047 2047 2047 2047 2047 2047 2047 2047 2047 2047 2047 2047 2047 2047 2047 2047 2047 2047 2047 2047 2047 2047 2047 2047 2047 2047 2047 2047 2047 2047 2047 2047 2047 2047 2047 2047 2047 2047 2047 2047 2047 2047 2047 2047 2047 2047 2047 2047 2047 2047 2047 2047 2047 2047 2047 2047 2047 2047 2047 2047 2047 2047 2047 2047 2047 2047 2047 2047 2047 2047 2047 2047 2047 2047 2047 2047 2047 2047 2047 2047 2047 2047 2047 2047 2047 2047 2047 2047
2047 -1 -1 -1 -1 -1 -1 -1 -1 -1 -1 -1 -1 -1 -1 -1 -1 -1 -1 -1 -1 -1 -1 -1 -1 -1 -1 -1 -1 -1 -1 -1 -1 -1 -1 -1 -1 -1 -1 -1 -1 -1 -1 -1 -1 -1 -1 -1 -1 -1 -1 -1 -1 -1 -1 -1 -1 -1 -1 -1 -1 -1 -1 -1 -1 -1 -1 -1 -1 -1 -1 -1 -1 -1 -1 -1 -1 -1 -1 -1 -1 -1 -1 -1 -1 -1 -1 -1 -1 -1 -1 -1 -1 -1 -1 -1 -1 -1 2047
2047 2047 2047 2047 2047 2047 2047 2047 2047 2047 2047 2047 2047 2047 2047 2047 2047 2047 2047 2047 2047 2047 2047 2047 2047 2047 2047 2047 2047 2047 2047 2047 2047 2047 2047 2047 2047 2047 2047 2047 2047 2047 2047 2047 2047 2047 2047 2047 2047 2047 2047 2047 2047 2047 2047 2047 2047 2047 2047 2047 2047 2047 2047 2047 2047 2047 2047 2047 2047 2047 2047 2047 2047 2047 2047 2047 2047 2047 2047 2047 2047 2047 2047 2047 2047 2047 2047 2047 2047 2047 2047 2047 2047 2047 2047 2047 2047 2047 2047
-1 -1 -1 -1 -1 -1 -1 -1 -1 -1 -1 -1 -1 -1 -1 -1 -1 -1 -1 -1 -1 -1 -1 -1 -1 -1 -1 -1 -1 -1 -1 -1 -1 -1 -1 -1 -1 -1 -1 -1 -1 -1 -1 -1 -1 -1 -1 -1 -1 -1 -1 -1 -1 -1 -1 -1 -1 -1 -1 -1 -1 -1 -1 -1 -1 -1 -1 -1 -1 -1 -1 -1 -1 -1 -1 -1 2047 -1 -1 -1 -1 -1 -1 -1 -1 -1 -1 -1 -1 -1 -1 -1 -1 -1 -1 -1 -1 -1 -1
2047 2047 2047 2047 2047 2047 2047 2047 2047 2047 2047 2047 2047 2047 2047 2047 2047 2047 2047 2047 2047 2047 2047 2047 2047 2047 2047 2047 2047 2047 2047 2047 2047 2047 2047 2047 2047 2047 2047 2047 2047 2047 2047 2047 2047 2047 2047 2047 2047 2047 2047 2047 2047 2047 2047 2047 2047 2047 2047 2047 2047 2047 2047 2047 2047 2047 2047 2047 2047 2047 2047 2047 2047 2047 2047 2047 2047 2047 2047 2047 2047 2047 2047 2047 2047 2047 2047 2047 2047 2047 2047 2047 2047 2047 2047 2047 2047 2047 2047
2047 -1 -1 -1 -1 -1 -1 -1 -1 -1 -1 -1 -1 -1 -1 -1 -1 -1 -1 -1 -1 -1 -1 -1 -1 -1 -1 -1 -1 -1 -1 -1 -1 -1 -1 -1 -1 -1 -1 -1 -1 -1 -1 -1 -1 -1 -1 -1 -1 -1 -1 -1 -1 -1 -1 -1 -1 -1 -1 -1 -1 -1 -1 -1 -1 -1 -1 -1 -1 -1 -1 -1 -1 -1 -1 -1 -1 -1 -1 -1 -1 -1 -1 -1 -1 -1 -1 -1 -1 -1 -1 -1 -1 -1 -1 -1 -1 -1 2047
2047 2047 2047 2047 2047 2047 2047 2047 2047 2047 2047 2047 2047 2047 2047 2047 2047 2047 2047 2047 2047 2047 2047 2047 2047 2047 2047 2047 2047 2047 2047 2047 2047 2047 2047 2047 2047 2047 2047 2047 2047 2047 2047 2047 2047 2047 2047 2047 2047 2047 2047 2047 2047 2047 2047 2047 2047 2047 2047 2047 2047 2047 2047 2047 2047 2047 2047 2047 2047 2047 2047 2047 2047 2047 2047 2047 2047 2047 2047 2047 2047 2047 2047 2047 2047 2047 2047 2047 2047 2047 2047 2047 2047 2047 2047 2047 2047 2047 2047
-1 -1 -1 -1 -1 -1 -1 -1 -1 -1 -1 -1 -1 -1 -1 -1 -1 -1 -1 -1 -1 -1 -1 -1 -1 -1 -1 -1 -1 -1 -1 -1 -1 -1 -1 -1 -1 -1 -1 -1 -1 -1 -1 -1 -1 -1 -1 -1 -1 -1 -1 -1 -1 -1 -1 -1 -1 -1 -1 -1 -1 -1 -1 -1 -1 -1 -1 -1 -1 -1 -1 -1 -1 -1 -1 -1 -1 -1 -1 -1 -1 -1 -1 -1 -1 -1 -1 -1 -1 -1 -1 -1 -1 -1 -1 -1 2047 -1 -1
2047 2047 2047 2047 2047 2047 2047 2047 2047 2047 2047 2047 2047 2047 2047 2047 2047 2047 2047 2047 2047 2047 2047 2047 2047 2047 2047 2047 2047 2047 2047 2047 2047 2047 2047 2047 2047 2047 2047 2047 2047 2047 2047 2047 2047 2047 2047 2047 2047 2047 2047 2047 2047 2047 2047 2047 2047 2047 2047 2047 2047 2047 2047 2047 2047 2047 2047 2047 2047 2047 2047 2047 2047 2047 2047 2047 2047 2047 2047 2047 2047 2047 2047 2047 2047 2047 2047 2047 2047 2047 2047 2047 2047 2047 2047 2047 2047 2047 2047
2047 -1 -1 -1 -1 -1 -1 -1 -1 -1 -1 -1 -1 -1 -1 -1 -1 -1 -1 -1 -1 -1 -1 -1 -1 -1 -1 -1 -1 -1 -1 -1 -1 -1 -1 -1 -1 -1 -1 -1 -1 -1 -1 -1 -1 -1 -1 -1 -1 -1 -1 -1 -1 -1 -1 -1 -1 -1 -1 -1 -1 -1 -1 -1 -1 -1 -1 -1 -1 -1 -1 -1 -1 -1 -1 -1 -1 -1 -1 -1 -1 -1 -1 -1 -1 -1 -1 -1 -1 -1 -1 -1 -1 -1 -1 -1 -1 -1 2047
2047 2047 2047 2047 2047 2047 2047 2047 2047 2047 2047 2047 2047 2047 2047 2047 2047 2047 2047 2047 2047 2047 2047 2047 2047 2047 2047 2047 2047 2047 2047 2047 2047 2047 2047 2047 2047 2047 2047 2047 2047 2047 2047 2047 2047 2047 2047 2047 2047 2047 2047 2047 2047 2047 2047 2047 2047 2047 2047 2047 2047 2047 2047 2047 2047 2047 2047 2047 2047 2047 2047 2047 2047 2047 2047 2047 2047 2047 2047 2047 2047 2047 2047 2047 2047 2047 2047 2047 2047 2047 2047 2047 2047 2047 2047 2047 2047 2047 2047
-1 -1 -1 -1 -1 -1 -1 -1 -1 -1 -1 -1 -1 -1 -1 -1 -1 -1 2047 -1 -1 -1 -1 -1 -1 -1 -1 -1 -1 -1 -1 -1 -1 -1 -1 -1 -1 -1 -1 -1 -1 -1 -1 -1 -1 -1 -1 -1 -1 -1 -1 -1 -1 -1 -1 -1 -1 -1 -1 -1 -1 -1 -1 -1 -1 -1 -1 -1 -1 -1 -1 -1 -1 -1 -1 -1 -1 -1 -1 -1 -1 -1 -1 -1 -1 -1 -1 -1 -1 -1 -1 -1 -1 -1 -1 -1 -1 -1 -1
2047 2047 2047 2047 2047 2047 2047 2047 2047 2047 2047 2047 2047 2047 2047 2047 2047 2047 2047 2047 2047 2047 2047 2047 2047 2047 2047 2047 2047 2047 2047 2047 2047 2047 2047 2047 2047 2047 2047 2047 2047 2047 2047 2047 2047 2047 2047 2047 2047 2047 2047 2047 2047 2047 2047 2047 2047 2047 2047 2047 2047 2047 2047 2047 2047 2047 2047 2047 2047 2047 2047 2047 2047 2047 2047 2047 2047 2047 2047 2047 2047 2047 2047 2047 2047 2047 2047 2047 2047 2047 2047 2047 2047 2047 2047 2047 2047 2047 2047
2047 -1 -1 -1 -1 -1 -1 -1 -1 -1 -1 -1 -1 -1 -1 -1 -1 -1 -1 -1 -1 -1 -1 -1 -1 -1 -1 -1 -1 -1 -1 -1 -1 -1 -1 -1 -1 -1 -1 -1 -1 -1 -1 -1 -1 -1 -1 -1 -1 -1 -1 -1 -1 -1 -1 -1 -1 -1 -1 -1 -1 -1 -1 -1 -1 -1 -1 -1 -1 -1 -1 -1 -1 -1 -1 -1 -1 -1 -1 -1 -1 -1 -1 -1 -1 -1 -1 -1 -1 -1 -1 -1 -1 -1 -1 -1 -1 -1 2047
2047 2047 2047 2047 2047 2047 2047 2047 2047 2047 2047 2047 2047 2047 2047 2047 2047 2047 2047 2047 2047 2047 2047 2047 2047 2047 2047 2047 2047 2047 2047 2047 2047 2047 2047 2047 2047 2047 2047 2047 2047 2047 2047 2047 2047 2047 2047 2047 2047 2047 2047 2047 2047 2047 2047 2047 2047 2047 2047 2047 2047 2047 2047 2047 2047 2047 2047 2047 2047 2047 2047 2047 2047 2047 2047 2047 2047 2047 2047 2047 2047 2047 2047 2047 2047 2047 2047 2047 2047 2047 2047 2047 2047 2047 2047 2047 2047 2047 2047
-1 -1 -1 -1 -1 -1 -1 -1 -1 -1 -1 -1 -1 -1 -1 -1 -1 -1 -1 -1 -1 -1 -1 -1 -1 -1 -1 -1 -1 -1 -1 -1 -1 -1 -1 -1 -1 -1 -1 -1 -1 -1 -1 -1 -1 -1 -1 -1 -1 -1 -1 -1 -1 -1 -1 -1 -1 -1 -1 -1 -1 -1 -1 -1 -1 2047 -1 -1 -1 -1 -1 -1 -1 -1 -1 -1 -1 -1 -1 -1 -1 -1 -1 -1 -1 -1 -1 -1 -1 -1 -1 -1 -1 -1 -1 -1 -1 -1 -1
2047 2047 2047 2047 2047 2047 2047 2047 2047 2047 2047 2047 2047 2047 2047 2047 2047 2047 2047 2047 2047 2047 2047 2047 2047 2047 2047 2047 2047 2047 2047 2047 2047 2047 2047 2047 2047 2047 2047 2047 2047 2047 2047 2047 2047 2047 2047 2047 2047 2047 2047 2047 2047 2047 2047 2047 2047 2047 2047 2047 2047 2047 2047 2047 2047 2047 2047 2047 2047 2047 2047 2047 2047 2047 2047 2047 2047 2047 2047 2047 2047 2047 2047 2047 2047 2047 2047 2047 2047 2047 2047 2047 2047 2047 2047 2047 2047 2047 2047
2047 -1 -1 -1 -1 -1 -1 -1 -1 -1 -1 -1 -1 -1 -1 -1 -1 -1 -1 -1 -1 -1 -1 -1 -1 -1 -1 -1 -1 -1 -1 -1 -1 -1 -1 -1 -1 -1 -1 -1 -1 -1 -1 -1 -1 -1 -1 -1 -1 -1 -1 -1 -1 -1 -1 -1 -1 -1 -1 -1 -1 -1 -1 -1 -1 -1 -1 -1 -1 -1 -1 -1 -1 -1 -1 -1 -1 -1 -1 -1 -1 -1 -1 -1 -1 -1 -1 -1 -1 -1 -1 -1 -1 -1 -1 -1 -1 -1 2047
2047 2047 2047 2047 2047 2047 2047 2047 2047 2047 2047 2047 2047 2047 2047 2047 2047 2047 2047 2047 2047 2047 2047 2047 2047 2047 2047 2047 2047 2047 2047 2047 2047 2047 2047 2047 2047 2047 2047 2047 2047 2047 2047 2047 2047 2047 2047 2047 2047 2047 2047 2047 2047 2047 2047 2047 2047 2047 2047 2047 2047 2047 2047 2047 2047 2047 2047 2047 2047 2047 2047 2047 2047 2047 2047 2047 2047 2047 2047 2047 2047 2047 2047 2047 2047 2047 2047 2047 2047 2047 2047 2047 2047 2047 2047 2047 2047 2047 2047
-1 -1 -1 -1 -1 -1 -1 -1 -1 -1 -1 -1 -1 -1 -1 -1 -1 -1 -1 -1 -1 -1 -1 -1 -1 -1 -1 -1 -1 -1 -1 -1 2047 -1 -1 -1 -1 -1 -1 -1 -1 -1 -1 -1 -1 -1 -1 -1 -1 -1 -1 -1 -1 -1 -1 -1 -1 -1 -1 -1 -1 -1 -1 -1 -1 -1 -1 -1 -1 -1 -1 -1 -1 -1 -1 -1 -1 -1 -1 -1 -1 -1 -1 -1 -1 -1 -1 -1 -1 -1 -1 -1 -1 -1 -1 -1 -1 -1 -1
2047 2047 2047 2047 2047 2047 2047 2047 2047 2047 2047 2047 2047 2047 2047 2047 2047 2047 2047 2047 2047 2047 2047 2047 2047 2047 2047 2047 2047 2047 2047 2047 2047 2047 2047 2047 2047 2047 2047 2047 2047 2047 2047 2047 2047 2047 2047 2047 2047 2047 2047 2047 2047 2047 2047 2047 2047 2047 2047 2047 2047 2047 2047 2047 2047 2047 2047 2047 2047 2047 2047 2047 2047 2047 2047 2047 2047 2047 2047 2047 2047 2047 2047 2047 2047 2047 2047 2047 2047 2047 2047 2047 2047 2047 2047 2047 2047 2047 2047
2047 -1 -1 -1 -1 -1 -1 -1 -1 -1 -1 -1 -1 -1 -1 -1 -1 -1 -1 -1 -1 -1 -1 -1 -1 -1 -1 -1 -1 -1 -1 -1 -1 -1 -1 -1 -1 -1 -1 -1 -1 -1 -1 -1 -1 -1 -1 -1 -1 -1 -1 -1 -1 -1 -1 -1 -1 -1 -1 -1 -1 -1 -1 -1 -1 -1 -1 -1 -1 -1 -1 -1 -1 -1 -1 -1 -1 -1 -1 -1 -1 -1 -1 -1 -1 -1 -1 -1 -1 -1 -1 -1 -1 -1 -1 -1 -1 -1 2047
2047 2047 2047 2047 2047 2047 2047 2047 2047 2047 2047 2047 2047 2047 2047 2047 2047 2047 2047 2047 2047 2047 2047 2047 2047 2047 2047 2047 2047 2047 2047 2047 2047 2047 2047 2047 2047 2047 2047 2047 2047 2047 2047 2047 2047 2047 2047 2047 2047 2047 2047 2047 2047 2047 2047 2047 2047 2047 2047 2047 2047 2047 2047 2047 2047 2047 2047 2047 2047 2047 2047 2047 2047 2047 2047 2047 2047 2047 2047 2047 2047 2047 2047 2047 2047 2047 2047 2047 2047 2047 2047 2047 2047 2047 2047 2047 2047 2047 2047
-1 -1 -1 -1 -1 -1 -1 -1 2047 -1 -1 -1 -1 -1 -1 -1 -1 -1 -1 -1 -1 -1 -1 -1 -1 -1 -1 -1 -1 -1 -1 -1 -1 -1 -1 -1 -1 -1 -1 -1 -1 -1 -1 -1 -1 -1 -1 -1 -1 -1 -1 -1 -1 -1 -1 -1 -1 -1 -1 -1 -1 -1 -1 -1 -1 -1 -1 -1 -1 -1 -1 -1 -1 -1 -1 -1 -1 -1 -1 -1 -1 -1 -1 -1 -1 -1 -1 -1 -1 -1 -1 -1 -1 -1 -1 -1 -1 -1 -1
2047 2047 2047 2047 2047 2047 2047 2047 2047 2047 2047 2047 2047 2047 2047 2047 2047 2047 2047 2047 2047 2047 2047 2047 2047 2047 2047 2047 2047 2047 2047 2047 2047 2047 2047 2047 2047 2047 2047 2047 2047 2047 2047 2047 2047 2047 2047 2047 2047 2047 2047 2047 2047 2047 2047 2047 2047 2047 2047 2047 2047 2047 2047 2047 2047 2047 2047 2047 2047 2047 2047 2047 2047 2047 2047 2047 2047 2047 2047 2047 2047 2047 2047 2047 2047 2047 2047 2047 2047 2047 2047 2047 2047 2047 2047 2047 2047 2047 2047
2047 -1 -1 -1 -1 -1 -1 -1 -1 -1 -1 -1 -1 -1 -1 -1 -1 -1 -1 -1 -1 -1 -1 -1 -1 -1 -1 -1 -1 -1 -1 -1 -1 -1 -1 -1 -1 -1 -1 -1 -1 -1 -1 -1 -1 -1 -1 -1 -1 -1 -1 -1 -1 -1 -1 -1 -1 -1 -1 -1 -1 -1 -1 -1 -1 -1 -1 -1 -1 -1 -1 -1 -1 -1 -1 -1 -1 -1 -1 -1 -1 -1 -1 -1 -1 -1 -1 -1 -1 -1 -1 -1 -1 -1 -1 -1 -1 -1 2047
2047 2047 2047 2047 2047 2047 2047 2047 2047 2047 2047 2047 2047 2047 2047 2047 2047 2047 2047 2047 2047 2047 2047 2047 2047 2047 2047 2047 2047 2047 2047 2047 2047 2047 2047 2047 2047 2047 2047 2047 2047 2047 2047 2047 2047 2047 2047 2047 2047 2047 2047 2047 2047 2047 2047 2047 2047 2047 2047 2047 2047 2047 2047 2047 2047 2047 2047 2047 2047 2047 2047 2047 2047 2047 2047 2047 2047 2047 2047 2047 2047 2047 2047 2047 2047 2047 2047 2047 2047 2047 2047 2047 2047 2047 2047 2047 2047 2047 2047
-1 -1 -1 -1 -1 -1 -1 -1 -1 -1 -1 -1 -1 -1 -1 -1 -1 -1 -1 -1 -1 -1 -1 -1 -1 -1 -1 -1 -1 -1 -1 -1 -1 -1 -1 -1 -1 -1 -1 -1 -1 -1 -1 -1 -1 -1 -1 -1 -1 -1 -1 -1 -1 -1 -1 -1 -1 -1 -1 -1 -1 -1 -1 -1 -1 -1 -1 -1 -1 -1 -1 -1 -1 -1 -1 -1 -1 -1 -1 -1 -1 2047 -1 -1 -1 -1 -1 -1 -1 -1 -1 -1 -1 -1 -1 -1 -1 -1 -1
2047 2047 2047 2047 2047 2047 2047 2047 2047 2047 2047 2047 2047 2047 2047 2047 2047 2047 2047 2047 2047 2047 2047 2047 2047 2047 2047 2047 2047 2047 2047 2047 2047 2047 2047 2047 2047 2047 2047 2047 2047 2047 2047 2047 2047 2047 2047 2047 2047 2047 2047 2047 2047 2047 2047 2047 2047 2047 2047 2047 2047 2047 2047 2047 2047 2047 2047 2047 2047 2047 2047 2047 2047 2047 2047 2047 2047 2047 2047 2047 2047 2047 2047 2047 2047 2047 2047 2047 2047 2047 2047 2047 2047 2047 2047 2047 2047 2047 2047
2047 -1 -1 -1 -1 -1 -1 -1 -1 -1 -1 -1 -1 -1 -1 -1 -1 -1 -1 -1 -1 -1 -1 -1 -1 -1 -1 -1 -1 -1 -1 -1 -1 -1 -1 -1 -1 -1 -1 -1 -1 -1 -1 -1 -1 -1 -1 -1 -1 -1 -1 -1 -1 -1 -1 -1 -1 -1 -1 -1 -1 -1 -1 -1 -1 -1 -1 -1 -1 -1 -1 -1 -1 -1 -1 -1 -1 -1 -1 -1 -1 -1 -1 -1 -1 -1 -1 -1 -1 -1 -1 -1 -1 -1 -1 -1 -1 -1 2047
2047 2047 2047 2047 2047 2047 2047 2047 2047 2047 2047 2047 2047 2047 2047 2047 2047 2047 2047 2047 2047 2047 2047 2047 2047 2047 2047 2047 2047 2047 2047 2047 2047 2047 2047 2047 2047 2047 2047 2047 2047 2047 2047 2047 2047 2047 2047 2047 2047 2047 2047 2047 2047 2047 2047 2047 2047 2047 2047 2047 2047 2047 2047 2047 2047 2047 2047 2047 2047 2047 2047 2047 2047 2047 2047 2047 2047 2047 2047 2047 2047 2047 2047 2047 2047 2047 2047 2047 2047 2047 2047 2047 2047 2047 2047 2047 2047 2047 2047
-1 -1 -1 -1 -1 -1 -1 -1 -1 -1 -1 -1 -1 -1 -1 -1 -1 -1 -1 -1 -1 -1 -1 -1 -1 -1 -1 -1 -1 -1 -1 -1 -1 -1 -1 -1 -1 -1 -1 -1 -1 -1 -1 -1 -1 -1 -1 -1 -1 -1 -1 -1 -1 2047 -1 -1 -1 -1 -1 -1 -1 -1 -1 -1 -1 -1 -1 -1 -1 -1 -1 -1 -1 -1 -1 -1 -1 -1 -1 -1 -1 -1 -1 -1 -1 -1 -1 -1 -1 -1 -1 -1 -1 -1 -1 -1 -1 -1 -1
2047 2047 2047 2047 2047 2047 2047 2047 2047 2047 2047 2047 2047 2047 2047 2047 2047 2047 2047 2047 2047 2047 2047 2047 2047 2047 2047 2047 2047 2047 2047 2047 2047 2047 2047 2047 2047 2047 2047 2047 2047 2047 2047 2047 2047 2047 2047 2047 2047 2047 2047 2047 2047 2047 2047 2047 2047 2047 2047 2047 2047 2047 2047 2047 2047 2047 2047 2047 2047 2047 2047 2047 2047 2047 2047 2047 2047 2047 2047 2047 2047 2047 2047 2047 2047 2047 2047 2047 2047 2047 2047 2047 2047 2047 2047 2047 2047 2047 2047
2047 -1 -1 -1 -1 -1 -1 -1 -1 -1 -1 -1 -1 -1 -1 -1 -1 -1 -1 -1 -1 -1 -1 -1 -1 -1 -1 -1 -1 -1 -1 -1 -1 -1 -1 -1 -1 -1 -1 -1 -1 -1 -1 -1 -1 -1 -1 -1 -1 -1 -1 -1 -1 -1 -1 -1 -1 -1 -1 -1 -1 -1 -1 -1 -1 -1 -1 -1 -1 -1 -1 -1 -1 -1 -1 -1 -1 -1 -1 -1 -1 -1 -1 -1 -1 -1 -1 -1 -1 -1 -1 -1 -1 -1 -1 -1 -1 -1 2047
2047 2047 2047 2047 2047 2047 2047 2047 2047 2047 2047 2047 2047 2047 2047 2047 2047 2047 2047 2047 2047 2047 2047 2047 2047 2047 2047 2047 2047 2047 2047 2047 2047 2047 2047 2047 2047 2047 2047 2047 2047 2047 2047 2047 2047 2047 2047 2047 2047 2047 2047 2047 2047 2047 2047 2047 2047 2047 2047 2047 2047 2047 2047 2047 2047 2047 2047 2047 2047 2047 2047 2047 2047 2047 2047 2047 2047 2047 2047 2047 2047 2047 2047 2047 2047 2047 2047 2047 2047 2047 2047 2047 2047 2047 2047 2047 2047 2047 2047
-1 -1 -1 -1 -1 -1 -1 -1 -1 -1 -1 -1 -1 -1 -1 -1 -1 -1 -1 -1 -1 -1 -1 -1 -1 -1 -1 -1 -1 -1 -1 -1 -1 -1 -1 -1 -1 -1 -1 -1 -1 -1 -1 -1 -1 -1 -1 -1 -1 -1 -1 -1 -1 -1 -1 -1 -1 -1 -1 -1 -1 -1 -1 -1 -1 -1 -1 -1 -1 -1 -1 -1 -1 -1 2047 -1 -1 -1 -1 -1 -1 -1 -1 -1 -1 -1 -1 -1 -1 -1 -1 -1 -1 -1 -1 -1 -1 -1 -1
2047 2047 2047 2047 2047 2047 2047 2047 2047 2047 2047 2047 2047 2047 2047 2047 2047 2047 2047 2047 2047 2047 2047 2047 2047 2047 2047 2047 2047 2047 2047 2047 2047 2047 2047 2047 2047 2047 2047 2047 2047 2047 2047 2047 2047 2047 2047 2047 2047 2047 2047 2047 2047 2047 2047 2047 2047 2047 2047 2047 2047 2047 2047 2047 2047 2047 2047 2047 2047 2047 2047 2047 2047 2047 2047 2047 2047 2047 2047 2047 2047 2047 2047 2047 2047 2047 2047 2047 2047 2047 2047 2047 2047 2047 2047 2047 2047 2047 2047
2047 -1 -1 -1 -1 -1 -1 -1 -1 -1 -1 -1 -1 -1 -1 -1 -1 -1 -1 -1 -1 -1 -1 -1 -1 -1 -1 -1 -1 -1 -1 -1 -1 -1 -1 -1 -1 -1 -1 -1 -1 -1 -1 -1 -1 -1 -1 -1 -1 -1 -1 -1 -1 -1 -1 -1 -1 -1 -1 -1 -1 -1 -1 -1 -1 -1 -1 -1 -1 -1 -1 -1 -1 -1 -1 -1 -1 -1 -1 -1 -1 -1 -1 -1 -1 -1 -1 -1 -1 -1 -1 -1 -1 -1 -1 -1 -1 -1 2047
2047 2047 2047 2047 2047 2047 2047 2047 2047 2047 2047 2047 2047 2047 2047 2047 2047 2047 2047 2047 2047 2047 2047 2047 2047 2047 2047 2047 2047 2047 2047 2047 2047 2047 2047 2047 2047 2047 2047 2047 2047 2047 2047 2047 2047 2047 2047 2047 2047 2047 2047 2047 2047 2047 2047 2047 2047 2047 2047 2047 2047 2047 2047 2047 2047 2047 2047 2047 2047 2047 2047 2047 2047 2047 2047 2047 2047 2047 2047 2047 2047 2047 2047 2047 2047 2047 2047 2047 2047 2047 2047 2047 2047 2047 2047 2047 2047 2047 2047
-1 -1 -1 -1 -1 -1 -1 -1 -1 -1 -1 -1 -1 -1 -1 -1 -1 -1 -1 -1 -1 -1 -1 -1 -1 -1 -1 -1 -1 -1 -1 -1 -1 -1 -1 -1 -1 -1 -1 -1 -1 -1 -1 -1 -1 -1 -1 -1 -1 -1 -1 -1 -1 -1 -1 -1 -1 -1 -1 -1 -1 2047 -1 -1 -1 -1 -1 -1 -1 -1 -1 -1 -1 -1 -1 -1 -1 -1 -1 -1 -1 -1 -1 -1 -1 -1 -1 -1 -1 -1 -1 -1 -1 -1 -1 -1 -1 -1 -1
2047 2047 2047 2047 2047 2047 2047 2047 2047 2047 2047 2047 2047 2047 2047 2047 2047 2047 2047 2047 2047 2047 2047 2047 2047 2047 2047 2047 2047 2047 2047 2047 2047 2047 2047 2047 2047 2047 2047 2047 2047 2047 2047 2047 2047 2047 2047 2047 2047 2047 2047 2047 2047 2047 2047 2047 2047 2047 2047 2047 2047 2047 2047 2047 2047 2047 2047 2047 2047 2047 2047 2047 2047 2047 2047 2047 2047 2047 2047 2047 2047 2047 2047 2047 2047 2047 2047 2047 2047 2047 2047 2047 2047 2047 2047 2047 2047 2047 2047
2047 -1 -1 -1 -1 -1 -1 -1 -1 -1 -1 -1 -1 -1 -1 -1 -1 -1 -1 -1 -1 -1 -1 -1 -1 -1 -1 -1 -1 -1 -1 -1 -1 -1 -1 -1 -1 -1 -1 -1 -1 -1 -1 -1 -1 -1 -1 -1 -1 -1 -1 -1 -1 -1 -1 -1 -1 -1 -1 -1 -1 -1 -1 -1 -1 -1 -1 -1 -1 -1 -1 -1 -1 -1 -1 -1 -1 -1 -1 -1 -1 -1 -1 -1 -1 -1 -1 -1 -1 -1 -1 -1 -1 -1 -1 -1 -1 -1 2047
2047 2047 2047 2047 2047 2047 2047 2047 2047 2047 2047 2047 2047 2047 2047 2047 2047 2047 2047 2047 2047 2047 2047 2047 2047 2047 2047 2047 2047 2047 2047 2047 2047 2047 2047 2047 2047 2047 2047 2047 2047 2047 2047 2047 2047 2047 2047 2047 2047 2047 2047 2047 2047 2047 2047 2047 2047 2047 2047 2047 2047 2047 2047 2047 2047 2047 2047 2047 2047 2047 2047 2047 2047 2047 2047 2047 2047 2047 2047 2047 2047 2047 2047 2047 2047 2047 2047 2047 2047 2047 2047 2047 2047 2047 2047 2047 2047 2047 2047
-1 -1 -1 -1 -1 -1 -1 -1 -1 -1 -1 -1 -1 -1 -1 -1 -1 -1 -1 -1 -1 -1 -1 -1 -1 -1 -1 -1 -1 2047 -1 -1 -1 -1 -1 -1 -1 -1 -1 -1 -1 -1 -1 -1 -1 -1 -1 -1 -1 -1 -1 -1 -1 -1 -1 -1 -1 -1 -1 -1 -1 -1 -1 -1 -1 -1 -1 -1 -1 -1 -1 -1 -1 -1 -1 -1 -1 -1 -1 -1 -1 -1 -1 -1 -1 -1 -1 -1 -1 -1 -1 -1 -1 -1 -1 -1 -1 -1 -1
2047 2047 2047 2047 2047 2047 2047 2047 2047 2047 2047 2047 2047 2047 2047 2047 2047 2047 2047 2047 2047 2047 2047 2047 2047 2047 2047 2047 2047 2047 2047 2047 2047 2047 2047 2047 2047 2047 2047 2047 2047 2047 2047 2047 2047 2047 2047 2047 2047 2047 2047 2047 2047 2047 2047 2047 2047 2047 2047 2047 2047 2047 2047 2047 2047 2047 2047 2047 2047 2047 2047 2047 2047 2047 2047 2047 2047 2047 2047 2047 2047 2047 2047 2047 2047 2047 2047 2047 2047 2047 2047 2047 2047 2047 2047 2047 2047 2047 2047
2047 -1 -1 -1 -1 -1 -1 -1 -1 -1 -1 -1 -1 -1 -1 -1 -1 -1 -1 -1 -1 -1 -1 -1 -1 -1 -1 -1 -1 -1 -1 -1 -1 -1 -1 -1 -1 -1 -1 -1 -1 -1 -1 -1 -1 -1 -1 -1 -1 -1 -1 -1 -1 -1 -1 -1 -1 -1 -1 -1 -1 -1 -1 -1 -1 -1 -1 -1 -1 -1 -1 -1 -1 -1 -1 -1 -1 -1 -1 -1 -1 -1 -1 -1 -1 -1 -1 -1 -1 -1 -1 -1 -1 -1 -1 -1 -1 -1 2047
2047 2047 2047 2047 2047 2047 2047 2047 2047 2047 2047 2047 2047 2047 2047 2047 2047 2047 2047 2047 2047 2047 2047 2047 2047 2047 2047 2047 2047 2047 2047 2047 2047 2047 2047 2047 2047 2047 2047 2047 2047 2047 2047 2047 2047 2047 2047 2047 2047 2047 2047 2047 2047 2047 2047 2047 2047 2047 2047 2047 2047 2047 2047 2047 2047 2047 2047 2047 2047 2047 2047 2047 2047 2047 2047 2047 2047 2047 2047 2047 2047 2047 2047 2047 2047 2047 2047 2047 2047 2047 2047 2047 2047 2047 2047 2047 2047 2047 2047
-1 -1 -1 -1 -1 -1 -1 -1 -1 -1 -1 -1 -1 -1 -1 -1 -1 -1 -1 -1 -1 -1 -1 -1 -1 -1 -1 -1 -1 -1 -1 -1 -1 -1 -1 -1 -1 -1 -1 -1 -1 -1 -1 -1 -1 -1 -1 -1 -1 -1 -1 -1 -1 -1 -1 -1 -1 -1 -1 -1 -1 -1 -1 -1 -1 -1 -1 -1 -1 -1 -1 -1 -1 -1 -1 -1 -1 -1 -1 -1 -1 -1 2047 -1 -1 -1 -1 -1 -1 -1 -1 -1 -1 -1 -1 -1 -1 -1 -1
2047 2047 2047 2047 2047 2047 2047 2047 2047 2047 2047 2047 2047 2047 2047 2047 2047 2047 2047 2047 2047 2047 2047 2047 2047 2047 2047 2047 2047 2047 2047 2047 2047 2047 2047 2047 2047 2047 2047 2047 2047 2047 2047 2047 2047 2047 2047 2047 2047 2047 2047 2047 2047 2047 2047 2047 2047 2047 2047 2047 2047 2047 2047 2047 2047 2047 2047 2047 2047 2047 2047 2047 2047 2047 2047 2047 2047 2047 2047 2047 2047 2047 2047 2047 2047 2047 2047 2047 2047 2047 2047 2047 2047 2047 2047 2047 2047 2047 2047
2047 -1 -1 -1 -1 -1 -1 -1 -1 -1 -1 -1 -1 -1 -1 -1 -1 -1 -1 -1 -1 -1 -1 -1 -1 -1 -1 -1 -1 -1 -1 -1 -1 -1 -1 -1 -1 -1 -1 -1 -1 -1 -1 -1 -1 -1 -1 -1 -1 -1 -1 -1 -1 -1 -1 -1 -1 -1 -1 -1 -1 -1 -1 -1 -1 -1 -1 -1 -1 -1 -1 -1 -1 -1 -1 -1 -1 -1 -1 -1 -1 -1 -1 -1 -1 -1 -1 -1 -1 -1 -1 -1 -1 -1 -1 -1 -1 -1 2047
2047 2047 2047 2047 2047 2047 2047 2047 2047 2047 2047 2047 2047 2047 2047 2047 2047 2047 2047 2047 2047 2047 2047 2047 2047 2047 2047 2047 2047 2047 2047 2047 2047 2047 2047 2047 2047 2047 2047 2047 2047 2047 2047 2047 2047 2047 2047 2047 2047 2047 2047 2047 2047 2047 2047 2047 2047 2047 2047 2047 2047 2047 2047 2047 2047 2047 2047 2047 2047 2047 2047 2047 2047 2047 2047 2047 2047 2047 2047 2047 2047 2047 2047 2047 2047 2047 2047 2047 2047 2047 2047 2047 2047 2047 2047 2047 2047 2047 2047
-1 -1 -1 -1 -1 -1 -1 -1 -1 -1 -1 -1 -1 -1 -1 -1 -1 -1 -1 -1 -1 -1 -1 -1 -1 -1 -1 -1 -1 -1 -1 -1 -1 -1 -1 -1 -1 -1 -1 -1 -1 -1 -1 -1 -1 -1 -1 -1 -1 -1 -1 -1 -1 -1 -1 -1 -1 -1 -1 -1 -1 -1 -1 -1 -1 -1 -1 -1 -1 -1 -1 -1 -1 -1 -1 -1 -1 -1 -1 -1 -1 -1 -1 -1 -1 -1 -1 -1 -1 -1 -1 -1 -1 -1 -1 -1 -1 2047 -1
2047 2047 2047 2047 2047 2047 2047 2047 2047 2047 2047 2047 2047 2047 2047 2047 2047 2047 2047 2047 2047 2047 2047 2047 2047 2047 2047 2047 2047 2047 2047 2047 2047 2047 2047 2047 2047 2047 2047 2047 2047 2047 2047 2047 2047 2047 2047 2047 2047 2047 2047 2047 2047 2047 2047 2047 2047 2047 2047 2047 2047 2047 2047 2047 2047 2047 2047 2047 2047 2047 2047 2047 2047 2047 2047 2047 2047 2047 2047 2047 2047 2047 2047 2047 2047 2047 2047 2047 2047 2047 2047 2047 2047 2047 2047 2047 2047 2047 2047
2047 -1 -1 -1 -1 -1 -1 -1 -1 -1 -1 -1 -1 -1 -1 -1 -1 -1 -1 -1 -1 -1 -1 -1 -1 -1 -1 -1 -1 -1 -1 -1 -1 -1 -1 -1 -1 -1 -1 -1 -1 -1 -1 -1 -1 -1 -1 -1 -1 -1 -1 -1 -1 -1 -1 -1 -1 -1 -1 -1 -1 -1 -1 -1 -1 -1 -1 -1 -1 -1 -1 -1 -1 -1 -1 -1 -1 -1 -1 -1 -1 -1 -1 -1 -1 -1 -1 -1 -1 -1 -1 -1 -1 -1 -1 -1 -1 -1 2047
2047 2047 2047 2047 2047 2047 2047 2047 2047 2047 2047 2047 2047 2047 2047 2047 2047 2047 2047 2047 2047 2047 2047 2047 2047 2047 2047 2047 2047 2047 2047 2047 2047 2047 2047 2047 2047 2047 2047 2047 2047 2047 2047 2047 2047 2047 2047 2047 2047 2047 2047 2047 2047 2047 2047 2047 2047 2047 2047 2047 2047 2047 2047 2047 2047 2047 2047 2047 2047 2047 2047 2047 2047 2047 2047 2047 2047 2047 2047 2047 2047 2047 2047 2047 2047 2047 2047 2047 2047 2047 2047 2047 2047 2047 2047 2047 2047 2047 2047
-1 -1 -1 -1 -1 -1 -1 -1 -1 -1 -1 -1 -1 -1 -1 2047 -1 -1 -1 -1 -1 -1 -1 -1 -1 -1 -1 -1 -1 -1 -1 -1 -1 -1 -1 -1 -1 -1 -1 -1 -1 -1 -1 -1 -1 -1 -1 -1 -1 -1 -1 -1 -1 -1 -1 -1 -1 -1 -1 -1 -1 -1 -1 -1 -1 -1 -1 -1 -1 -1 -1 -1 -1 -1 -1 -1 -1 -1 -1 -1 -1 -1 -1 -1 -1 -1 -1 -1 -1 -1 -1 -1 -1 -1 -1 -1 -1 -1 -1
2047 2047 2047 2047 2047 2047 2047 2047 2047 2047 2047 2047 2047 2047 2047 2047 2047 2047 2047 2047 2047 2047 2047 2047 2047 2047 2047 2047 2047 2047 2047 2047 2047 2047 2047 2047 2047 2047 2047 2047 2047 2047 2047 2047 2047 2047 2047 2047 2047 2047 2047 2047 2047 2047 2047 2047 2047 2047 2047 2047 2047 2047 2047 2047 2047 2047 2047 2047 2047 2047 2047 2047 2047 2047 2047 2047 2047 2047 2047 2047 2047 2047 2047 2047 2047 2047 2047 2047 2047 2047 2047 2047 2047 2047 2047 2047 2047 2047 2047
2047 -1 -1 -1 -1 -1 -1 -1 -1 -1 -1 -1 -1 -1 -1 -1 -1 -1 -1 -1 -1 -1 -1 -1 -1 -1 -1 -1 -1 -1 -1 -1 -1 -1 -1 -1 -1 -1 -1 -1 -1 -1 -1 -1 -1 -1 -1 -1 -1 -1 -1 -1 -1 -1 -1 -1 -1 -1 -1 -1 -1 -1 -1 -1 -1 -1 -1 -1 -1 -1 -1 -1 -1 -1 -1 -1 -1 -1 -1 -1 -1 -1 -1 -1 -1 -1 -1 -1 -1 -1 -1 -1 -1 -1 -1 -1 -1 -1 2047
2047 2047 2047 2047 2047 2047 2047 2047 2047 2047 2047 2047 2047 2047 2047 2047 2047 2047 2047 2047 2047 2047 2047 2047 2047 2047 2047 2047 2047 2047 2047 2047 2047 2047 2047 2047 2047 2047 2047 2047 2047 2047 2047 2047 2047 2047 2047 2047 2047 2047 2047 2047 2047 2047 2047 2047 2047 2047 2047 2047 2047 2047 2047 2047 2047 2047 2047 2047 2047 2047 2047 2047 2047 2047 2047 2047 2047 2047 2047 2047 2047 2047 2047 2047 2047 2047 2047 2047 2047 2047 2047 2047 2047 2047 2047 2047 2047 2047 2047
-1 -1 -1 -1 -1 -1 -1 -1 -1 -1 -1 -1 -1 -1 -1 -1 -1 -1 -1 -1 -1 -1 -1 -1 -1 -1 -1 -1 -1 -1 -1 -1 -1 -1 -1 -1 -1 -1 -1 -1 -1 -1 -1 -1 -1 -1 -1 -1 -1 -1 -1 -1 -1 -1 -1 -1 -1 -1 -1 -1 -1 -1 -1 -1 -1 -1 -1 -1 -1 -1 -1 -1 -1 -1 -1 -1 -1 -1 -1 -1 -1 -1 -1 -1 -1 -1 -1 -1 -1 2047 -1 -1 -1 -1 -1 -1 -1 -1 -1
2047 2047 2047 2047 2047 2047 2047 2047 2047 2047 2047 2047 2047 2047 2047 2047 2047 2047 2047 2047 2047 2047 2047 2047 2047 2047 2047 2047 2047 2047 2047 2047 2047 2047 2047 2047 2047 2047 2047 2047 2047 2047 2047 2047 2047 2047 2047 2047 2047 2047 2047 2047 2047 2047 2047 2047 2047 2047 2047 2047 2047 2047 2047 2047 2047 2047 2047 2047 2047 2047 2047 2047 2047 2047 2047 2047 2047 2047 2047 2047 2047 2047 2047 2047 2047 2047 2047 2047 2047 2047 2047 2047 2047 2047 2047 2047 2047 2047 2047
2047 -1 -1 -1 -1 -1 -1 -1 -1 -1 -1 -1 -1 -1 -1 -1 -1 -1 -1 -1 -1 -1 -1 -1 -1 -1 -1 -1 -1 -1 -1 -1 -1 -1 -1 -1 -1 -1 -1 -1 -1 -1 -1 -1 -1 -1 -1 -1 -1 -1 -1 -1 -1 -1 -1 -1 -1 -1 -1 -1 -1 -1 -1 -1 -1 -1 -1 -1 -1 -1 -1 -1 -1 -1 -1 -1 -1 -1 -1 -1 -1 -1 -1 -1 -1 -1 -1 -1 -1 -1 -1 -1 -1 -1 -1 -1 -1 -1 2047
2047 2047 2047 2047 2047 2047 2047 2047 2047 2047 2047 2047 2047 2047 2047 2047 2047 2047 2047 2047 2047 2047 2047 2047 2047 2047 2047 2047 2047 2047 2047 2047 2047 2047 2047 2047 2047 2047 2047 2047 2047 2047 2047 2047 2047 2047 2047 2047 2047 2047 2047 2047 2047 2047 2047 2047 2047 2047 2047 2047 2047 2047 2047 2047 2047 2047 2047 2047 2047 2047 2047 2047 2047 2047 2047 2047 2047 2047 2047 2047 2047 2047 2047 2047 2047 2047 2047 2047 2047 2047 2047 2047 2047 2047 2047 2047 2047 2047 2047
-1 -1 -1 -1 -1 -1 -1 -1 -1 -1 -1 -1 -1 -1 -1 -1 -1 -1 -1 -1 -1 -1 -1 -1 -1 -1 -1 -1 -1 -1 -1 -1 -1 -1 -1 -1 -1 -1 -1 -1 -1 -1 -1 -1 -1 -1 -1 -1 -1 -1 -1 -1 -1 -1 -1 -1 -1 -1 -1 -1 -1 -1 2047 -1 -1 -1 -1 -1 -1 -1 -1 -1 -1 -1 -1 -1 -1 -1 -1 -1 -1 -1 -1 -1 -1 -1 -1 -1 -1 -1 -1 -1 -1 -1 -1 -1 -1 -1 -1
2047 2047 2047 2047 2047 2047 2047 2047 2047 2047 2047 2047 2047 2047 2047 2047 2047 2047 2047 2047 2047 2047 2047 2047 2047 2047 2047 2047 2047 2047 2047 2047 2047 2047 2047 2047 2047 2047 2047 2047 2047 2047 2047 2047 2047 2047 2047 2047 2047 2047 2047 2047 2047 2047 2047 2047 2047 2047 2047 2047 2047 2047 2047 2047 2047 2047 2047 2047 2047 2047 2047 2047 2047 2047 2047 2047 2047 2047 2047 2047 2047 2047 2047 2047 2047 2047 2047 2047 2047 2047 2047 2047 2047 2047 2047 2047 2047 2047 2047
2047 -1 -1 -1 -1 -1 -1 -1 -1 -1 -1 -1 -1 -1 -1 -1 -1 -1 -1 -1 -1 -1 -1 -1 -1 -1 -1 -1 -1 -1 -1 -1 -1 -1 -1 -1 -1 -1 -1 -1 -1 -1 -1 -1 -1 -1 -1 -1 -1 -1 -1 -1 -1 -1 -1 -1 -1 -1 -1 -1 -1 -1 -1 -1 -1 -1 -1 -1 -1 -1 -1 -1 -1 -1 -1 -1 -1 -1 -1 -1 -1 -1 -1 -1 -1 -1 -1 -1 -1 -1 -1 -1 -1 -1 -1 -1 -1 -1 2047
2047 2047 2047 2047 2047 2047 2047 2047 2047 2047 2047 2047 2047 2047 2047 2047 2047 2047 2047 2047 2047 2047 2047 2047 2047 2047 2047 2047 2047 2047 2047 2047 2047 2047 2047 2047 2047 2047 2047 2047 2047 2047 2047 2047 2047 2047 2047 2047 2047 2047 2047 2047 2047 2047 2047 2047 2047 2047 2047 2047 2047 2047 2047 2047 2047 2047 2047 2047 2047 2047 2047 2047 2047 2047 2047 2047 2047 2047 2047 2047 2047 2047 2047 2047 2047 2047 2047 2047 2047 2047 2047 2047 2047 2047 2047 2047 2047 2047 2047
-1 -1 -1 -1 -1 -1 -1 -1 -1 -1 -1 -1 -1 -1 2047 -1 -1 -1 -1 -1 -1 -1 -1 -1 -1 -1 -1 -1 -1 -1 -1 -1 -1 -1 -1 -1 -1 -1 -1 -1 -1 -1 -1 -1 -1 -1 -1 -1 -1 -1 -1 -1 -1 -1 -1 -1 -1 -1 -1 -1 -1 -1 -1 -1 -1 -1 -1 -1 -1 -1 -1 -1 -1 -1 -1 -1 -1 -1 -1 -1 -1 -1 -1 -1 -1 -1 -1 -1 -1 -1 -1 -1 -1 -1 -1 -1 -1 -1 -1
2047 2047 2047 2047 2047 2047 2047 2047 2047 2047 2047 2047 2047 2047 2047 2047 2047 2047 2047 2047 2047 2047 2047 2047 2047 2047 2047 2047 2047 2047 2047 2047 2047 2047 2047 2047 2047 2047 2047 2047 2047 2047 2047 2047 2047 2047 2047 2047 2047 2047 2047 2047 2047 2047 2047 2047 2047 2047 2047 2047 2047 2047 2047 2047 2047 2047 2047 2047 2047 2047 2047 2047 2047 2047 2047 2047 2047 2047 2047 2047 2047 2047 2047 2047 2047 2047 2047 2047 2047 2047 2047 2047 2047 2047 2047 2047 2047 2047 2047
2047 -1 -1 -1 -1 -1 -1 -1 -1 -1 -1 -1 -1 -1 -1 -1 -1 -1 -1 -1 -1 -1 -1 -1 -1 -1 -1 -1 -1 -1 -1 -1 -1 -1 -1 -1 -1 -1 -1 -1 -1 -1 -1 -1 -1 -1 -1 -1 -1 -1 -1 -1 -1 -1 -1 -1 -1 -1 -1 -1 -1 -1 -1 -1 -1 -1 -1 -1 -1 -1 -1 -1 -1 -1 -1 -1 -1 -1 -1 -1 -1 -1 -1 -1 -1 -1 -1 -1 -1 -1 -1 -1 -1 -1 -1 -1 -1 -1 2047
2047 2047 2047 2047 2047 2047 2047 2047 2047 2047 2047 2047 2047 2047 2047 2047 2047 2047 2047 2047 2047 2047 2047 2047 2047 2047 2047 2047 2047 2047 2047 2047 2047 2047 2047 2047 2047 2047 2047 2047 2047 2047 2047 2047 2047 2047 2047 2047 2047 2047 2047 2047 2047 2047 2047 2047 2047 2047 2047 2047 2047 2047 2047 2047 2047 2047 2047 2047 2047 2047 2047 2047 2047 2047 2047 2047 2047 2047 2047 2047 2047 2047 2047 2047 2047 2047 2047 2047 2047 2047 2047 2047 2047 2047 2047 2047 2047 2047 2047
-1 -1 -1 -1 -1 -1 -1 -1 -1 -1 -1 -1 -1 -1 -1 -1 -1 -1 -1 -1 -1 -1 -1 -1 -1 -1 -1 -1 -1 -1 -1 -1 -1 -1 -1 -1 -1 -1 -1 -1 -1 -1 -1 -1 -1 -1 -1 -1 -1 -1 -1 2047 -1 -1 -1 -1 -1 -1 -1 -1 -1 -1 -1 -1 -1 -1 -1 -1 -1 -1 -1 -1 -1 -1 -1 -1 -1 -1 -1 -1 -1 -1 -1 -1 -1 -1 -1 -1 -1 -1 -1 -1 -1 -1 -1 -1 -1 -1 -1
2047 2047 2047 2047 2047 2047 2047 2047 2047 2047 2047 2047 2047 2047 2047 2047 2047 2047 2047 2047 2047 2047 2047 2047 2047 2047 2047 2047 2047 2047 2047 2047 2047 2047 2047 2047 2047 2047 2047 2047 2047 2047 2047 2047 2047 2047 2047 2047 2047 2047 2047 2047 2047 2047 2047 2047 2047 2047 2047 2047 2047 2047 2047 2047 2047 2047 2047 2047 2047 2047 2047 2047 2047 2047 2047 2047 2047 2047 2047 2047 2047 2047 2047 2047 2047 2047 2047 2047 2047 2047 2047 2047 2047 2047 2047 2047 2047 2047 2047
2047 -1 -1 -1 -1 -1 -1 -1 -1 -1 -1 -1 -1 -1 -1 -1 -1 -1 -1 -1 -1 -1 -1 -1 -1 -1 -1 -1 -1 -1 -1 -1 -1 -1 -1 -1 -1 -1 -1 -1 -1 -1 -1 -1 -1 -1 -1 -1 -1 -1 -1 -1 -1 -1 -1 -1 -1 -1 -1 -1 -1 -1 -1 -1 -1 -1 -1 -1 -1 -1 -1 -1 -1 -1 -1 -1 -1 -1 -1 -1 -1 -1 -1 -1 -1 -1 -1 -1 -1 -1 -1 -1 -1 -1 -1 -1 -1 -1 2047
2047 2047 2047 2047 2047 2047 2047 2047 2047 2047 2047 2047 2047 2047 2047 2047 2047 2047 2047 2047 2047 2047 2047 2047 2047 2047 2047 2047 2047 2047 2047 2047 2047 2047 2047 2047 2047 2047 2047 2047 2047 2047 2047 2047 2047 2047 2047 2047 2047 2047 2047 2047 2047 2047 2047 2047 2047 2047 2047 2047 2047 2047 2047 2047 2047 2047 2047 2047 2047 2047 2047 2047 2047 2047 2047 2047 2047 2047 2047 2047 2047 2047 2047 2047 2047 2047 2047 2047 2047 2047 2047 2047 2047 2047 2047 2047 2047 2047 2047
-1 -1 -1 -1 -1 -1 -1 -1 -1 -1 -1 -1 -1 -1 -1 -1 -1 -1 -1 -1 -1 -1 -1 -1 -1 -1 -1 -1 -1 -1 -1 -1 -1 -1 -1 -1 -1 -1 -1 -1 -1 -1 -1 -1 -1 -1 -1 -1 -1 -1 -1 -1 -1 -1 -1 -1 -1 -1 -1 -1 -1 -1 -1 -1 -1 -1 -1 -1 -1 -1 -1 -1 -1 -1 -1 -1 -1 -1 2047 -1 -1 -1 -1 -1 -1 -1 -1 -1 -1 -1 -1 -1 -1 -1 -1 -1 -1 -1 -1
2047 2047 2047 2047 2047 2047 2047 2047 2047 2047 2047 2047 2047 2047 2047 2047 2047 2047 2047 2047 2047 2047 2047 2047 2047 2047 2047 2047 2047 2047 2047 2047 2047 2047 2047 2047 2047 2047 2047 2047 2047 2047 2047 2047 2047 2047 2047 2047 2047 2047 2047 2047 2047 2047 2047 2047 2047 2047 2047 2047 2047 2047 2047 2047 2047 2047 2047 2047 2047 2047 2047 2047 2047 2047 2047 2047 2047 2047 2047 2047 2047 2047 2047 2047 2047 2047 2047 2047 2047 2047 2047 2047 2047 2047 2047 2047 2047 2047 2047
2047 -1 -1 -1 -1 -1 -1 -1 -1 -1 -1 -1 -1 -1 -1 -1 -1 -1 -1 -1 -1 -1 -1 -1 -1 -1 -1 -1 -1 -1 -1 -1 -1 -1 -1 -1 -1 -1 -1 -1 -1 -1 -1 -1 -1 -1 -1 -1 -1 -1 -1 -1 -1 -1 -1 -1 -1 -1 -1 -1 -1 -1 -1 -1 -1 -1 -1 -1 -1 -1 -1 -1 -1 -1 -1 -1 -1 -1 -1 -1 -1 -1 -1 -1 -1 -1 -1 -1 -1 -1 -1 -1 -1 -1 -1 -1 -1 -1 2047
2047 2047 2047 2047 2047 2047 2047 2047 2047 2047 2047 2047 2047 2047 2047 2047 2047 2047 2047 2047 2047 2047 2047 2047 2047 2047 2047 2047 2047 2047 2047 2047 2047 2047 2047 2047 2047 2047 2047 2047 2047 2047 2047 2047 2047 2047 2047 2047 2047 2047 2047 2047 2047 2047 2047 2047 2047 2047 2047 2047 2047 2047 2047 2047 2047 2047 2047 2047 2047 2047 2047 2047 2047 2047 2047 2047 2047 2047 2047 2047 2047 2047 2047 2047 2047 2047 2047 2047 2047 2047 2047 2047 2047 2047 2047 2047 2047 2047 2047
-1 -1 -1 -1 -1 -1 -1 -1 -1 -1 -1 -1 -1 -1 -1 -1 -1 -1 -1 -1 -1 -1 -1 -1 -1 -1 -1 -1 -1 -1 -1 -1 -1 -1 -1 -1 -1 -1 -1 -1 -1 -1 -1 -1 -1 -1 -1 -1 2047 -1 -1 -1 -1 -1 -1 -1 -1 -1 -1 -1 -1 -1 -1 -1 -1 -1 -1 -1 -1 -1 -1 -1 -1 -1 -1 -1 -1 -1 -1 -1 -1 -1 -1 -1 -1 -1 -1 -1 -1 -1 -1 -1 -1 -1 -1 -1 -1 -1 -1
2047 2047 2047 2047 2047 2047 2047 2047 2047 2047 2047 2047 2047 2047 2047 2047 2047 2047 2047 2047 2047 2047 2047 2047 2047 2047 2047 2047 2047 2047 2047 2047 2047 2047 2047 2047 2047 2047 2047 2047 2047 2047 2047 2047 2047 2047 2047 2047 2047 2047 2047 2047 2047 2047 2047 2047 2047 2047 2047 2047 2047 2047 2047 2047 2047 2047 2047 2047 2047 2047 2047 2047 2047 2047 2047 2047 2047 2047 2047 2047 2047 2047 2047 2047 2047 2047 2047 2047 2047 2047 2047 2047 2047 2047 2047 2047 2047 2047 2047
2047 -1 -1 -1 -1 -1 -1 -1 -1 -1 -1 -1 -1 -1 -1 -1 -1 -1 -1 -1 -1 -1 -1 -1 -1 -1 -1 -1 -1 -1 -1 -1 -1 -1 -1 -1 -1 -1 -1 -1 -1 -1 -1 -1 -1 -1 -1 -1 -1 -1 -1 -1 -1 -1 -1 -1 -1 -1 -1 -1 -1 -1 -1 -1 -1 -1 -1 -1 -1 -1 -1 -1 -1 -1 -1 -1 -1 -1 -1 -1 -1 -1 -1 -1 -1 -1 -1 -1 -1 -1 -1 -1 -1 -1 -1 -1 -1 -1 2047
2047 2047 2047 2047 2047 2047 2047 2047 2047 2047 2047 2047 2047 2047 2047 2047 2047 2047 2047 2047 2047 2047 2047 2047 2047 2047 2047 2047 2047 2047 2047 2047 2047 2047 2047 2047 2047 2047 2047 2047 2047 2047 2047 2047 2047 2047 2047 2047 2047 2047 2047 2047 2047 2047 2047 2047 2047 2047 2047 2047 2047 2047 2047 2047 2047 2047 2047 2047 2047 2047 2047 2047 2047 2047 2047 2047 2047 2047 2047 2047 2047 2047 2047 2047 2047 2047 2047 2047 2047 2047 2047 2047 2047 2047 2047 2047 2047 2047 2047
-1 -1 -1 -1 -1 -1 -1 -1 -1 -1 -1 -1 -1 -1 -1 -1 -1 -1 -1 -1 -1 -1 -1 -1 -1 -1 -1 -1 -1 -1 -1 -1 -1 -1 -1 -1 -1 -1 -1 -1 -1 -1 -1 -1 -1 -1 -1 -1 -1 -1 -1 -1 -1 -1 -1 -1 -1 -1 -1 -1 -1 -1 -1 -1 -1 -1 -1 -1 -1 -1 -1 -1 -1 -1 -1 -1 -1 -1 -1 -1 -1 -1 -1 -1 -1 -1 -1 -1 -1 -1 -1 -1 -1 -1 -1 2047 -1 -1 -1
2047 2047 2047 2047 2047 2047 2047 2047 2047 2047 2047 2047 2047 2047 2047 2047 2047 2047 2047 2047 2047 2047 2047 2047 2047 2047 2047 2047 2047 2047 2047 2047 2047 2047 2047 2047 2047 2047 2047 2047 2047 2047 2047 2047 2047 2047 2047 2047 2047 2047 2047 2047 2047 2047 2047 2047 2047 2047 2047 2047 2047 2047 2047 2047 2047 2047 2047 2047 2047 2047 2047 2047 2047 2047 2047 2047 2047 2047 2047 2047 2047 2047 2047 2047 2047 2047 2047 2047 2047 2047 2047 2047 2047 2047 2047 2047 2047 2047 2047
2047 -1 -1 -1 -1 -1 -1 -1 -1 -1 -1 -1 -1 -1 -1 -1 -1 -1 -1 -1 -1 -1 -1 -1 -1 -1 -1 -1 -1 -1 -1 -1 -1 -1 -1 -1 -1 -1 -1 -1 -1 -1 -1 -1 -1 -1 -1 -1 -1 -1 -1 -1 -1 -1 -1 -1 -1 -1 -1 -1 -1 -1 -1 -1 -1 -1 -1 -1 -1 -1 -1 -1 -1 -1 -1 -1 -1 -1 -1 -1 -1 -1 -1 -1 -1 -1 -1 -1 -1 -1 -1 -1 -1 -1 -1 -1 -1 -1 2047
2047 2047 2047 2047 2047 2047 2047 2047 2047 2047 2047 2047 2047 2047 2047 2047 2047 2047 2047 2047 2047 2047 2047 2047 2047 2047 2047 2047 2047 2047 2047 2047 2047 2047 2047 2047 2047 2047 2047 2047 2047 2047 2047 2047 2047 2047 2047 2047 2047 2047 2047 2047 2047 2047 2047 2047 2047 2047 2047 2047 2047 2047 2047 2047 2047 2047 2047 2047 2047 2047 2047 2047 2047 2047 2047 2047 2047 2047 2047 2047 2047 2047 2047 2047 2047 2047 2047 2047 2047 2047 2047 2047 2047 2047 2047 2047 2047 2047 2047
-1 -1 -1 -1 -1 -1 -1 -1 -1 -1 -1 -1 -1 -1 -1 -1 -1 -1 -1 -1 -1 -1 -1 -1 -1 -1 -1 -1 2047 -1 -1 -1 -1 -1 -1 -1 -1 -1 -1 -1 -1 -1 -1 -1 -1 -1 -1 -1 -1 -1 -1 -1 -1 -1 -1 -1 -1 -1 -1 -1 -1 -1 -1 -1 -1 -1 -1 -1 -1 -1 -1 -1 -1 -1 -1 -1 -1 -1 -1 -1 -1 -1 -1 -1 -1 -1 -1 -1 -1 -1 -1 -1 -1 -1 -1 -1 -1 -1 -1
2047 2047 2047 2047 2047 2047 2047 2047 2047 2047 2047 2047 2047 2047 2047 2047 2047 2047 2047 2047 2047 2047 2047 2047 2047 2047 2047 2047 2047 2047 2047 2047 2047 2047 2047 2047 2047 2047 2047 2047 2047 2047 2047 2047 2047 2047 2047 2047 2047 2047 2047 2047 2047 2047 2047 2047 2047 2047 2047 2047 2047 2047 2047 2047 2047 2047 2047 2047 2047 2047 2047 2047 2047 2047 2047 2047 2047 2047 2047 2047 2047 2047 2047 2047 2047 2047 2047 2047 2047 2047 2047 2047 2047 2047 2047 2047 2047 2047 2047
2047 -1 -1 -1 -1 -1 -1 -1 -1 -1 -1 -1 -1 -1 -1 -1 -1 -1 -1 -1 -1 -1 -1 -1 -1 -1 -1 -1 -1 -1 -1 -1 -1 -1 -1 -1 -1 -1 -1 -1 -1 -1 -1 -1 -1 -1 -1 -1 -1 -1 -1 -1 -1 -1 -1 -1 -1 -1 -1 -1 -1 -1 -1 -1 -1 -1 -1 -1 -1 -1 -1 -1 -1 -1 -1 -1 -1 -1 -1 -1 -1 -1 -1 -1 -1 -1 -1 -1 -1 -1 -1 -1 -1 -1 -1 -1 -1 -1 2047
2047 2047 2047 2047 2047 2047 2047 2047 2047 2047 2047 2047 2047 2047 2047 2047 2047 2047 2047 2047 2047 2047 2047 2047 2047 2047 2047 2047 2047 2047 2047 2047 2047 2047 2047 2047 2047 2047 2047 2047 2047 2047 2047 2047 2047 2047 2047 2047 2047 2047 2047 2047 2047 2047 2047 2047 2047 2047 2047 2047 2047 2047 2047 2047 2047 2047 2047 2047 2047 2047 2047 2047 2047 2047 2047 2047 2047 2047 2047 2047 2047 2047 2047 2047 2047 2047 2047 2047 2047 2047 2047 2047 2047 2047 2047 2047 2047 2047 2047
-1 -1 -1 -1 -1 -1 -1 -1 -1 -1 -1 -1 -1 -1 -1 -1 -1 -1 -1 -1 -1 -1 -1 -1 -1 -1 -1 -1 -1 -1 -1 -1 -1 -1 -1 -1 -1 -1 -1 -1 -1 -1 -1 -1 2047 -1 -1 -1 -1 -1 -1 -1 -1 -1 -1 -1 -1 -1 -1 -1 -1 -1 -1 -1 -1 -1 -1 -1 -1 -1 -1 -1 -1 -1 -1 -1 -1 -1 -1 -1 -1 -1 -1 -1 -1 -1 -1 -1 -1 -1 -1 -1 -1 -1 -1 -1 -1 -1 -1
2047 2047 2047 2047 2047 2047 2047 2047 2047 2047 2047 2047 2047 2047 2047 2047 2047 2047 2047 2047 2047 2047 2047 2047 2047 2047 2047 2047 2047 2047 2047 2047 2047 2047 2047 2047 2047 2047 2047 2047 2047 2047 2047 2047 2047 2047 2047 2047 2047 2047 2047 2047 2047 2047 2047 2047 2047 2047 2047 2047 2047 2047 2047 2047 2047 2047 2047 2047 2047 2047 2047 2047 2047 2047 2047 2047 2047 2047 2047 2047 2047 2047 2047 2047 2047 2047 2047 2047 2047 2047 2047 2047 2047 2047 2047 2047 2047 2047 2047
2047 -1 -1 -1 -1 -1 -1 -1 -1 -1 -1 -1 -1 -1 -1 -1 -1 -1 -1 -1 -1 -1 -1 -1 -1 -1 -1 -1 -1 -1 -1 -1 -1 -1 -1 -1 -1 -1 -1 -1 -1 -1 -1 -1 -1 -1 -1 -1 -1 -1 -1 -1 -1 -1 -1 -1 -1 -1 -1 -1 -1 -1 -1 -1 -1 -1 -1 -1 -1 -1 -1 -1 -1 -1 -1 -1 -1 -1 -1 -1 -1 -1 -1 -1 -1 -1 -1 -1 -1 -1 -1 -1 -1 -1 -1 -1 -1 -1 2047
2047 2047 2047 2047 2047 2047 2047 2047 2047 2047 2047 2047 2047 2047 2047 2047 2047 2047 2047 2047 2047 2047 2047 2047 2047 2047 2047 2047 2047 2047 2047 2047 2047 2047 2047 2047 2047 2047 2047 2047 2047 2047 2047 2047 2047 2047 2047 2047 2047 2047 2047 2047 2047 2047 2047 2047 2047 2047 2047 2047 2047 2047 2047 2047 2047 2047 2047 2047 2047 2047 2047 2047 2047 2047 2047 2047 2047 2047 2047 2047 2047 2047 2047 2047 2047 2047 2047 2047 2047 2047 2047 2047 2047 2047 2047 2047 2047 2047 2047
1 1
99 99
