30 100 825938984
2351 2351 2351 2351 2351 2351 2351 2351 2351 2351 2351 -1 2351 2351 2351 2351 2351 2351 2351 2351 2351 -1 2351 2351 2351 2351 2351 -1 2351 2351 2351 2351 2351 2351 2351 2351 2351 2351 2351 2351 2351 -1 2351 2351 2351 2351 2351 2351 2351 2351 2351 2351 2351 -1 2351 2351 2351 2351 2351 -1 2351 2351 2351 2351 2351 -1 2351 2351 2351 2351 2351 2351 2351 2351 2351 2351 2351 2351 2351 -1 2351 2351 2351 2351 2351 2351 2351 2351 2351 -1 2351 2351 2351 2351 2351 2351 2351 2351 2351 -1
2351 -1 -1 -1 -1 -1 -1 -1 2351 -1 2351 -1 -1 -1 -1 -1 2351 -1 -1 -1 2351 -1 2351 -1 -1 -1 2351 -1 2351 -1 -1 -1 -1 -1 2351 -1 -1 -1 -1 -1 2351 -1 2351 -1 2351 -1 -1 -1 -1 -1 2351 -1 -1 -1 2351 -1 2351 -1 -1 -1 2351 -1 -1 -1 2351 -1 2351 -1 -1 -1 -1 -1 -1 -1 -1 -1 -1 -1 2351 -1 2351 -1 -1 -1 -1 -1 -1 -1 2351 -1 2351 -1 -1 -1 -1 -1 2351 -1 2351 -1
2351 2351 2351 2351 2351 -1 2351 2351 2351 -1 2351 2351 2351 -1 2351 2351 2351 -1 2351 2351 2351 -1 2351 -1 2351 2351 2351 -1 2351 -1 2351 2351 2351 -1 2351 -1 2351 2351 2351 -1 2351 -1 2351 -1 2351 -1 2351 2351 2351 2351 2351 -1 2351 2351 2351 -1 2351 2351 2351 -1 2351 -1 2351 -1 2351 2351 2351 2351 2351 -1 2351 2351 2351 2351 2351 -1 2351 2351 2351 -1 2351 2351 2351 2351 2351 2351 2351 -1 2351 2351 2351 -1 2351 -1 2351 2351 2351 -1 2351 -1
-1 -1 -1 -1 2351 -1 2351 -1 -1 -1 -1 -1 2351 -1 2351 -1 -1 -1 -1 -1 -1 -1 2351 -1 2351 -1 -1 -1 -1 -1 2351 -1 2351 -1 2351 -1 -1 -1 2351 -1 2351 -1 2351 -1 2351 -1 -1 -1 -1 -1 -1 -1 2351 -1 -1 -1 -1 -1 2351 -1 2351 -1 2351 -1 -1 -1 -1 -1 -1 -1 2351 -1 -1 -1 2351 -1 2351 -1 2351 -1 -1 -1 -1 -1 -1 -1 2351 -1 -1 -1 -1 -1 2351 -1 2351 -1 -1 -1 2351 -1
2351 2351 2351 -1 2351 -1 2351 2351 2351 -1 2351 2351 2351 2351 2351 -1 2351 2351 2351 -1 2351 2351 2351 -1 2351 2351 2351 2351 2351 2351 2351 -1 2351 -1 2351 2351 2351 -1 2351 -1 2351 2351 2351 -1 2351 2351 2351 2351 2351 2351 2351 2351 2351 -1 2351 2351 2351 -1 2351 2351 2351 -1 2351 2351 2351 2351 2351 -1 2351 2351 2351 -1 2351 -1 2351 -1 2351 -1 2351 -1 2351 2351 2351 2351 2351 2351 2351 2351 2351 2351 2351 2351 2351 -1 2351 -1 2351 -1 2351 -1
2351 -1 2351 -1 2351 -1 -1 -1 2351 -1 -1 -1 -1 -1 -1 -1 2351 -1 2351 -1 2351 -1 -1 -1 -1 -1 -1 -1 -1 -1 -1 -1 2351 -1 -1 -1 2351 -1 2351 -1 -1 -1 -1 -1 -1 -1 -1 -1 2351 -1 -1 -1 -1 -1 2351 -1 2351 -1 -1 -1 -1 -1 2351 -1 -1 -1 2351 -1 2351 -1 -1 -1 2351 -1 2351 -1 2351 -1 -1 -1 2351 -1 -1 -1 -1 -1 -1 -1 -1 -1 -1 -1 -1 -1 2351 -1 2351 -1 2351 -1
2351 -1 2351 -1 2351 2351 2351 -1 2351 2351 2351 2351 2351 2351 2351 2351 2351 -1 2351 2351 2351 -1 2351 2351 2351 2351 2351 -1 2351 2351 2351 -1 2351 -1 2351 2351 2351 -1 2351 -1 2351 2351 2351 2351 2351 2351 2351 -1 2351 2351 2351 -1 2351 2351 2351 -1 2351 2351 2351 2351 2351 2351 2351 2351 2351 -1 2351 -1 2351 -1 2351 2351 2351 2351 2351 -1 2351 -1 2351 2351 2351 -1 2351 2351 2351 2351 2351 -1 2351 2351 2351 2351 2351 2351 2351 -1 2351 -1 2351 -1
2351 -1 -1 -1 -1 -1 2351 -1 -1 -1 -1 -1 -1 -1 -1 -1 -1 -1 -1 -1 -1 -1 -1 -1 -1 -1 2351 -1 2351 -1 2351 -1 2351 -1 2351 -1 -1 -1 2351 -1 2351 -1 -1 -1 -1 -1 2351 -1 -1 -1 2351 -1 -1 -1 -1 -1 -1 -1 -1 -1 -1 -1 2351 -1 2351 -1 2351 -1 2351 -1 2351 -1 -1 -1 -1 -1 2351 -1 2351 -1 -1 -1 2351 -1 -1 -1 2351 -1 2351 -1 -1 -1 -1 -1 -1 -1 2351 -1 2351 -1
2351 2351 2351 2351 2351 2351 2351 -1 2351 2351 2351 2351 2351 -1 2351 2351 2351 2351 2351 -1 2351 2351 2351 2351 2351 2351 2351 -1 2351 -1 2351 2351 2351 -1 2351 2351 2351 2351 2351 -1 2351 -1 2351 2351 2351 -1 2351 2351 2351 -1 2351 2351 2351 2351 2351 2351 2351 2351 2351 2351 2351 -1 2351 -1 2351 -1 2351 -1 2351 -1 2351 2351 2351 -1 2351 2351 2351 -1 2351 -1 2351 2351 2351 -1 2351 2351 2351 -1 2351 -1 2351 2351 2351 2351 2351 2351 2351 -1 2351 -1
2351 -1 -1 -1 -1 -1 -1 -1 2351 -1 -1 -1 2351 -1 2351 -1 2351 -1 -1 -1 2351 -1 2351 -1 -1 -1 -1 -1 2351 -1 -1 -1 -1 -1 -1 -1 -1 -1 2351 -1 2351 -1 -1 -1 2351 -1 -1 -1 2351 -1 -1 -1 -1 -1 -1 -1 -1 -1 -1 -1 2351 -1 -1 -1 2351 -1 -1 -1 2351 -1 -1 -1 2351 -1 2351 -1 -1 -1 2351 -1 -1 -1 2351 -1 2351 -1 -1 -1 2351 -1 2351 -1 2351 -1 -1 -1 -1 -1 2351 -1
2351 2351 2351 -1 2351 2351 2351 -1 2351 2351 2351 -1 2351 -1 2351 -1 2351 2351 2351 2351 2351 -1 2351 2351 2351 -1 2351 2351 2351 -1 2351 2351 2351 -1 2351 2351 2351 2351 2351 -1 2351 2351 2351 -1 2351 2351 2351 2351 2351 -1 2351 2351 2351 -1 2351 2351 2351 2351 2351 2351 2351 2351 2351 2351 2351 -1 2351 2351 2351 -1 2351 -1 2351 -1 2351 2351 2351 2351 2351 2351 2351 2351 2351 -1 2351 2351 2351 -1 2351 -1 2351 -1 2351 -1 2351 2351 2351 2351 2351 -1
-1 -1 2351 -1 2351 -1 2351 -1 2351 -1 2351 -1 2351 -1 2351 -1 -1 -1 -1 -1 -1 -1 -1 -1 2351 -1 2351 -1 -1 -1 2351 -1 2351 -1 2351 -1 -1 -1 -1 -1 -1 -1 2351 -1 -1 -1 -1 -1 2351 -1 2351 -1 2351 -1 -1 -1 -1 -1 -1 -1 -1 -1 -1 -1 2351 -1 2351 -1 -1 -1 2351 -1 2351 -1 -1 -1 -1 -1 -1 -1 -1 -1 -1 -1 -1 -1 -1 -1 2351 -1 -1 -1 2351 -1 2351 -1 -1 -1 -1 -1
2351 -1 2351 -1 2351 -1 2351 2351 2351 -1 2351 -1 2351 -1 2351 2351 2351 2351 2351 2351 2351 -1 2351 2351 2351 -1 2351 2351 2351 -1 2351 -1 2351 2351 2351 -1 2351 2351 2351 2351 2351 -1 2351 2351 2351 2351 2351 -1 2351 2351 2351 -1 2351 2351 2351 -1 2351 2351 2351 -1 2351 2351 2351 -1 2351 -1 2351 -1 2351 2351 2351 -1 2351 2351 2351 2351 2351 -1 2351 2351 2351 2351 2351 2351 2351 -1 2351 2351 2351 -1 2351 2351 2351 -1 2351 -1 2351 2351 2351 -1
2351 -1 2351 -1 2351 -1 -1 -1 -1 -1 2351 -1 2351 -1 -1 -1 -1 -1 -1 -1 -1 -1 2351 -1 2351 -1 -1 -1 2351 -1 2351 -1 -1 -1 -1 -1 -1 -1 2351 -1 2351 -1 -1 -1 -1 -1 2351 -1 -1 -1 -1 -1 -1 -1 2351 -1 2351 -1 2351 -1 -1 -1 2351 -1 2351 -1 2351 -1 2351 -1 2351 -1 -1 -1 -1 -1 2351 -1 2351 -1 -1 -1 -1 -1 2351 -1 2351 -1 -1 -1 2351 -1 -1 -1 2351 -1 2351 -1 2351 -1
2351 -1 2351 -1 2351 2351 2351 -1 2351 2351 2351 -1 2351 2351 2351 2351 2351 2351 2351 2351 2351 -1 2351 -1 2351 -1 2351 2351 2351 -1 2351 2351 2351 2351 2351 2351 2351 -1 2351 -1 2351 2351 2351 2351 2351 -1 2351 -1 2351 2351 2351 2351 2351 -1 2351 2351 2351 -1 2351 2351 2351 -1 2351 2351 2351 -1 2351 -1 2351 -1 2351 2351 2351 -1 2351 2351 2351 -1 2351 2351 2351 -1 2351 2351 2351 2351 2351 -1 2351 2351 2351 2351 2351 2351 2351 2351 2351 -1 2351 -1
2351 -1 2351 -1 -1 -1 2351 -1 2351 -1 -1 -1 -1 -1 -1 -1 -1 -1 -1 -1 2351 -1 2351 -1 -1 -1 2351 -1 -1 -1 2351 -1 -1 -1 -1 -1 2351 -1 -1 -1 -1 -1 2351 -1 2351 -1 2351 -1 -1 -1 -1 -1 2351 -1 -1 -1 -1 -1 -1 -1 2351 -1 2351 -1 -1 -1 2351 -1 2351 -1 -1 -1 -1 -1 2351 -1 -1 -1 2351 -1 2351 -1 -1 -1 -1 -1 -1 -1 -1 -1 -1 -1 -1 -1 -1 -1 -1 -1 2351 -1
2351 -1 2351 -1 2351 -1 2351 -1 2351 -1 2351 -1 2351 2351 2351 2351 2351 -1 2351 2351 2351 2351 2351 -1 2351 2351 2351 -1 2351 -1 2351 -1 2351 2351 2351 -1 2351 -1 2351 2351 2351 2351 2351 -1 2351 -1 2351 -1 2351 2351 2351 -1 2351 2351 2351 2351 2351 2351 2351 2351 2351 -1 2351 -1 2351 2351 2351 -1 2351 2351 2351 2351 2351 -1 2351 -1 2351 -1 2351 -1 2351 -1 2351 2351 2351 -1 2351 2351 2351 2351 2351 -1 2351 2351 2351 -1 2351 2351 2351 -1
2351 -1 2351 -1 2351 -1 2351 -1 2351 -1 2351 -1 2351 -1 2351 -1 -1 -1 2351 -1 -1 -1 -1 -1 2351 -1 -1 -1 2351 -1 2351 -1 2351 -1 2351 -1 2351 -1 2351 -1 -1 -1 -1 -1 2351 -1 2351 -1 2351 -1 2351 -1 -1 -1 -1 -1 -1 -1 2351 -1 -1 -1 -1 -1 2351 -1 -1 -1 2351 -1 -1 -1 2351 -1 2351 -1 2351 -1 2351 -1 2351 -1 2351 -1 2351 -1 2351 -1 -1 -1 2351 -1 2351 -1 2351 -1 -1 -1 -1 -1
2351 2351 2351 -1 2351 2351 2351 -1 2351 -1 2351 -1 2351 -1 2351 2351 2351 2351 2351 -1 2351 2351 2351 2351 2351 -1 2351 2351 2351 2351 2351 -1 2351 -1 2351 -1 2351 2351 2351 -1 2351 2351 2351 2351 2351 -1 2351 2351 2351 -1 2351 2351 2351 2351 2351 2351 2351 -1 2351 2351 2351 2351 2351 2351 2351 -1 2351 -1 2351 2351 2351 -1 2351 2351 2351 -1 2351 -1 2351 -1 2351 2351 2351 -1 2351 -1 2351 2351 2351 -1 2351 2351 2351 -1 2351 -1 2351 2351 2351 -1
2351 -1 -1 -1 -1 -1 -1 -1 2351 -1 2351 -1 2351 -1 -1 -1 -1 -1 -1 -1 2351 -1 -1 -1 -1 -1 -1 -1 -1 -1 -1 -1 2351 -1 2351 -1 -1 -1 -1 -1 2351 -1 -1 -1 -1 -1 -1 -1 -1 -1 -1 -1 -1 -1 -1 -1 2351 -1 -1 -1 -1 -1 -1 -1 -1 -1 2351 -1 -1 -1 2351 -1 -1 -1 -1 -1 2351 -1 2351 -1 -1 -1 -1 -1 2351 -1 -1 -1 2351 -1 -1 -1 -1 -1 2351 -1 2351 -1 2351 -1
2351 -1 2351 2351 2351 2351 2351 2351 2351 -1 2351 2351 2351 2351 2351 2351 2351 2351 2351 -1 2351 2351 2351 2351 2351 -1 2351 2351 2351 2351 2351 2351 2351 -1 2351 -1 2351 2351 2351 -1 2351 2351 2351 2351 2351 2351 2351 -1 2351 2351 2351 -1 2351 -1 2351 2351 2351 -1 2351 2351 2351 -1 2351 2351 2351 2351 2351 -1 2351 2351 2351 -1 2351 2351 2351 2351 2351 -1 2351 -1 2351 2351 2351 -1 2351 -1 2351 2351 2351 -1 2351 2351 2351 -1 2351 2351 2351 -1 2351 -1
2351 -1 2351 -1 2351 -1 -1 -1 -1 -1 -1 -1 -1 -1 -1 -1 -1 -1 2351 -1 -1 -1 -1 -1 2351 -1 2351 -1 -1 -1 -1 -1 -1 -1 2351 -1 2351 -1 2351 -1 -1 -1 -1 -1 -1 -1 2351 -1 2351 -1 2351 -1 2351 -1 2351 -1 -1 -1 2351 -1 2351 -1 2351 -1 -1 -1 2351 -1 2351 -1 -1 -1 2351 -1 2351 -1 -1 -1 2351 -1 2351 -1 2351 -1 2351 -1 2351 -1 -1 -1 2351 -1 -1 -1 -1 -1 -1 -1 2351 -1
2351 -1 2351 -1 2351 2351 2351 -1 2351 2351 2351 -1 2351 2351 2351 2351 2351 2351 2351 -1 2351 2351 2351 -1 2351 2351 2351 -1 2351 2351 2351 2351 2351 2351 2351 -1 2351 -1 2351 2351 2351 2351 2351 2351 2351 -1 2351 -1 2351 -1 2351 2351 2351 -1 2351 -1 2351 -1 2351 -1 2351 -1 2351 -1 2351 -1 2351 -1 2351 -1 2351 2351 2351 -1 2351 2351 2351 2351 2351 -1 2351 -1 2351 2351 2351 -1 2351 2351 2351 2351 2351 -1 2351 2351 2351 2351 2351 -1 2351 -1
2351 -1 -1 -1 2351 -1 2351 -1 2351 -1 2351 -1 -1 -1 -1 -1 2351 -1 -1 -1 2351 -1 2351 -1 -1 -1 -1 -1 2351 -1 -1 -1 -1 -1 -1 -1 2351 -1 -1 -1 -1 -1 -1 -1 2351 -1 2351 -1 2351 -1 -1 -1 -1 -1 2351 -1 2351 -1 2351 -1 2351 -1 2351 -1 2351 -1 2351 -1 2351 -1 2351 -1 -1 -1 -1 -1 -1 -1 2351 -1 2351 -1 -1 -1 -1 -1 -1 -1 2351 -1 -1 -1 2351 -1 -1 -1 2351 -1 2351 -1
2351 2351 2351 -1 2351 -1 2351 2351 2351 -1 2351 2351 2351 2351 2351 -1 2351 -1 2351 2351 2351 -1 2351 2351 2351 2351 2351 -1 2351 2351 2351 2351 2351 -1 2351 2351 2351 2351 2351 2351 2351 2351 2351 -1 2351 -1 2351 2351 2351 -1 2351 2351 2351 -1 2351 -1 2351 -1 2351 -1 2351 2351 2351 -1 2351 -1 2351 2351 2351 -1 2351 2351 2351 -1 2351 2351 2351 -1 2351 -1 2351 2351 2351 2351 2351 2351 2351 2351 2351 -1 2351 2351 2351 -1 2351 -1 2351 -1 2351 -1
-1 -1 2351 -1 -1 -1 2351 -1 -1 -1 -1 -1 -1 -1 2351 -1 2351 -1 2351 -1 -1 -1 -1 -1 -1 -1 2351 -1 -1 -1 -1 -1 -1 -1 2351 -1 -1 -1 -1 -1 -1 -1 2351 -1 -1 -1 -1 -1 2351 -1 2351 -1 2351 -1 2351 -1 2351 -1 2351 -1 -1 -1 -1 -1 2351 -1 -1 -1 -1 -1 -1 -1 -1 -1 2351 -1 2351 -1 -1 -1 -1 -1 -1 -1 2351 -1 -1 -1 -1 -1 2351 -1 -1 -1 2351 -1 2351 -1 2351 -1
2351 -1 2351 2351 2351 -1 2351 2351 2351 2351 2351 2351 2351 -1 2351 -1 2351 2351 2351 -1 2351 2351 2351 2351 2351 -1 2351 -1 2351 2351 2351 -1 2351 2351 2351 -1 2351 2351 2351 2351 2351 -1 2351 2351 2351 2351 2351 2351 2351 -1 2351 -1 2351 -1 2351 -1 2351 -1 2351 -1 2351 2351 2351 2351 2351 2351 2351 2351 2351 2351 2351 2351 2351 2351 2351 -1 2351 2351 2351 2351 2351 2351 2351 -1 2351 -1 2351 2351 2351 -1 2351 -1 2351 -1 2351 2351 2351 -1 2351 -1
2351 -1 -1 -1 2351 -1 -1 -1 -1 -1 -1 -1 -1 -1 2351 -1 -1 -1 -1 -1 2351 -1 -1 -1 -1 -1 2351 -1 2351 -1 2351 -1 -1 -1 -1 -1 2351 -1 -1 -1 2351 -1 -1 -1 -1 -1 -1 -1 -1 -1 2351 -1 2351 -1 2351 -1 2351 -1 2351 -1 -1 -1 -1 -1 -1 -1 -1 -1 -1 -1 2351 -1 -1 -1 -1 -1 -1 -1 -1 -1 -1 -1 2351 -1 -1 -1 2351 -1 2351 -1 2351 -1 2351 -1 2351 -1 -1 -1 2351 -1
2351 2351 2351 2351 2351 2351 2351 2351 2351 2351 2351 2351 2351 2351 2351 -1 2351 2351 2351 2351 2351 2351 2351 2351 2351 2351 2351 2351 2351 -1 2351 2351 2351 2351 2351 2351 2351 -1 2351 2351 2351 2351 2351 2351 2351 2351 2351 2351 2351 2351 2351 -1 2351 2351 2351 -1 2351 2351 2351 2351 2351 2351 2351 2351 2351 2351 2351 2351 2351 2351 2351 -1 2351 2351 2351 2351 2351 2351 2351 2351 2351 2351 2351 2351 2351 2351 2351 -1 2351 2351 2351 -1 2351 2351 2351 2351 2351 2351 2351 -1
-1 -1 -1 -1 -1 -1 -1 -1 -1 -1 -1 -1 -1 -1 -1 -1 -1 -1 -1 -1 -1 -1 -1 -1 -1 -1 -1 -1 -1 -1 -1 -1 -1 -1 -1 -1 -1 -1 -1 -1 -1 -1 -1 -1 -1 -1 -1 -1 -1 -1 -1 -1 -1 -1 -1 -1 -1 -1 -1 -1 -1 -1 -1 -1 -1 -1 -1 -1 -1 -1 -1 -1 -1 -1 -1 -1 -1 -1 -1 -1 -1 -1 -1 -1 -1 -1 -1 -1 -1 -1 -1 -1 -1 -1 -1 -1 -1 -1 -1 -1
25 33
25 45
