100 30 710224511
1994 1994 1994 -1 1994 1994 1994 1994 1994 1994 1994 1994 1994 1994 1994 1994 1994 1994 1994 1994 1994 -1 1994 1994 1994 1994 1994 1994 1994 -1
1994 -1 1994 -1 1994 -1 -1 -1 -1 -1 -1 -1 -1 -1 1994 -1 -1 -1 -1 -1 1994 -1 1994 -1 -1 -1 -1 -1 1994 -1
1994 -1 1994 1994 1994 -1 1994 1994 1994 -1 1994 1994 1994 -1 1994 -1 1994 1994 1994 -1 1994 -1 1994 -1 1994 -1 1994 1994 1994 -1
1994 -1 -1 -1 -1 -1 1994 -1 1994 -1 1994 -1 1994 -1 1994 -1 1994 -1 1994 -1 1994 -1 1994 -1 1994 -1 1994 -1 -1 -1
1994 1994 1994 1994 1994 1994 1994 -1 1994 1994 1994 -1 1994 -1 1994 -1 1994 -1 1994 -1 1994 -1 1994 -1 1994 1994 1994 -1 1994 -1
-1 -1 -1 -1 -1 -1 -1 -1 1994 -1 -1 -1 -1 -1 1994 -1 1994 -1 -1 -1 1994 -1 1994 -1 1994 -1 -1 -1 1994 -1
1994 -1 1994 1994 1994 1994 1994 -1 1994 -1 1994 1994 1994 1994 1994 -1 1994 1994 1994 -1 1994 1994 1994 -1 1994 -1 1994 1994 1994 -1
1994 -1 1994 -1 1994 -1 1994 -1 1994 -1 1994 -1 -1 -1 -1 -1 -1 -1 1994 -1 -1 -1 -1 -1 1994 -1 -1 -1 1994 -1
1994 -1 1994 -1 1994 -1 1994 -1 1994 -1 1994 1994 1994 1994 1994 1994 1994 -1 1994 1994 1994 1994 1994 -1 1994 -1 1994 1994 1994 -1
1994 -1 1994 -1 1994 -1 1994 -1 1994 -1 -1 -1 -1 -1 -1 -1 1994 -1 -1 -1 -1 -1 1994 -1 1994 -1 1994 -1 1994 -1
1994 -1 1994 -1 1994 -1 1994 -1 1994 -1 1994 1994 1994 -1 1994 1994 1994 -1 1994 1994 1994 1994 1994 -1 1994 1994 1994 -1 1994 -1
1994 -1 1994 -1 1994 -1 1994 -1 1994 -1 -1 -1 1994 -1 1994 -1 -1 -1 1994 -1 -1 -1 -1 -1 -1 -1 -1 -1 1994 -1
1994 1994 1994 -1 1994 -1 1994 -1 1994 1994 1994 1994 1994 -1 1994 -1 1994 1994 1994 1994 1994 1994 1994 1994 1994 1994 1994 -1 1994 -1
1994 -1 -1 -1 1994 -1 -1 -1 -1 -1 1994 -1 -1 -1 1994 -1 -1 -1 -1 -1 -1 -1 1994 -1 1994 -1 -1 -1 1994 -1
1994 -1 1994 -1 1994 1994 1994 -1 1994 1994 1994 -1 1994 1994 1994 -1 1994 1994 1994 1994 1994 -1 1994 -1 1994 1994 1994 1994 1994 -1
1994 -1 1994 -1 -1 -1 1994 -1 1994 -1 -1 -1 1994 -1 1994 -1 1994 -1 -1 -1 1994 -1 -1 -1 -1 -1 -1 -1 1994 -1
1994 1994 1994 1994 1994 -1 1994 1994 1994 -1 1994 -1 1994 -1 1994 -1 1994 -1 1994 -1 1994 1994 1994 -1 1994 1994 1994 -1 1994 -1
-1 -1 1994 -1 -1 -1 -1 -1 1994 -1 1994 -1 1994 -1 -1 -1 1994 -1 1994 -1 -1 -1 1994 -1 1994 -1 1994 -1 -1 -1
1994 1994 1994 -1 1994 1994 1994 -1 1994 1994 1994 -1 1994 1994 1994 1994 1994 1994 1994 1994 1994 -1 1994 1994 1994 -1 1994 1994 1994 -1
1994 -1 -1 -1 1994 -1 1994 -1 -1 -1 -1 -1 -1 -1 -1 -1 -1 -1 1994 -1 -1 -1 -1 -1 -1 -1 -1 -1 1994 -1
1994 -1 1994 1994 1994 -1 1994 1994 1994 1994 1994 -1 1994 1994 1994 1994 1994 -1 1994 -1 1994 1994 1994 1994 1994 1994 1994 -1 1994 -1
1994 -1 1994 -1 -1 -1 -1 -1 -1 -1 1994 -1 1994 -1 -1 -1 1994 -1 -1 -1 1994 -1 -1 -1 -1 -1 1994 -1 1994 -1
1994 -1 1994 -1 1994 1994 1994 1994 1994 -1 1994 1994 1994 -1 1994 -1 1994 1994 1994 1994 1994 -1 1994 1994 1994 -1 1994 1994 1994 -1
1994 -1 1994 -1 -1 -1 1994 -1 -1 -1 -1 -1 -1 -1 1994 -1 -1 -1 -1 -1 -1 -1 1994 -1 1994 -1 -1 -1 1994 -1
1994 -1 1994 1994 1994 -1 1994 1994 1994 1994 1994 1994 1994 1994 1994 1994 1994 -1 1994 1994 1994 1994 1994 -1 1994 1994 1994 -1 1994 -1
1994 -1 -1 -1 1994 -1 -1 -1 1994 -1 -1 -1 -1 -1 1994 -1 -1 -1 1994 -1 -1 -1 -1 -1 1994 -1 -1 -1 1994 -1
1994 1994 1994 -1 1994 1994 1994 -1 1994 -1 1994 1994 1994 -1 1994 1994 1994 -1 1994 1994 1994 1994 1994 -1 1994 -1 1994 1994 1994 -1
-1 -1 -1 -1 -1 -1 1994 -1 -1 -1 1994 -1 1994 -1 -1 -1 1994 -1 -1 -1 -1 -1 1994 -1 1994 -1 1994 -1 -1 -1
1994 1994 1994 1994 1994 -1 1994 1994 1994 1994 1994 -1 1994 1994 1994 -1 1994 1994 1994 1994 1994 1994 1994 -1 1994 -1 1994 1994 1994 -1
1994 -1 -1 -1 1994 -1 -1 -1 -1 -1 -1 -1 1994 -1 1994 -1 -1 -1 -1 -1 1994 -1 -1 -1 1994 -1 -1 -1 1994 -1
1994 1994 1994 -1 1994 1994 1994 1994 1994 1994 1994 -1 1994 -1 1994 1994 1994 1994 1994 -1 1994 -1 1994 1994 1994 -1 1994 -1 1994 -1
-1 -1 1994 -1 -1 -1 -1 -1 -1 -1 1994 -1 -1 -1 -1 -1 1994 -1 1994 -1 1994 -1 1994 -1 1994 -1 1994 -1 1994 -1
1994 -1 1994 -1 1994 1994 1994 1994 1994 -1 1994 -1 1994 1994 1994 -1 1994 -1 1994 -1 1994 -1 1994 -1 1994 1994 1994 -1 1994 -1
1994 -1 1994 -1 -1 -1 -1 -1 1994 -1 1994 -1 1994 -1 1994 -1 1994 -1 1994 -1 -1 -1 1994 -1 -1 -1 1994 -1 1994 -1
1994 -1 1994 1994 1994 1994 1994 -1 1994 -1 1994 1994 1994 -1 1994 -1 1994 -1 1994 1994 1994 -1 1994 1994 1994 -1 1994 -1 1994 -1
1994 -1 -1 -1 -1 -1 1994 -1 1994 -1 -1 -1 -1 -1 1994 -1 -1 -1 -1 -1 1994 -1 1994 -1 1994 -1 1994 -1 1994 -1
1994 1994 1994 -1 1994 1994 1994 -1 1994 -1 1994 1994 1994 -1 1994 1994 1994 -1 1994 1994 1994 -1 1994 -1 1994 -1 1994 -1 1994 -1
1994 -1 1994 -1 1994 -1 -1 -1 1994 -1 1994 -1 1994 -1 -1 -1 1994 -1 1994 -1 -1 -1 -1 -1 1994 -1 -1 -1 1994 -1
1994 -1 1994 -1 1994 1994 1994 -1 1994 -1 1994 -1 1994 1994 1994 -1 1994 -1 1994 1994 1994 -1 1994 1994 1994 -1 1994 1994 1994 -1
1994 -1 -1 -1 -1 -1 1994 -1 1994 -1 1994 -1 1994 -1 -1 -1 1994 -1 -1 -1 1994 -1 1994 -1 -1 -1 1994 -1 -1 -1
1994 1994 1994 1994 1994 -1 1994 -1 1994 -1 1994 -1 1994 1994 1994 1994 1994 -1 1994 1994 1994 -1 1994 1994 1994 -1 1994 -1 1994 -1
1994 -1 1994 -1 1994 -1 1994 -1 1994 -1 1994 -1 -1 -1 -1 -1 -1 -1 1994 -1 -1 -1 -1 -1 1994 -1 1994 -1 1994 -1
1994 -1 1994 -1 1994 -1 1994 -1 1994 1994 1994 -1 1994 1994 1994 -1 1994 1994 1994 1994 1994 1994 1994 -1 1994 -1 1994 1994 1994 -1
-1 -1 1994 -1 1994 -1 1994 -1 1994 -1 -1 -1 1994 -1 -1 -1 1994 -1 -1 -1 -1 -1 1994 -1 1994 -1 -1 -1 1994 -1
1994 1994 1994 -1 1994 -1 1994 -1 1994 1994 1994 -1 1994 -1 1994 1994 1994 -1 1994 1994 1994 1994 1994 -1 1994 1994 1994 1994 1994 -1
1994 -1 -1 -1 1994 -1 -1 -1 -1 -1 1994 -1 1994 -1 1994 -1 -1 -1 1994 -1 -1 -1 -1 -1 -1 -1 -1 -1 -1 -1
1994 1994 1994 -1 1994 1994 1994 -1 1994 1994 1994 -1 1994 1994 1994 -1 1994 1994 1994 -1 1994 1994 1994 1994 1994 1994 1994 1994 1994 -1
1994 -1 1994 -1 -1 -1 -1 -1 1994 -1 -1 -1 1994 -1 -1 -1 1994 -1 1994 -1 1994 -1 -1 -1 -1 -1 -1 -1 1994 -1
1994 -1 1994 -1 1994 1994 1994 1994 1994 -1 1994 -1 1994 -1 1994 -1 1994 -1 1994 -1 1994 1994 1994 -1 1994 1994 1994 1994 1994 -1
1994 -1 1994 -1 1994 -1 -1 -1 -1 -1 1994 -1 1994 -1 1994 -1 1994 -1 1994 -1 -1 -1 1994 -1 1994 -1 -1 -1 1994 -1
1994 -1 1994 1994 1994 -1 1994 -1 1994 1994 1994 -1 1994 1994 1994 -1 1994 -1 1994 1994 1994 -1 1994 -1 1994 -1 1994 1994 1994 -1
1994 -1 -1 -1 -1 -1 1994 -1 1994 -1 1994 -1 -1 -1 1994 -1 1994 -1 -1 -1 -1 -1 1994 -1 1994 -1 1994 -1 -1 -1
1994 1994 1994 1994 1994 -1 1994 1994 1994 -1 1994 1994 1994 1994 1994 -1 1994 1994 1994 1994 1994 1994 1994 -1 1994 -1 1994 1994 1994 -1
-1 -1 -1 -1 1994 -1 -1 -1 -1 -1 -1 -1 1994 -1 -1 -1 -1 -1 -1 -1 1994 -1 -1 -1 1994 -1 -1 -1 1994 -1
1994 1994 1994 -1 1994 1994 1994 1994 1994 1994 1994 -1 1994 1994 1994 -1 1994 1994 1994 -1 1994 -1 1994 1994 1994 -1 1994 -1 1994 -1
1994 -1 -1 -1 -1 -1 -1 -1 -1 -1 1994 -1 -1 -1 -1 -1 1994 -1 1994 -1 -1 -1 1994 -1 -1 -1 1994 -1 1994 -1
1994 1994 1994 1994 1994 1994 1994 1994 1994 -1 1994 1994 1994 1994 1994 -1 1994 -1 1994 1994 1994 -1 1994 1994 1994 -1 1994 1994 1994 -1
-1 -1 -1 -1 1994 -1 -1 -1 -1 -1 -1 -1 -1 -1 1994 -1 1994 -1 -1 -1 1994 -1 -1 -1 1994 -1 -1 -1 1994 -1
1994 1994 1994 1994 1994 -1 1994 1994 1994 1994 1994 1994 1994 -1 1994 -1 1994 1994 1994 -1 1994 1994 1994 -1 1994 1994 1994 -1 1994 -1
1994 -1 -1 -1 -1 -1 1994 -1 -1 -1 1994 -1 1994 -1 1994 -1 1994 -1 1994 -1 -1 -1 1994 -1 -1 -1 1994 -1 1994 -1
1994 1994 1994 1994 1994 -1 1994 1994 1994 -1 1994 -1 1994 -1 1994 -1 1994 -1 1994 -1 1994 1994 1994 1994 1994 1994 1994 -1 1994 -1
1994 -1 -1 -1 1994 -1 -1 -1 1994 -1 1994 -1 -1 -1 1994 -1 -1 -1 1994 -1 -1 -1 -1 -1 -1 -1 -1 -1 1994 -1
1994 -1 1994 -1 1994 1994 1994 1994 1994 -1 1994 1994 1994 -1 1994 1994 1994 -1 1994 -1 1994 1994 1994 -1 1994 -1 1994 1994 1994 -1
1994 -1 1994 -1 -1 -1 -1 -1 -1 -1 -1 -1 1994 -1 -1 -1 1994 -1 1994 -1 1994 -1 1994 -1 1994 -1 1994 -1 -1 -1
1994 -1 1994 1994 1994 -1 1994 1994 1994 1994 1994 1994 1994 -1 1994 1994 1994 -1 1994 -1 1994 -1 1994 -1 1994 1994 1994 1994 1994 -1
1994 -1 -1 -1 1994 -1 1994 -1 -1 -1 -1 -1 -1 -1 1994 -1 -1 -1 1994 -1 1994 -1 1994 -1 -1 -1 -1 -1 1994 -1
1994 -1 1994 1994 1994 -1 1994 1994 1994 -1 1994 1994 1994 -1 1994 -1 1994 -1 1994 1994 1994 -1 1994 1994 1994 -1 1994 1994 1994 -1
1994 -1 1994 -1 1994 -1 -1 -1 1994 -1 1994 -1 1994 -1 1994 -1 1994 -1 1994 -1 -1 -1 -1 -1 1994 -1 -1 -1 -1 -1
1994 1994 1994 -1 1994 1994 1994 -1 1994 1994 1994 -1 1994 -1 1994 -1 1994 1994 1994 -1 1994 1994 1994 -1 1994 1994 1994 1994 1994 -1
-1 -1 1994 -1 -1 -1 -1 -1 -1 -1 -1 -1 1994 -1 1994 -1 -1 -1 -1 -1 1994 -1 1994 -1 -1 -1 -1 -1 1994 -1
1994 1994 1994 -1 1994 1994 1994 1994 1994 1994 1994 1994 1994 -1 1994 1994 1994 -1 1994 1994 1994 -1 1994 -1 1994 1994 1994 1994 1994 -1
-1 -1 -1 -1 1994 -1 -1 -1 -1 -1 -1 -1 1994 -1 -1 -1 1994 -1 1994 -1 -1 -1 1994 -1 1994 -1 -1 -1 1994 -1
1994 1994 1994 -1 1994 -1 1994 1994 1994 1994 1994 1994 1994 1994 1994 -1 1994 -1 1994 -1 1994 -1 1994 -1 1994 1994 1994 -1 1994 -1
1994 -1 1994 -1 1994 -1 1994 -1 -1 -1 -1 -1 -1 -1 1994 -1 1994 -1 1994 -1 1994 -1 1994 -1 -1 -1 1994 -1 -1 -1
1994 -1 1994 1994 1994 -1 1994 1994 1994 -1 1994 1994 1994 -1 1994 -1 1994 -1 1994 -1 1994 1994 1994 1994 1994 -1 1994 1994 1994 -1
1994 -1 -1 -1 1994 -1 -1 -1 -1 -1 1994 -1 1994 -1 1994 -1 1994 -1 1994 -1 -1 -1 -1 -1 1994 -1 -1 -1 1994 -1
1994 -1 1994 1994 1994 -1 1994 1994 1994 1994 1994 -1 1994 -1 1994 -1 1994 -1 1994 1994 1994 -1 1994 -1 1994 1994 1994 -1 1994 -1
1994 -1 -1 -1 -1 -1 1994 -1 -1 -1 -1 -1 1994 -1 -1 -1 1994 -1 -1 -1 1994 -1 1994 -1 -1 -1 1994 -1 1994 -1
1994 -1 1994 1994 1994 -1 1994 -1 1994 1994 1994 -1 1994 1994 1994 -1 1994 1994 1994 1994 1994 -1 1994 1994 1994 -1 1994 -1 1994 -1
1994 -1 1994 -1 1994 -1 1994 -1 -1 -1 1994 -1 -1 -1 1994 -1 -1 -1 -1 -1 -1 -1 1994 -1 1994 -1 1994 -1 1994 -1
1994 1994 1994 -1 1994 1994 1994 -1 1994 1994 1994 -1 1994 -1 1994 1994 1994 1994 1994 -1 1994 1994 1994 -1 1994 1994 1994 -1 1994 -1
1994 -1 -1 -1 -1 -1 -1 -1 1994 -1 1994 -1 1994 -1 -1 -1 1994 -1 -1 -1 1994 -1 -1 -1 -1 -1 -1 -1 1994 -1
1994 -1 1994 1994 1994 -1 1994 1994 1994 -1 1994 1994 1994 1994 1994 -1 1994 -1 1994 1994 1994 -1 1994 1994 1994 1994 1994 1994 1994 -1
1994 -1 1994 -1 1994 -1 1994 -1 1994 -1 -1 -1 -1 -1 -1 -1 1994 -1 1994 -1 -1 -1 1994 -1 -1 -1 -1 -1 1994 -1
1994 1994 1994 -1 1994 -1 1994 -1 1994 1994 1994 -1 1994 1994 1994 1994 1994 -1 1994 1994 1994 -1 1994 -1 1994 1994 1994 1994 1994 -1
-1 -1 -1 -1 1994 -1 -1 -1 -1 -1 1994 -1 1994 -1 -1 -1 -1 -1 -1 -1 1994 -1 1994 -1 1994 -1 -1 -1 1994 -1
1994 1994 1994 -1 1994 -1 1994 1994 1994 1994 1994 -1 1994 1994 1994 1994 1994 -1 1994 1994 1994 -1 1994 -1 1994 1994 1994 -1 1994 -1
1994 -1 1994 -1 1994 -1 1994 -1 -1 -1 1994 -1 -1 -1 -1 -1 1994 -1 1994 -1 -1 -1 1994 -1 -1 -1 1994 -1 1994 -1
1994 -1 1994 -1 1994 1994 1994 -1 1994 -1 1994 1994 1994 1994 1994 -1 1994 -1 1994 -1 1994 1994 1994 -1 1994 -1 1994 -1 1994 -1
1994 -1 1994 -1 -1 -1 -1 -1 1994 -1 -1 -1 -1 -1 1994 -1 1994 -1 1994 -1 1994 -1 -1 -1 1994 -1 1994 -1 -1 -1
1994 -1 1994 1994 1994 -1 1994 1994 1994 -1 1994 1994 1994 1994 1994 -1 1994 1994 1994 -1 1994 1994 1994 1994 1994 -1 1994 1994 1994 -1
1994 -1 1994 -1 1994 -1 1994 -1 -1 -1 1994 -1 -1 -1 -1 -1 -1 -1 -1 -1 -1 -1 -1 -1 -1 -1 1994 -1 1994 -1
1994 -1 1994 -1 1994 -1 1994 1994 1994 -1 1994 -1 1994 1994 1994 1994 1994 1994 1994 1994 1994 1994 1994 1994 1994 -1 1994 -1 1994 -1
-1 -1 1994 -1 1994 -1 -1 -1 1994 -1 1994 -1 -1 -1 -1 -1 -1 -1 -1 -1 1994 -1 -1 -1 1994 -1 -1 -1 1994 -1
1994 1994 1994 -1 1994 1994 1994 1994 1994 -1 1994 1994 1994 -1 1994 1994 1994 1994 1994 1994 1994 -1 1994 -1 1994 -1 1994 1994 1994 -1
1994 -1 -1 -1 1994 -1 -1 -1 -1 -1 -1 -1 1994 -1 1994 -1 -1 -1 -1 -1 -1 -1 1994 -1 1994 -1 1994 -1 1994 -1
1994 -1 1994 1994 1994 -1 1994 1994 1994 1994 1994 -1 1994 1994 1994 -1 1994 1994 1994 1994 1994 1994 1994 -1 1994 -1 1994 -1 1994 -1
1994 -1 -1 -1 -1 -1 1994 -1 1994 -1 -1 -1 -1 -1 -1 -1 1994 -1 -1 -1 -1 -1 1994 -1 1994 -1 1994 -1 1994 -1
1994 1994 1994 1994 1994 1994 1994 -1 1994 1994 1994 1994 1994 1994 1994 1994 1994 1994 1994 1994 1994 -1 1994 1994 1994 1994 1994 -1 1994 -1
-1 -1 -1 -1 -1 -1 -1 -1 -1 -1 -1 -1 -1 -1 -1 -1 -1 -1 -1 -1 -1 -1 -1 -1 -1 -1 -1 -1 -1 -1
45 7
27 3
