100 100 9881387
9809 9809 9809 -1 9809 9809 9809 9809 9809 9809 9809 9809 9809 9809 9809 9809 9809 9809 9809 9809 9809 -1 9809 -1 9809 9809 9809 9809 9809 9809 9809 9809 9809 -1 9809 9809 9809 9809 9809 9809 9809 9809 9809 9809 9809 9809 9809 -1 9809 9809 9809 9809 9809 9809 9809 9809 9809 9809 9809 9809 9809 -1 9809 -1 9809 9809 9809 9809 9809 -1 9809 9809 9809 9809 9809 9809 9809 9809 9809 -1 9809 -1 9809 9809 9809 9809 9809 9809 9809 -1 9809 9809 9809 -1 9809 9809 9809 9809 9809 -1
-1 -1 9809 -1 9809 -1 -1 -1 -1 -1 -1 -1 -1 -1 -1 -1 9809 -1 -1 -1 9809 -1 9809 -1 9809 -1 -1 -1 -1 -1 -1 -1 9809 -1 9809 -1 9809 -1 9809 -1 -1 -1 -1 -1 -1 -1 9809 -1 9809 -1 -1 -1 9809 -1 -1 -1 -1 -1 -1 -1 9809 -1 9809 -1 9809 -1 -1 -1 9809 -1 9809 -1 -1 -1 9809 -1 -1 -1 9809 -1 9809 -1 9809 -1 9809 -1 -1 -1 9809 -1 9809 -1 9809 -1 -1 -1 -1 -1 9809 -1
9809 9809 9809 -1 9809 9809 9809 -1 9809 -1 9809 9809 9809 9809 9809 -1 9809 -1 9809 9809 9809 9809 9809 -1 9809 9809 9809 -1 9809 9809 9809 -1 9809 9809 9809 -1 9809 -1 9809 -1 9809 9809 9809 9809 9809 -1 9809 -1 9809 -1 9809 9809 9809 -1 9809 9809 9809 -1 9809 9809 9809 9809 9809 -1 9809 9809 9809 -1 9809 9809 9809 -1 9809 9809 9809 -1 9809 -1 9809 -1 9809 -1 9809 -1 9809 9809 9809 -1 9809 9809 9809 -1 9809 -1 9809 9809 9809 -1 9809 -1
9809 -1 9809 -1 -1 -1 9809 -1 9809 -1 9809 -1 -1 -1 9809 -1 9809 -1 -1 -1 -1 -1 -1 -1 -1 -1 9809 -1 9809 -1 9809 -1 -1 -1 -1 -1 9809 -1 -1 -1 9809 -1 -1 -1 9809 -1 -1 -1 9809 -1 9809 -1 -1 -1 9809 -1 9809 -1 -1 -1 9809 -1 -1 -1 -1 -1 9809 -1 -1 -1 -1 -1 9809 -1 -1 -1 9809 -1 9809 -1 9809 -1 9809 -1 -1 -1 9809 -1 -1 -1 -1 -1 9809 -1 9809 -1 9809 -1 9809 -1
9809 -1 9809 -1 9809 9809 9809 9809 9809 -1 9809 -1 9809 9809 9809 -1 9809 9809 9809 -1 9809 9809 9809 9809 9809 -1 9809 -1 9809 -1 9809 9809 9809 9809 9809 -1 9809 9809 9809 -1 9809 9809 9809 -1 9809 9809 9809 9809 9809 -1 9809 9809 9809 -1 9809 -1 9809 9809 9809 -1 9809 -1 9809 9809 9809 9809 9809 -1 9809 9809 9809 9809 9809 -1 9809 9809 9809 -1 9809 -1 9809 -1 9809 -1 9809 -1 9809 -1 9809 9809 9809 -1 9809 9809 9809 -1 9809 9809 9809 -1
9809 -1 -1 -1 9809 -1 -1 -1 -1 -1 9809 -1 9809 -1 -1 -1 -1 -1 9809 -1 9809 -1 -1 -1 9809 -1 9809 -1 -1 -1 9809 -1 -1 -1 9809 -1 -1 -1 9809 -1 -1 -1 9809 -1 -1 -1 -1 -1 -1 -1 -1 -1 9809 -1 9809 -1 -1 -1 9809 -1 -1 -1 9809 -1 -1 -1 -1 -1 9809 -1 -1 -1 -1 -1 9809 -1 9809 -1 9809 -1 9809 -1 9809 -1 9809 -1 9809 -1 9809 -1 9809 -1 -1 -1 -1 -1 -1 -1 9809 -1
9809 9809 9809 -1 9809 9809 9809 -1 9809 9809 9809 -1 9809 9809 9809 9809 9809 9809 9809 -1 9809 -1 9809 -1 9809 -1 9809 9809 9809 -1 9809 9809 9809 -1 9809 9809 9809 -1 9809 9809 9809 -1 9809 -1 9809 9809 9809 9809 9809 9809 9809 -1 9809 -1 9809 -1 9809 -1 9809 9809 9809 9809 9809 -1 9809 9809 9809 9809 9809 -1 9809 9809 9809 9809 9809 -1 9809 -1 9809 9809 9809 -1 9809 9809 9809 -1 9809 9809 9809 -1 9809 9809 9809 9809 9809 9809 9809 -1 9809 -1
-1 -1 9809 -1 -1 -1 9809 -1 9809 -1 -1 -1 9809 -1 -1 -1 -1 -1 -1 -1 9809 -1 9809 -1 9809 -1 -1 -1 9809 -1 9809 -1 -1 -1 -1 -1 9809 -1 9809 -1 9809 -1 9809 -1 9809 -1 -1 -1 -1 -1 9809 -1 9809 -1 9809 -1 9809 -1 -1 -1 -1 -1 -1 -1 9809 -1 -1 -1 -1 -1 9809 -1 -1 -1 -1 -1 -1 -1 -1 -1 9809 -1 -1 -1 9809 -1 -1 -1 -1 -1 -1 -1 -1 -1 9809 -1 9809 -1 9809 -1
9809 9809 9809 -1 9809 -1 9809 -1 9809 -1 9809 9809 9809 -1 9809 9809 9809 9809 9809 -1 9809 -1 9809 -1 9809 9809 9809 9809 9809 -1 9809 -1 9809 9809 9809 9809 9809 -1 9809 -1 9809 -1 9809 -1 9809 9809 9809 9809 9809 -1 9809 -1 9809 -1 9809 9809 9809 -1 9809 9809 9809 9809 9809 -1 9809 9809 9809 9809 9809 -1 9809 9809 9809 -1 9809 9809 9809 9809 9809 9809 9809 -1 9809 9809 9809 -1 9809 -1 9809 9809 9809 9809 9809 -1 9809 -1 9809 -1 9809 -1
9809 -1 9809 -1 9809 -1 9809 -1 9809 -1 -1 -1 -1 -1 9809 -1 -1 -1 9809 -1 9809 -1 9809 -1 -1 -1 -1 -1 -1 -1 -1 -1 9809 -1 -1 -1 9809 -1 9809 -1 -1 -1 9809 -1 9809 -1 -1 -1 9809 -1 9809 -1 9809 -1 -1 -1 9809 -1 9809 -1 -1 -1 -1 -1 -1 -1 -1 -1 9809 -1 9809 -1 9809 -1 9809 -1 -1 -1 -1 -1 -1 -1 9809 -1 -1 -1 9809 -1 9809 -1 -1 -1 9809 -1 9809 -1 9809 -1 9809 -1
9809 -1 9809 9809 9809 -1 9809 -1 9809 9809 9809 9809 9809 9809 9809 9809 9809 -1 9809 -1 9809 9809 9809 -1 9809 9809 9809 9809 9809 9809 9809 9809 9809 -1 9809 9809 9809 -1 9809 9809 9809 9809 9809 -1 9809 9809 9809 -1 9809 -1 9809 -1 9809 9809 9809 -1 9809 -1 9809 9809 9809 -1 9809 9809 9809 9809 9809 -1 9809 -1 9809 -1 9809 9809 9809 9809 9809 9809 9809 -1 9809 9809 9809 -1 9809 9809 9809 -1 9809 -1 9809 -1 9809 -1 9809 -1 9809 -1 9809 -1
9809 -1 -1 -1 -1 -1 9809 -1 -1 -1 -1 -1 -1 -1 -1 -1 -1 -1 9809 -1 -1 -1 9809 -1 9809 -1 9809 -1 -1 -1 -1 -1 -1 -1 9809 -1 -1 -1 -1 -1 -1 -1 -1 -1 -1 -1 9809 -1 9809 -1 -1 -1 -1 -1 9809 -1 9809 -1 -1 -1 9809 -1 9809 -1 -1 -1 9809 -1 9809 -1 9809 -1 -1 -1 -1 -1 -1 -1 9809 -1 9809 -1 -1 -1 9809 -1 9809 -1 9809 -1 9809 -1 9809 -1 9809 -1 9809 -1 9809 -1
9809 9809 9809 -1 9809 9809 9809 -1 9809 9809 9809 9809 9809 9809 9809 -1 9809 9809 9809 9809 9809 -1 9809 -1 9809 -1 9809 -1 9809 9809 9809 -1 9809 9809 9809 -1 9809 9809 9809 9809 9809 9809 9809 9809 9809 -1 9809 -1 9809 9809 9809 9809 9809 -1 9809 -1 9809 9809 9809 -1 9809 9809 9809 9809 9809 -1 9809 -1 9809 -1 9809 -1 9809 9809 9809 9809 9809 -1 9809 -1 9809 -1 9809 9809 9809 -1 9809 -1 9809 -1 9809 -1 9809 -1 9809 -1 9809 -1 9809 -1
-1 -1 9809 -1 9809 -1 -1 -1 9809 -1 9809 -1 -1 -1 -1 -1 9809 -1 -1 -1 9809 -1 9809 -1 -1 -1 9809 -1 9809 -1 9809 -1 -1 -1 9809 -1 -1 -1 -1 -1 9809 -1 -1 -1 9809 -1 -1 -1 -1 -1 9809 -1 9809 -1 9809 -1 -1 -1 9809 -1 -1 -1 -1 -1 -1 -1 9809 -1 9809 -1 -1 -1 9809 -1 -1 -1 9809 -1 -1 -1 9809 -1 9809 -1 -1 -1 9809 -1 9809 -1 9809 -1 9809 -1 9809 -1 9809 -1 -1 -1
9809 9809 9809 -1 9809 -1 9809 -1 9809 -1 9809 -1 9809 9809 9809 9809 9809 -1 9809 9809 9809 -1 9809 -1 9809 9809 9809 -1 9809 -1 9809 9809 9809 -1 9809 9809 9809 9809 9809 9809 9809 -1 9809 -1 9809 9809 9809 -1 9809 9809 9809 -1 9809 -1 9809 9809 9809 -1 9809 -1 9809 9809 9809 9809 9809 -1 9809 -1 9809 9809 9809 -1 9809 9809 9809 -1 9809 -1 9809 9809 9809 -1 9809 -1 9809 9809 9809 -1 9809 -1 9809 -1 9809 -1 9809 -1 9809 9809 9809 -1
9809 -1 -1 -1 9809 -1 9809 -1 9809 -1 9809 -1 9809 -1 -1 -1 -1 -1 9809 -1 -1 -1 9809 -1 9809 -1 -1 -1 9809 -1 -1 -1 9809 -1 -1 -1 -1 -1 -1 -1 -1 -1 9809 -1 -1 -1 9809 -1 9809 -1 -1 -1 9809 -1 -1 -1 9809 -1 9809 -1 9809 -1 -1 -1 9809 -1 9809 -1 -1 -1 9809 -1 9809 -1 -1 -1 9809 -1 9809 -1 -1 -1 9809 -1 -1 -1 -1 -1 9809 -1 9809 -1 9809 -1 9809 -1 -1 -1 9809 -1
9809 9809 9809 9809 9809 -1 9809 9809 9809 -1 9809 -1 9809 9809 9809 9809 9809 -1 9809 -1 9809 9809 9809 -1 9809 -1 9809 9809 9809 -1 9809 9809 9809 -1 9809 9809 9809 9809 9809 9809 9809 -1 9809 9809 9809 -1 9809 9809 9809 -1 9809 -1 9809 -1 9809 9809 9809 -1 9809 9809 9809 -1 9809 9809 9809 9809 9809 -1 9809 9809 9809 -1 9809 -1 9809 9809 9809 -1 9809 -1 9809 9809 9809 -1 9809 9809 9809 9809 9809 -1 9809 -1 9809 -1 9809 9809 9809 -1 9809 -1
9809 -1 -1 -1 -1 -1 9809 -1 -1 -1 9809 -1 -1 -1 -1 -1 9809 -1 -1 -1 9809 -1 -1 -1 9809 -1 9809 -1 -1 -1 9809 -1 -1 -1 -1 -1 9809 -1 -1 -1 -1 -1 9809 -1 9809 -1 -1 -1 -1 -1 9809 -1 9809 -1 9809 -1 -1 -1 -1 -1 9809 -1 -1 -1 -1 -1 -1 -1 9809 -1 9809 -1 9809 -1 9809 -1 9809 -1 9809 -1 9809 -1 9809 -1 9809 -1 -1 -1 -1 -1 9809 -1 9809 -1 -1 -1 -1 -1 9809 -1
9809 9809 9809 -1 9809 9809 9809 -1 9809 -1 9809 9809 9809 9809 9809 -1 9809 9809 9809 -1 9809 9809 9809 -1 9809 9809 9809 -1 9809 9809 9809 -1 9809 9809 9809 9809 9809 -1 9809 9809 9809 9809 9809 -1 9809 9809 9809 9809 9809 9809 9809 -1 9809 -1 9809 9809 9809 9809 9809 9809 9809 -1 9809 9809 9809 9809 9809 9809 9809 -1 9809 -1 9809 -1 9809 -1 9809 -1 9809 -1 9809 -1 9809 -1 9809 -1 9809 9809 9809 9809 9809 -1 9809 -1 9809 9809 9809 9809 9809 -1
-1 -1 9809 -1 9809 -1 -1 -1 9809 -1 -1 -1 -1 -1 9809 -1 -1 -1 9809 -1 -1 -1 9809 -1 -1 -1 -1 -1 9809 -1 -1 -1 -1 -1 9809 -1 -1 -1 9809 -1 -1 -1 -1 -1 9809 -1 -1 -1 -1 -1 -1 -1 9809 -1 -1 -1 -1 -1 -1 -1 -1 -1 9809 -1 -1 -1 -1 -1 -1 -1 9809 -1 9809 -1 9809 -1 -1 -1 9809 -1 9809 -1 9809 -1 9809 -1 9809 -1 -1 -1 9809 -1 9809 -1 9809 -1 -1 -1 -1 -1
9809 -1 9809 -1 9809 9809 9809 -1 9809 9809 9809 -1 9809 9809 9809 9809 9809 -1 9809 9809 9809 -1 9809 9809 9809 9809 9809 9809 9809 -1 9809 9809 9809 -1 9809 9809 9809 -1 9809 9809 9809 9809 9809 -1 9809 9809 9809 9809 9809 -1 9809 9809 9809 -1 9809 9809 9809 9809 9809 9809 9809 -1 9809 -1 9809 9809 9809 9809 9809 9809 9809 -1 9809 -1 9809 9809 9809 -1 9809 9809 9809 -1 9809 -1 9809 -1 9809 -1 9809 9809 9809 -1 9809 -1 9809 9809 9809 9809 9809 -1
9809 -1 9809 -1 -1 -1 9809 -1 -1 -1 9809 -1 9809 -1 -1 -1 -1 -1 9809 -1 9809 -1 -1 -1 -1 -1 -1 -1 -1 -1 9809 -1 9809 -1 9809 -1 9809 -1 -1 -1 9809 -1 -1 -1 -1 -1 -1 -1 9809 -1 9809 -1 -1 -1 9809 -1 -1 -1 -1 -1 -1 -1 9809 -1 -1 -1 -1 -1 -1 -1 -1 -1 9809 -1 -1 -1 9809 -1 -1 -1 -1 -1 9809 -1 9809 -1 9809 -1 9809 -1 -1 -1 9809 -1 9809 -1 -1 -1 9809 -1
9809 -1 9809 -1 9809 -1 9809 9809 9809 9809 9809 -1 9809 9809 9809 -1 9809 9809 9809 -1 9809 9809 9809 -1 9809 9809 9809 -1 9809 9809 9809 -1 9809 -1 9809 -1 9809 -1 9809 9809 9809 -1 9809 9809 9809 9809 9809 9809 9809 -1 9809 9809 9809 9809 9809 -1 9809 9809 9809 9809 9809 9809 9809 -1 9809 9809 9809 9809 9809 9809 9809 9809 9809 -1 9809 -1 9809 9809 9809 9809 9809 9809 9809 -1 9809 -1 9809 -1 9809 -1 9809 9809 9809 -1 9809 9809 9809 -1 9809 -1
9809 -1 9809 -1 9809 -1 -1 -1 -1 -1 9809 -1 -1 -1 9809 -1 9809 -1 -1 -1 -1 -1 -1 -1 9809 -1 9809 -1 9809 -1 9809 -1 9809 -1 9809 -1 9809 -1 9809 -1 -1 -1 9809 -1 -1 -1 -1 -1 -1 -1 -1 -1 -1 -1 9809 -1 9809 -1 9809 -1 -1 -1 -1 -1 9809 -1 -1 -1 -1 -1 -1 -1 -1 -1 9809 -1 -1 -1 -1 -1 -1 -1 9809 -1 9809 -1 9809 -1 9809 -1 9809 -1 -1 -1 -1 -1 -1 -1 9809 -1
9809 9809 9809 -1 9809 9809 9809 -1 9809 9809 9809 -1 9809 9809 9809 -1 9809 -1 9809 9809 9809 9809 9809 9809 9809 -1 9809 -1 9809 -1 9809 -1 9809 -1 9809 -1 9809 -1 9809 9809 9809 -1 9809 9809 9809 9809 9809 9809 9809 9809 9809 -1 9809 9809 9809 -1 9809 -1 9809 -1 9809 9809 9809 -1 9809 -1 9809 9809 9809 9809 9809 9809 9809 -1 9809 -1 9809 9809 9809 9809 9809 -1 9809 -1 9809 -1 9809 -1 9809 9809 9809 -1 9809 9809 9809 9809 9809 -1 9809 -1
9809 -1 -1 -1 9809 -1 9809 -1 9809 -1 -1 -1 9809 -1 9809 -1 9809 -1 9809 -1 -1 -1 -1 -1 -1 -1 9809 -1 9809 -1 9809 -1 9809 -1 -1 -1 9809 -1 -1 -1 9809 -1 -1 -1 -1 -1 -1 -1 9809 -1 -1 -1 9809 -1 -1 -1 9809 -1 -1 -1 9809 -1 9809 -1 9809 -1 9809 -1 -1 -1 -1 -1 9809 -1 9809 -1 9809 -1 -1 -1 9809 -1 -1 -1 9809 -1 9809 -1 -1 -1 -1 -1 -1 -1 9809 -1 9809 -1 9809 -1
9809 -1 9809 9809 9809 -1 9809 9809 9809 -1 9809 9809 9809 -1 9809 -1 9809 9809 9809 -1 9809 9809 9809 -1 9809 -1 9809 9809 9809 -1 9809 -1 9809 9809 9809 -1 9809 9809 9809 -1 9809 -1 9809 9809 9809 -1 9809 -1 9809 9809 9809 -1 9809 -1 9809 -1 9809 9809 9809 9809 9809 -1 9809 -1 9809 -1 9809 -1 9809 -1 9809 9809 9809 -1 9809 -1 9809 9809 9809 -1 9809 9809 9809 -1 9809 -1 9809 9809 9809 9809 9809 -1 9809 9809 9809 -1 9809 9809 9809 -1
9809 -1 -1 -1 -1 -1 -1 -1 -1 -1 9809 -1 -1 -1 9809 -1 -1 -1 -1 -1 9809 -1 9809 -1 9809 -1 -1 -1 -1 -1 9809 -1 -1 -1 9809 -1 9809 -1 9809 -1 9809 -1 9809 -1 9809 -1 9809 -1 -1 -1 9809 -1 9809 -1 9809 -1 -1 -1 -1 -1 9809 -1 9809 -1 9809 -1 9809 -1 9809 -1 9809 -1 -1 -1 9809 -1 -1 -1 9809 -1 -1 -1 9809 -1 9809 -1 -1 -1 -1 -1 9809 -1 9809 -1 -1 -1 -1 -1 9809 -1
9809 9809 9809 -1 9809 9809 9809 9809 9809 9809 9809 -1 9809 -1 9809 -1 9809 9809 9809 9809 9809 -1 9809 9809 9809 -1 9809 -1 9809 9809 9809 -1 9809 -1 9809 -1 9809 -1 9809 -1 9809 9809 9809 -1 9809 9809 9809 -1 9809 9809 9809 -1 9809 9809 9809 -1 9809 9809 9809 -1 9809 -1 9809 -1 9809 -1 9809 -1 9809 -1 9809 -1 9809 9809 9809 -1 9809 9809 9809 -1 9809 -1 9809 -1 9809 -1 9809 9809 9809 -1 9809 -1 9809 9809 9809 9809 9809 -1 9809 -1
-1 -1 9809 -1 9809 -1 -1 -1 -1 -1 -1 -1 9809 -1 9809 -1 9809 -1 9809 -1 -1 -1 -1 -1 9809 -1 9809 -1 9809 -1 -1 -1 9809 -1 9809 -1 -1 -1 9809 -1 -1 -1 -1 -1 -1 -1 9809 -1 9809 -1 -1 -1 -1 -1 9809 -1 9809 -1 9809 -1 -1 -1 9809 -1 9809 -1 9809 -1 9809 -1 9809 -1 9809 -1 -1 -1 9809 -1 -1 -1 9809 -1 9809 -1 9809 -1 9809 -1 -1 -1 9809 -1 -1 -1 9809 -1 9809 -1 9809 -1
9809 9809 9809 -1 9809 -1 9809 9809 9809 9809 9809 -1 9809 9809 9809 -1 9809 -1 9809 -1 9809 9809 9809 -1 9809 9809 9809 -1 9809 9809 9809 -1 9809 9809 9809 9809 9809 9809 9809 9809 9809 9809 9809 9809 9809 -1 9809 -1 9809 -1 9809 9809 9809 -1 9809 -1 9809 -1 9809 9809 9809 -1 9809 -1 9809 -1 9809 -1 9809 9809 9809 9809 9809 -1 9809 -1 9809 9809 9809 -1 9809 -1 9809 9809 9809 -1 9809 9809 9809 -1 9809 9809 9809 -1 9809 -1 9809 -1 9809 -1
9809 -1 -1 -1 9809 -1 9809 -1 -1 -1 9809 -1 9809 -1 -1 -1 -1 -1 9809 -1 9809 -1 -1 -1 -1 -1 9809 -1 -1 -1 9809 -1 -1 -1 -1 -1 -1 -1 -1 -1 9809 -1 -1 -1 -1 -1 9809 -1 9809 -1 9809 -1 9809 -1 9809 -1 9809 -1 -1 -1 9809 -1 9809 -1 9809 -1 9809 -1 -1 -1 -1 -1 -1 -1 9809 -1 -1 -1 9809 -1 9809 -1 -1 -1 -1 -1 -1 -1 9809 -1 -1 -1 9809 -1 9809 -1 9809 -1 9809 -1
9809 -1 9809 9809 9809 -1 9809 -1 9809 9809 9809 -1 9809 9809 9809 9809 9809 9809 9809 -1 9809 -1 9809 9809 9809 -1 9809 9809 9809 -1 9809 9809 9809 9809 9809 9809 9809 9809 9809 -1 9809 -1 9809 9809 9809 -1 9809 -1 9809 9809 9809 -1 9809 -1 9809 -1 9809 -1 9809 9809 9809 -1 9809 -1 9809 -1 9809 9809 9809 9809 9809 9809 9809 -1 9809 9809 9809 9809 9809 -1 9809 9809 9809 9809 9809 9809 9809 -1 9809 -1 9809 9809 9809 -1 9809 -1 9809 -1 9809 -1
9809 -1 9809 -1 -1 -1 9809 -1 9809 -1 -1 -1 -1 -1 -1 -1 -1 -1 -1 -1 9809 -1 9809 -1 9809 -1 -1 -1 9809 -1 -1 -1 -1 -1 -1 -1 -1 -1 9809 -1 9809 -1 9809 -1 9809 -1 9809 -1 -1 -1 -1 -1 9809 -1 9809 -1 9809 -1 9809 -1 -1 -1 9809 -1 9809 -1 -1 -1 9809 -1 -1 -1 9809 -1 -1 -1 -1 -1 -1 -1 -1 -1 9809 -1 -1 -1 9809 -1 9809 -1 9809 -1 -1 -1 -1 -1 9809 -1 9809 -1
9809 -1 9809 9809 9809 -1 9809 -1 9809 9809 9809 9809 9809 -1 9809 9809 9809 9809 9809 -1 9809 9809 9809 -1 9809 9809 9809 -1 9809 9809 9809 9809 9809 -1 9809 9809 9809 -1 9809 -1 9809 -1 9809 -1 9809 9809 9809 -1 9809 9809 9809 -1 9809 9809 9809 -1 9809 -1 9809 9809 9809 9809 9809 -1 9809 9809 9809 -1 9809 9809 9809 -1 9809 9809 9809 -1 9809 9809 9809 9809 9809 -1 9809 9809 9809 -1 9809 -1 9809 -1 9809 9809 9809 -1 9809 9809 9809 -1 9809 -1
9809 -1 -1 -1 9809 -1 9809 -1 -1 -1 -1 -1 9809 -1 9809 -1 9809 -1 -1 -1 9809 -1 -1 -1 -1 -1 9809 -1 -1 -1 -1 -1 9809 -1 -1 -1 9809 -1 9809 -1 -1 -1 9809 -1 -1 -1 -1 -1 9809 -1 -1 -1 -1 -1 -1 -1 9809 -1 -1 -1 -1 -1 -1 -1 -1 -1 9809 -1 9809 -1 -1 -1 9809 -1 9809 -1 9809 -1 9809 -1 9809 -1 -1 -1 9809 -1 9809 -1 9809 -1 -1 -1 9809 -1 9809 -1 -1 -1 -1 -1
9809 9809 9809 9809 9809 -1 9809 9809 9809 9809 9809 -1 9809 -1 9809 -1 9809 9809 9809 9809 9809 -1 9809 9809 9809 -1 9809 9809 9809 9809 9809 -1 9809 9809 9809 -1 9809 -1 9809 9809 9809 -1 9809 -1 9809 -1 9809 9809 9809 -1 9809 9809 9809 9809 9809 -1 9809 -1 9809 9809 9809 -1 9809 9809 9809 9809 9809 -1 9809 -1 9809 9809 9809 -1 9809 -1 9809 -1 9809 -1 9809 9809 9809 9809 9809 -1 9809 9809 9809 9809 9809 -1 9809 -1 9809 9809 9809 9809 9809 -1
-1 -1 -1 -1 -1 -1 -1 -1 -1 -1 9809 -1 9809 -1 9809 -1 -1 -1 -1 -1 -1 -1 9809 -1 9809 -1 9809 -1 9809 -1 9809 -1 -1 -1 9809 -1 9809 -1 -1 -1 9809 -1 9809 -1 9809 -1 9809 -1 9809 -1 9809 -1 9809 -1 -1 -1 9809 -1 9809 -1 9809 -1 9809 -1 -1 -1 -1 -1 9809 -1 9809 -1 -1 -1 -1 -1 9809 -1 9809 -1 -1 -1 -1 -1 -1 -1 -1 -1 -1 -1 9809 -1 9809 -1 -1 -1 9809 -1 9809 -1
9809 9809 9809 9809 9809 9809 9809 -1 9809 9809 9809 -1 9809 9809 9809 9809 9809 9809 9809 9809 9809 -1 9809 -1 9809 -1 9809 -1 9809 -1 9809 -1 9809 9809 9809 -1 9809 9809 9809 -1 9809 9809 9809 -1 9809 9809 9809 -1 9809 9809 9809 -1 9809 9809 9809 -1 9809 9809 9809 -1 9809 -1 9809 -1 9809 9809 9809 9809 9809 -1 9809 9809 9809 9809 9809 -1 9809 -1 9809 9809 9809 9809 9809 -1 9809 -1 9809 9809 9809 9809 9809 -1 9809 9809 9809 -1 9809 -1 9809 -1
9809 -1 -1 -1 -1 -1 9809 -1 9809 -1 -1 -1 -1 -1 -1 -1 -1 -1 -1 -1 -1 -1 9809 -1 9809 -1 -1 -1 9809 -1 9809 -1 9809 -1 -1 -1 -1 -1 9809 -1 -1 -1 -1 -1 -1 -1 9809 -1 -1 -1 -1 -1 -1 -1 9809 -1 -1 -1 -1 -1 9809 -1 9809 -1 9809 -1 -1 -1 -1 -1 -1 -1 -1 -1 9809 -1 9809 -1 -1 -1 -1 -1 9809 -1 9809 -1 9809 -1 -1 -1 -1 -1 -1 -1 9809 -1 -1 -1 9809 -1
9809 -1 9809 9809 9809 -1 9809 -1 9809 9809 9809 -1 9809 9809 9809 -1 9809 9809 9809 9809 9809 9809 9809 -1 9809 9809 9809 9809 9809 -1 9809 -1 9809 9809 9809 -1 9809 9809 9809 9809 9809 -1 9809 9809 9809 -1 9809 9809 9809 9809 9809 9809 9809 -1 9809 9809 9809 9809 9809 -1 9809 9809 9809 -1 9809 9809 9809 9809 9809 9809 9809 9809 9809 -1 9809 9809 9809 -1 9809 9809 9809 9809 9809 -1 9809 -1 9809 -1 9809 9809 9809 -1 9809 -1 9809 9809 9809 9809 9809 -1
9809 -1 9809 -1 9809 -1 9809 -1 -1 -1 9809 -1 -1 -1 9809 -1 9809 -1 -1 -1 -1 -1 -1 -1 9809 -1 -1 -1 -1 -1 9809 -1 -1 -1 9809 -1 9809 -1 -1 -1 9809 -1 9809 -1 9809 -1 -1 -1 -1 -1 -1 -1 9809 -1 -1 -1 -1 -1 9809 -1 -1 -1 -1 -1 -1 -1 -1 -1 -1 -1 9809 -1 -1 -1 -1 -1 -1 -1 9809 -1 -1 -1 -1 -1 9809 -1 9809 -1 9809 -1 9809 -1 9809 -1 -1 -1 -1 -1 -1 -1
9809 -1 9809 -1 9809 -1 9809 9809 9809 -1 9809 9809 9809 9809 9809 -1 9809 -1 9809 9809 9809 -1 9809 9809 9809 -1 9809 9809 9809 -1 9809 -1 9809 -1 9809 -1 9809 -1 9809 -1 9809 -1 9809 -1 9809 9809 9809 9809 9809 9809 9809 -1 9809 9809 9809 9809 9809 -1 9809 9809 9809 9809 9809 9809 9809 -1 9809 9809 9809 9809 9809 -1 9809 9809 9809 9809 9809 9809 9809 -1 9809 9809 9809 9809 9809 -1 9809 9809 9809 -1 9809 9809 9809 -1 9809 9809 9809 9809 9809 -1
9809 -1 9809 -1 9809 -1 -1 -1 9809 -1 -1 -1 -1 -1 9809 -1 9809 -1 -1 -1 9809 -1 9809 -1 -1 -1 9809 -1 9809 -1 9809 -1 9809 -1 9809 -1 9809 -1 9809 -1 9809 -1 9809 -1 -1 -1 -1 -1 -1 -1 9809 -1 -1 -1 -1 -1 -1 -1 9809 -1 -1 -1 -1 -1 9809 -1 9809 -1 -1 -1 -1 -1 9809 -1 -1 -1 -1 -1 -1 -1 9809 -1 9809 -1 -1 -1 -1 -1 -1 -1 -1 -1 9809 -1 -1 -1 -1 -1 9809 -1
9809 -1 9809 -1 9809 9809 9809 -1 9809 9809 9809 -1 9809 -1 9809 -1 9809 9809 9809 -1 9809 -1 9809 -1 9809 -1 9809 -1 9809 -1 9809 9809 9809 -1 9809 -1 9809 -1 9809 -1 9809 -1 9809 -1 9809 9809 9809 9809 9809 -1 9809 9809 9809 9809 9809 9809 9809 9809 9809 -1 9809 9809 9809 -1 9809 -1 9809 -1 9809 9809 9809 -1 9809 9809 9809 -1 9809 9809 9809 -1 9809 -1 9809 -1 9809 9809 9809 9809 9809 -1 9809 9809 9809 -1 9809 9809 9809 9809 9809 -1
9809 -1 9809 -1 -1 -1 9809 -1 -1 -1 9809 -1 9809 -1 9809 -1 -1 -1 9809 -1 9809 -1 9809 -1 9809 -1 9809 -1 9809 -1 -1 -1 -1 -1 9809 -1 9809 -1 9809 -1 9809 -1 9809 -1 -1 -1 9809 -1 -1 -1 -1 -1 -1 -1 -1 -1 -1 -1 -1 -1 9809 -1 9809 -1 9809 -1 -1 -1 9809 -1 9809 -1 9809 -1 9809 -1 9809 -1 -1 -1 9809 -1 9809 -1 9809 -1 -1 -1 9809 -1 9809 -1 -1 -1 9809 -1 -1 -1 -1 -1
9809 -1 9809 9809 9809 -1 9809 9809 9809 -1 9809 -1 9809 9809 9809 -1 9809 9809 9809 -1 9809 9809 9809 9809 9809 -1 9809 -1 9809 9809 9809 9809 9809 9809 9809 -1 9809 -1 9809 9809 9809 -1 9809 9809 9809 -1 9809 9809 9809 9809 9809 9809 9809 9809 9809 9809 9809 9809 9809 9809 9809 -1 9809 -1 9809 9809 9809 9809 9809 -1 9809 -1 9809 -1 9809 -1 9809 9809 9809 9809 9809 -1 9809 -1 9809 9809 9809 -1 9809 -1 9809 9809 9809 -1 9809 9809 9809 9809 9809 -1
9809 -1 -1 -1 9809 -1 -1 -1 9809 -1 9809 -1 -1 -1 9809 -1 9809 -1 -1 -1 9809 -1 -1 -1 -1 -1 9809 -1 -1 -1 -1 -1 -1 -1 -1 -1 9809 -1 9809 -1 -1 -1 -1 -1 9809 -1 -1 -1 -1 -1 -1 -1 9809 -1 -1 -1 -1 -1 9809 -1 9809 -1 -1 -1 -1 -1 -1 -1 -1 -1 9809 -1 -1 -1 9809 -1 9809 -1 -1 -1 -1 -1 9809 -1 -1 -1 9809 -1 9809 -1 -1 -1 9809 -1 -1 -1 -1 -1 9809 -1
9809 -1 9809 9809 9809 -1 9809 9809 9809 -1 9809 9809 9809 -1 9809 -1 9809 9809 9809 -1 9809 -1 9809 -1 9809 9809 9809 -1 9809 9809 9809 9809 9809 9809 9809 -1 9809 -1 9809 9809 9809 9809 9809 -1 9809 9809 9809 -1 9809 9809 9809 -1 9809 -1 9809 -1 9809 9809 9809 -1 9809 -1 9809 9809 9809 9809 9809 -1 9809 9809 9809 -1 9809 9809 9809 -1 9809 -1 9809 9809 9809 -1 9809 9809 9809 9809 9809 -1 9809 9809 9809 -1 9809 9809 9809 9809 9809 -1 9809 -1
9809 -1 9809 -1 -1 -1 9809 -1 -1 -1 -1 -1 9809 -1 -1 -1 -1 -1 9809 -1 9809 -1 9809 -1 9809 -1 -1 -1 9809 -1 -1 -1 -1 -1 9809 -1 9809 -1 -1 -1 -1 -1 9809 -1 9809 -1 9809 -1 9809 -1 9809 -1 9809 -1 9809 -1 9809 -1 -1 -1 -1 -1 9809 -1 -1 -1 9809 -1 9809 -1 -1 -1 9809 -1 -1 -1 9809 -1 9809 -1 -1 -1 -1 -1 -1 -1 -1 -1 -1 -1 9809 -1 -1 -1 -1 -1 9809 -1 9809 -1
9809 9809 9809 9809 9809 -1 9809 -1 9809 9809 9809 -1 9809 9809 9809 9809 9809 9809 9809 -1 9809 9809 9809 -1 9809 9809 9809 -1 9809 9809 9809 9809 9809 -1 9809 9809 9809 -1 9809 -1 9809 9809 9809 -1 9809 -1 9809 9809 9809 -1 9809 -1 9809 9809 9809 -1 9809 9809 9809 9809 9809 9809 9809 -1 9809 9809 9809 -1 9809 9809 9809 9809 9809 -1 9809 -1 9809 -1 9809 9809 9809 9809 9809 9809 9809 9809 9809 -1 9809 9809 9809 9809 9809 9809 9809 -1 9809 -1 9809 -1
9809 -1 -1 -1 -1 -1 9809 -1 9809 -1 -1 -1 -1 -1 -1 -1 -1 -1 9809 -1 -1 -1 -1 -1 -1 -1 9809 -1 -1 -1 9809 -1 9809 -1 -1 -1 -1 -1 9809 -1 9809 -1 -1 -1 9809 -1 -1 -1 -1 -1 9809 -1 -1 -1 -1 -1 -1 -1 9809 -1 -1 -1 -1 -1 9809 -1 -1 -1 -1 -1 -1 -1 -1 -1 9809 -1 9809 -1 -1 -1 -1 -1 -1 -1 -1 -1 9809 -1 9809 -1 -1 -1 -1 -1 9809 -1 9809 -1 9809 -1
9809 9809 9809 -1 9809 9809 9809 -1 9809 9809 9809 -1 9809 9809 9809 9809 9809 9809 9809 -1 9809 9809 9809 9809 9809 -1 9809 9809 9809 -1 9809 -1 9809 9809 9809 -1 9809 9809 9809 -1 9809 -1 9809 9809 9809 -1 9809 9809 9809 -1 9809 9809 9809 9809 9809 9809 9809 -1 9809 9809 9809 9809 9809 -1 9809 9809 9809 9809 9809 9809 9809 9809 9809 9809 9809 -1 9809 9809 9809 -1 9809 9809 9809 9809 9809 9809 9809 -1 9809 9809 9809 9809 9809 -1 9809 -1 9809 9809 9809 -1
-1 -1 9809 -1 9809 -1 -1 -1 -1 -1 9809 -1 9809 -1 -1 -1 -1 -1 -1 -1 9809 -1 9809 -1 -1 -1 -1 -1 9809 -1 -1 -1 9809 -1 9809 -1 9809 -1 -1 -1 9809 -1 -1 -1 -1 -1 9809 -1 9809 -1 -1 -1 -1 -1 -1 -1 9809 -1 -1 -1 -1 -1 -1 -1 9809 -1 -1 -1 -1 -1 9809 -1 -1 -1 -1 -1 -1 -1 9809 -1 9809 -1 -1 -1 -1 -1 9809 -1 -1 -1 -1 -1 9809 -1 -1 -1 -1 -1 9809 -1
9809 9809 9809 -1 9809 -1 9809 9809 9809 -1 9809 -1 9809 9809 9809 -1 9809 9809 9809 9809 9809 -1 9809 -1 9809 9809 9809 -1 9809 9809 9809 -1 9809 -1 9809 -1 9809 9809 9809 9809 9809 -1 9809 9809 9809 9809 9809 -1 9809 9809 9809 9809 9809 9809 9809 -1 9809 9809 9809 -1 9809 9809 9809 -1 9809 9809 9809 9809 9809 -1 9809 -1 9809 9809 9809 9809 9809 -1 9809 9809 9809 -1 9809 9809 9809 -1 9809 9809 9809 9809 9809 -1 9809 -1 9809 9809 9809 9809 9809 -1
9809 -1 -1 -1 9809 -1 9809 -1 9809 -1 9809 -1 -1 -1 9809 -1 9809 -1 -1 -1 -1 -1 9809 -1 9809 -1 9809 -1 -1 -1 9809 -1 9809 -1 9809 -1 9809 -1 -1 -1 -1 -1 9809 -1 -1 -1 -1 -1 -1 -1 -1 -1 -1 -1 9809 -1 9809 -1 9809 -1 9809 -1 9809 -1 -1 -1 -1 -1 9809 -1 9809 -1 9809 -1 9809 -1 -1 -1 -1 -1 9809 -1 9809 -1 9809 -1 -1 -1 -1 -1 -1 -1 9809 -1 9809 -1 -1 -1 -1 -1
9809 9809 9809 -1 9809 9809 9809 -1 9809 -1 9809 9809 9809 -1 9809 -1 9809 -1 9809 9809 9809 -1 9809 9809 9809 -1 9809 9809 9809 -1 9809 -1 9809 -1 9809 -1 9809 9809 9809 9809 9809 9809 9809 -1 9809 9809 9809 9809 9809 9809 9809 -1 9809 9809 9809 -1 9809 -1 9809 9809 9809 -1 9809 -1 9809 9809 9809 -1 9809 -1 9809 9809 9809 -1 9809 9809 9809 9809 9809 9809 9809 -1 9809 -1 9809 -1 9809 9809 9809 9809 9809 9809 9809 -1 9809 -1 9809 9809 9809 -1
-1 -1 9809 -1 -1 -1 -1 -1 9809 -1 9809 -1 -1 -1 9809 -1 9809 -1 9809 -1 9809 -1 -1 -1 -1 -1 9809 -1 -1 -1 9809 -1 9809 -1 9809 -1 -1 -1 -1 -1 -1 -1 -1 -1 9809 -1 -1 -1 -1 -1 9809 -1 9809 -1 -1 -1 9809 -1 -1 -1 -1 -1 9809 -1 9809 -1 -1 -1 9809 -1 -1 -1 -1 -1 -1 -1 -1 -1 -1 -1 -1 -1 9809 -1 9809 -1 9809 -1 -1 -1 9809 -1 -1 -1 9809 -1 -1 -1 9809 -1
9809 -1 9809 -1 9809 -1 9809 9809 9809 -1 9809 -1 9809 9809 9809 -1 9809 9809 9809 -1 9809 9809 9809 -1 9809 -1 9809 9809 9809 9809 9809 -1 9809 -1 9809 9809 9809 9809 9809 -1 9809 9809 9809 9809 9809 -1 9809 9809 9809 -1 9809 -1 9809 -1 9809 9809 9809 -1 9809 9809 9809 -1 9809 -1 9809 9809 9809 9809 9809 9809 9809 9809 9809 9809 9809 9809 9809 9809 9809 -1 9809 9809 9809 -1 9809 9809 9809 -1 9809 9809 9809 -1 9809 9809 9809 -1 9809 9809 9809 -1
9809 -1 9809 -1 9809 -1 9809 -1 -1 -1 9809 -1 9809 -1 -1 -1 -1 -1 -1 -1 -1 -1 9809 -1 9809 -1 -1 -1 -1 -1 -1 -1 -1 -1 -1 -1 -1 -1 9809 -1 -1 -1 9809 -1 -1 -1 9809 -1 9809 -1 9809 -1 9809 -1 9809 -1 -1 -1 9809 -1 -1 -1 9809 -1 9809 -1 -1 -1 -1 -1 -1 -1 -1 -1 -1 -1 -1 -1 -1 -1 9809 -1 -1 -1 -1 -1 -1 -1 9809 -1 -1 -1 9809 -1 -1 -1 9809 -1 -1 -1
9809 9809 9809 9809 9809 -1 9809 9809 9809 -1 9809 -1 9809 -1 9809 -1 9809 9809 9809 9809 9809 9809 9809 -1 9809 -1 9809 9809 9809 9809 9809 9809 9809 -1 9809 9809 9809 -1 9809 9809 9809 -1 9809 9809 9809 -1 9809 -1 9809 9809 9809 -1 9809 -1 9809 -1 9809 9809 9809 -1 9809 9809 9809 -1 9809 9809 9809 -1 9809 9809 9809 9809 9809 9809 9809 9809 9809 9809 9809 -1 9809 -1 9809 9809 9809 9809 9809 9809 9809 -1 9809 -1 9809 9809 9809 -1 9809 9809 9809 -1
-1 -1 -1 -1 -1 -1 -1 -1 9809 -1 9809 -1 9809 -1 9809 -1 9809 -1 -1 -1 -1 -1 -1 -1 9809 -1 9809 -1 -1 -1 9809 -1 9809 -1 9809 -1 9809 -1 9809 -1 9809 -1 -1 -1 -1 -1 9809 -1 -1 -1 9809 -1 9809 -1 9809 -1 9809 -1 -1 -1 9809 -1 -1 -1 -1 -1 -1 -1 9809 -1 -1 -1 -1 -1 -1 -1 -1 -1 9809 -1 9809 -1 -1 -1 -1 -1 -1 -1 9809 -1 9809 -1 -1 -1 9809 -1 9809 -1 9809 -1
9809 9809 9809 9809 9809 9809 9809 9809 9809 -1 9809 9809 9809 -1 9809 -1 9809 -1 9809 -1 9809 9809 9809 9809 9809 -1 9809 -1 9809 -1 9809 -1 9809 -1 9809 -1 9809 -1 9809 -1 9809 9809 9809 9809 9809 -1 9809 -1 9809 9809 9809 -1 9809 -1 9809 9809 9809 -1 9809 9809 9809 -1 9809 9809 9809 9809 9809 9809 9809 -1 9809 9809 9809 9809 9809 9809 9809 -1 9809 9809 9809 -1 9809 9809 9809 9809 9809 -1 9809 9809 9809 9809 9809 -1 9809 -1 9809 -1 9809 -1
9809 -1 -1 -1 -1 -1 -1 -1 -1 -1 9809 -1 -1 -1 9809 -1 9809 -1 9809 -1 9809 -1 9809 -1 -1 -1 9809 -1 9809 -1 9809 -1 9809 -1 9809 -1 9809 -1 -1 -1 -1 -1 -1 -1 9809 -1 9809 -1 -1 -1 -1 -1 9809 -1 -1 -1 9809 -1 9809 -1 -1 -1 -1 -1 9809 -1 -1 -1 -1 -1 9809 -1 -1 -1 -1 -1 9809 -1 9809 -1 -1 -1 9809 -1 -1 -1 9809 -1 -1 -1 -1 -1 9809 -1 9809 -1 9809 -1 9809 -1
9809 9809 9809 9809 9809 9809 9809 -1 9809 -1 9809 -1 9809 9809 9809 -1 9809 -1 9809 9809 9809 -1 9809 9809 9809 -1 9809 9809 9809 -1 9809 -1 9809 9809 9809 -1 9809 9809 9809 9809 9809 9809 9809 9809 9809 -1 9809 -1 9809 9809 9809 -1 9809 9809 9809 -1 9809 -1 9809 -1 9809 9809 9809 9809 9809 -1 9809 9809 9809 9809 9809 -1 9809 9809 9809 -1 9809 9809 9809 -1 9809 9809 9809 -1 9809 -1 9809 9809 9809 -1 9809 9809 9809 -1 9809 -1 9809 -1 9809 -1
9809 -1 -1 -1 -1 -1 9809 -1 9809 -1 9809 -1 9809 -1 -1 -1 9809 -1 -1 -1 -1 -1 -1 -1 9809 -1 9809 -1 -1 -1 9809 -1 -1 -1 -1 -1 -1 -1 -1 -1 -1 -1 -1 -1 -1 -1 9809 -1 9809 -1 9809 -1 -1 -1 9809 -1 9809 -1 9809 -1 9809 -1 -1 -1 -1 -1 -1 -1 -1 -1 -1 -1 9809 -1 9809 -1 -1 -1 -1 -1 9809 -1 -1 -1 9809 -1 -1 -1 9809 -1 -1 -1 9809 -1 9809 -1 -1 -1 9809 -1
9809 9809 9809 9809 9809 -1 9809 -1 9809 -1 9809 -1 9809 -1 9809 9809 9809 -1 9809 9809 9809 9809 9809 -1 9809 9809 9809 -1 9809 9809 9809 -1 9809 9809 9809 -1 9809 9809 9809 9809 9809 9809 9809 -1 9809 9809 9809 -1 9809 -1 9809 -1 9809 9809 9809 -1 9809 -1 9809 -1 9809 9809 9809 9809 9809 9809 9809 9809 9809 9809 9809 9809 9809 -1 9809 -1 9809 9809 9809 9809 9809 -1 9809 9809 9809 9809 9809 -1 9809 9809 9809 -1 9809 -1 9809 9809 9809 -1 9809 -1
-1 -1 9809 -1 -1 -1 9809 -1 9809 -1 9809 -1 9809 -1 9809 -1 -1 -1 9809 -1 -1 -1 9809 -1 -1 -1 -1 -1 9809 -1 -1 -1 9809 -1 9809 -1 9809 -1 -1 -1 9809 -1 -1 -1 9809 -1 9809 -1 9809 -1 9809 -1 9809 -1 -1 -1 9809 -1 9809 -1 9809 -1 -1 -1 -1 -1 -1 -1 -1 -1 -1 -1 9809 -1 9809 -1 9809 -1 -1 -1 -1 -1 -1 -1 -1 -1 9809 -1 -1 -1 9809 -1 -1 -1 -1 -1 9809 -1 9809 -1
9809 -1 9809 -1 9809 9809 9809 -1 9809 -1 9809 -1 9809 -1 9809 9809 9809 9809 9809 -1 9809 -1 9809 9809 9809 9809 9809 9809 9809 -1 9809 -1 9809 -1 9809 -1 9809 -1 9809 -1 9809 9809 9809 -1 9809 -1 9809 9809 9809 -1 9809 9809 9809 -1 9809 9809 9809 -1 9809 -1 9809 9809 9809 9809 9809 9809 9809 -1 9809 9809 9809 -1 9809 -1 9809 -1 9809 -1 9809 9809 9809 9809 9809 9809 9809 9809 9809 9809 9809 -1 9809 9809 9809 9809 9809 9809 9809 -1 9809 -1
9809 -1 9809 -1 9809 -1 -1 -1 9809 -1 9809 -1 9809 -1 -1 -1 -1 -1 -1 -1 9809 -1 -1 -1 -1 -1 -1 -1 -1 -1 9809 -1 9809 -1 9809 -1 9809 -1 9809 -1 -1 -1 9809 -1 9809 -1 -1 -1 -1 -1 -1 -1 -1 -1 -1 -1 9809 -1 9809 -1 -1 -1 -1 -1 -1 -1 9809 -1 9809 -1 9809 -1 -1 -1 9809 -1 9809 -1 -1 -1 9809 -1 -1 -1 -1 -1 -1 -1 9809 -1 -1 -1 -1 -1 -1 -1 -1 -1 9809 -1
9809 9809 9809 -1 9809 -1 9809 9809 9809 -1 9809 -1 9809 9809 9809 9809 9809 -1 9809 9809 9809 -1 9809 9809 9809 9809 9809 9809 9809 9809 9809 -1 9809 -1 9809 9809 9809 -1 9809 9809 9809 -1 9809 9809 9809 -1 9809 9809 9809 9809 9809 9809 9809 9809 9809 -1 9809 -1 9809 9809 9809 9809 9809 9809 9809 -1 9809 -1 9809 -1 9809 9809 9809 9809 9809 -1 9809 9809 9809 -1 9809 -1 9809 9809 9809 9809 9809 -1 9809 9809 9809 9809 9809 9809 9809 9809 9809 9809 9809 -1
9809 -1 -1 -1 9809 -1 9809 -1 9809 -1 9809 -1 9809 -1 -1 -1 9809 -1 9809 -1 9809 -1 9809 -1 -1 -1 -1 -1 9809 -1 9809 -1 9809 -1 -1 -1 -1 -1 -1 -1 9809 -1 -1 -1 -1 -1 -1 -1 9809 -1 -1 -1 -1 -1 9809 -1 -1 -1 -1 -1 -1 -1 -1 -1 9809 -1 -1 -1 9809 -1 9809 -1 -1 -1 -1 -1 -1 -1 9809 -1 9809 -1 9809 -1 -1 -1 9809 -1 -1 -1 -1 -1 -1 -1 -1 -1 -1 -1 -1 -1
9809 9809 9809 -1 9809 -1 9809 -1 9809 9809 9809 -1 9809 -1 9809 9809 9809 -1 9809 -1 9809 -1 9809 -1 9809 -1 9809 9809 9809 -1 9809 -1 9809 -1 9809 -1 9809 9809 9809 9809 9809 9809 9809 9809 9809 9809 9809 -1 9809 -1 9809 9809 9809 9809 9809 9809 9809 9809 9809 -1 9809 9809 9809 9809 9809 -1 9809 9809 9809 -1 9809 -1 9809 9809 9809 9809 9809 9809 9809 -1 9809 9809 9809 -1 9809 -1 9809 9809 9809 9809 9809 9809 9809 -1 9809 9809 9809 9809 9809 -1
9809 -1 -1 -1 9809 -1 9809 -1 -1 -1 -1 -1 -1 -1 9809 -1 9809 -1 9809 -1 9809 -1 9809 -1 9809 -1 9809 -1 -1 -1 -1 -1 9809 -1 9809 -1 9809 -1 9809 -1 -1 -1 -1 -1 -1 -1 9809 -1 9809 -1 -1 -1 -1 -1 -1 -1 -1 -1 9809 -1 9809 -1 -1 -1 -1 -1 9809 -1 -1 -1 -1 -1 9809 -1 -1 -1 -1 -1 -1 -1 9809 -1 -1 -1 9809 -1 -1 -1 -1 -1 -1 -1 9809 -1 9809 -1 -1 -1 9809 -1
9809 -1 9809 9809 9809 -1 9809 -1 9809 9809 9809 9809 9809 9809 9809 -1 9809 -1 9809 -1 9809 9809 9809 -1 9809 -1 9809 -1 9809 9809 9809 9809 9809 -1 9809 -1 9809 -1 9809 9809 9809 -1 9809 9809 9809 9809 9809 -1 9809 9809 9809 9809 9809 -1 9809 9809 9809 9809 9809 -1 9809 -1 9809 9809 9809 9809 9809 -1 9809 9809 9809 9809 9809 -1 9809 9809 9809 9809 9809 -1 9809 9809 9809 -1 9809 9809 9809 9809 9809 9809 9809 -1 9809 9809 9809 -1 9809 9809 9809 -1
9809 -1 9809 -1 -1 -1 9809 -1 -1 -1 -1 -1 9809 -1 -1 -1 9809 -1 9809 -1 -1 -1 -1 -1 9809 -1 9809 -1 9809 -1 -1 -1 -1 -1 9809 -1 9809 -1 -1 -1 9809 -1 -1 -1 -1 -1 9809 -1 9809 -1 -1 -1 9809 -1 9809 -1 -1 -1 -1 -1 9809 -1 -1 -1 -1 -1 9809 -1 9809 -1 -1 -1 -1 -1 9809 -1 -1 -1 9809 -1 -1 -1 9809 -1 -1 -1 -1 -1 -1 -1 9809 -1 -1 -1 -1 -1 9809 -1 -1 -1
9809 -1 9809 9809 9809 -1 9809 9809 9809 9809 9809 9809 9809 -1 9809 -1 9809 -1 9809 9809 9809 -1 9809 9809 9809 -1 9809 -1 9809 -1 9809 9809 9809 9809 9809 -1 9809 9809 9809 -1 9809 9809 9809 9809 9809 -1 9809 -1 9809 -1 9809 9809 9809 -1 9809 9809 9809 9809 9809 -1 9809 9809 9809 9809 9809 -1 9809 -1 9809 9809 9809 9809 9809 9809 9809 -1 9809 -1 9809 9809 9809 -1 9809 9809 9809 9809 9809 9809 9809 -1 9809 9809 9809 9809 9809 -1 9809 9809 9809 -1
9809 -1 -1 -1 9809 -1 -1 -1 -1 -1 -1 -1 -1 -1 9809 -1 9809 -1 -1 -1 9809 -1 9809 -1 9809 -1 9809 -1 9809 -1 9809 -1 -1 -1 9809 -1 -1 -1 9809 -1 -1 -1 -1 -1 9809 -1 9809 -1 -1 -1 9809 -1 -1 -1 -1 -1 -1 -1 9809 -1 -1 -1 -1 -1 9809 -1 9809 -1 -1 -1 -1 -1 -1 -1 -1 -1 9809 -1 -1 -1 9809 -1 -1 -1 -1 -1 -1 -1 9809 -1 9809 -1 9809 -1 -1 -1 -1 -1 9809 -1
9809 9809 9809 -1 9809 -1 9809 9809 9809 9809 9809 9809 9809 9809 9809 -1 9809 9809 9809 -1 9809 9809 9809 -1 9809 -1 9809 9809 9809 -1 9809 -1 9809 9809 9809 9809 9809 -1 9809 -1 9809 9809 9809 9809 9809 -1 9809 9809 9809 9809 9809 -1 9809 9809 9809 9809 9809 -1 9809 9809 9809 9809 9809 9809 9809 -1 9809 9809 9809 9809 9809 -1 9809 9809 9809 9809 9809 9809 9809 -1 9809 9809 9809 9809 9809 9809 9809 -1 9809 -1 9809 -1 9809 9809 9809 -1 9809 9809 9809 -1
-1 -1 9809 -1 9809 -1 9809 -1 -1 -1 -1 -1 -1 -1 -1 -1 -1 -1 9809 -1 -1 -1 -1 -1 9809 -1 -1 -1 -1 -1 9809 -1 9809 -1 9809 -1 -1 -1 9809 -1 9809 -1 -1 -1 -1 -1 -1 -1 -1 -1 -1 -1 -1 -1 -1 -1 9809 -1 -1 -1 -1 -1 -1 -1 -1 -1 9809 -1 -1 -1 9809 -1 -1 -1 -1 -1 9809 -1 -1 -1 -1 -1 -1 -1 -1 -1 9809 -1 9809 -1 9809 -1 -1 -1 9809 -1 9809 -1 -1 -1
9809 9809 9809 -1 9809 -1 9809 -1 9809 9809 9809 9809 9809 9809 9809 9809 9809 9809 9809 -1 9809 9809 9809 -1 9809 -1 9809 9809 9809 9809 9809 -1 9809 -1 9809 -1 9809 9809 9809 -1 9809 -1 9809 9809 9809 9809 9809 -1 9809 9809 9809 9809 9809 -1 9809 9809 9809 -1 9809 9809 9809 9809 9809 9809 9809 9809 9809 -1 9809 9809 9809 -1 9809 9809 9809 -1 9809 9809 9809 -1 9809 9809 9809 9809 9809 9809 9809 -1 9809 -1 9809 -1 9809 9809 9809 -1 9809 9809 9809 -1
9809 -1 -1 -1 9809 -1 9809 -1 9809 -1 -1 -1 -1 -1 -1 -1 -1 -1 -1 -1 9809 -1 9809 -1 9809 -1 9809 -1 -1 -1 -1 -1 9809 -1 9809 -1 9809 -1 -1 -1 9809 -1 9809 -1 -1 -1 9809 -1 9809 -1 -1 -1 9809 -1 9809 -1 9809 -1 9809 -1 9809 -1 -1 -1 -1 -1 -1 -1 9809 -1 -1 -1 9809 -1 9809 -1 -1 -1 9809 -1 9809 -1 -1 -1 -1 -1 -1 -1 9809 -1 -1 -1 9809 -1 -1 -1 -1 -1 9809 -1
9809 9809 9809 -1 9809 -1 9809 9809 9809 9809 9809 9809 9809 9809 9809 -1 9809 9809 9809 -1 9809 -1 9809 9809 9809 -1 9809 9809 9809 9809 9809 -1 9809 -1 9809 -1 9809 9809 9809 -1 9809 -1 9809 -1 9809 9809 9809 -1 9809 9809 9809 -1 9809 9809 9809 -1 9809 -1 9809 -1 9809 -1 9809 -1 9809 9809 9809 -1 9809 -1 9809 9809 9809 -1 9809 -1 9809 9809 9809 -1 9809 -1 9809 9809 9809 9809 9809 -1 9809 9809 9809 -1 9809 9809 9809 9809 9809 -1 9809 -1
-1 -1 -1 -1 9809 -1 9809 -1 -1 -1 -1 -1 -1 -1 -1 -1 9809 -1 9809 -1 9809 -1 -1 -1 -1 -1 -1 -1 -1 -1 9809 -1 9809 -1 -1 -1 9809 -1 -1 -1 9809 -1 9809 -1 9809 -1 -1 -1 -1 -1 9809 -1 9809 -1 -1 -1 -1 -1 9809 -1 9809 -1 9809 -1 9809 -1 9809 -1 9809 -1 9809 -1 -1 -1 9809 -1 9809 -1 9809 -1 9809 -1 9809 -1 -1 -1 9809 -1 -1 -1 9809 -1 -1 -1 9809 -1 -1 -1 9809 -1
9809 9809 9809 9809 9809 -1 9809 -1 9809 -1 9809 9809 9809 9809 9809 9809 9809 -1 9809 -1 9809 -1 9809 9809 9809 9809 9809 -1 9809 9809 9809 -1 9809 9809 9809 9809 9809 -1 9809 9809 9809 -1 9809 -1 9809 -1 9809 9809 9809 9809 9809 -1 9809 -1 9809 9809 9809 9809 9809 -1 9809 -1 9809 -1 9809 -1 9809 -1 9809 9809 9809 -1 9809 -1 9809 9809 9809 -1 9809 -1 9809 9809 9809 -1 9809 9809 9809 -1 9809 9809 9809 9809 9809 9809 9809 -1 9809 9809 9809 -1
9809 -1 -1 -1 -1 -1 9809 -1 9809 -1 9809 -1 -1 -1 -1 -1 -1 -1 9809 -1 9809 -1 -1 -1 9809 -1 9809 -1 9809 -1 -1 -1 -1 -1 -1 -1 -1 -1 9809 -1 -1 -1 9809 -1 9809 -1 -1 -1 9809 -1 -1 -1 9809 -1 9809 -1 -1 -1 -1 -1 9809 -1 9809 -1 9809 -1 9809 -1 -1 -1 -1 -1 9809 -1 -1 -1 9809 -1 -1 -1 -1 -1 -1 -1 9809 -1 -1 -1 9809 -1 -1 -1 -1 -1 -1 -1 9809 -1 9809 -1
9809 -1 9809 9809 9809 9809 9809 9809 9809 -1 9809 9809 9809 9809 9809 -1 9809 9809 9809 -1 9809 9809 9809 9809 9809 -1 9809 -1 9809 9809 9809 9809 9809 -1 9809 9809 9809 -1 9809 -1 9809 9809 9809 -1 9809 9809 9809 9809 9809 -1 9809 9809 9809 -1 9809 -1 9809 -1 9809 9809 9809 -1 9809 -1 9809 -1 9809 9809 9809 9809 9809 9809 9809 -1 9809 9809 9809 -1 9809 9809 9809 9809 9809 9809 9809 -1 9809 9809 9809 9809 9809 -1 9809 9809 9809 9809 9809 -1 9809 -1
9809 -1 -1 -1 -1 -1 9809 -1 -1 -1 9809 -1 -1 -1 -1 -1 9809 -1 9809 -1 -1 -1 -1 -1 -1 -1 9809 -1 -1 -1 -1 -1 -1 -1 9809 -1 9809 -1 9809 -1 9809 -1 9809 -1 9809 -1 -1 -1 -1 -1 9809 -1 -1 -1 9809 -1 9809 -1 9809 -1 -1 -1 9809 -1 9809 -1 -1 -1 9809 -1 -1 -1 -1 -1 9809 -1 -1 -1 9809 -1 -1 -1 -1 -1 -1 -1 -1 -1 -1 -1 -1 -1 9809 -1 -1 -1 -1 -1 9809 -1
9809 9809 9809 9809 9809 -1 9809 -1 9809 9809 9809 -1 9809 9809 9809 -1 9809 -1 9809 -1 9809 -1 9809 9809 9809 9809 9809 -1 9809 9809 9809 9809 9809 9809 9809 -1 9809 -1 9809 -1 9809 -1 9809 -1 9809 -1 9809 9809 9809 -1 9809 9809 9809 -1 9809 9809 9809 -1 9809 -1 9809 9809 9809 9809 9809 9809 9809 -1 9809 9809 9809 9809 9809 9809 9809 -1 9809 -1 9809 9809 9809 -1 9809 9809 9809 9809 9809 9809 9809 9809 9809 9809 9809 -1 9809 9809 9809 -1 9809 -1
9809 -1 -1 -1 9809 -1 -1 -1 9809 -1 -1 -1 9809 -1 9809 -1 9809 -1 9809 -1 9809 -1 9809 -1 -1 -1 -1 -1 9809 -1 -1 -1 -1 -1 -1 -1 9809 -1 9809 -1 -1 -1 9809 -1 -1 -1 9809 -1 9809 -1 -1 -1 -1 -1 -1 -1 9809 -1 9809 -1 -1 -1 -1 -1 -1 -1 9809 -1 -1 -1 -1 -1 -1 -1 -1 -1 9809 -1 -1 -1 9809 -1 -1 -1 9809 -1 9809 -1 -1 -1 -1 -1 -1 -1 9809 -1 9809 -1 9809 -1
9809 9809 9809 -1 9809 -1 9809 9809 9809 9809 9809 -1 9809 -1 9809 -1 9809 -1 9809 -1 9809 -1 9809 -1 9809 9809 9809 -1 9809 9809 9809 -1 9809 -1 9809 9809 9809 -1 9809 9809 9809 -1 9809 9809 9809 9809 9809 -1 9809 -1 9809 9809 9809 -1 9809 9809 9809 -1 9809 9809 9809 -1 9809 9809 9809 -1 9809 9809 9809 -1 9809 9809 9809 -1 9809 9809 9809 9809 9809 -1 9809 9809 9809 -1 9809 -1 9809 -1 9809 9809 9809 9809 9809 -1 9809 -1 9809 -1 9809 -1
-1 -1 9809 -1 9809 -1 9809 -1 -1 -1 -1 -1 9809 -1 9809 -1 9809 -1 9809 -1 9809 -1 9809 -1 9809 -1 9809 -1 -1 -1 9809 -1 9809 -1 9809 -1 -1 -1 -1 -1 9809 -1 -1 -1 -1 -1 9809 -1 9809 -1 9809 -1 9809 -1 9809 -1 -1 -1 -1 -1 9809 -1 9809 -1 9809 -1 -1 -1 9809 -1 9809 -1 9809 -1 -1 -1 9809 -1 9809 -1 -1 -1 9809 -1 -1 -1 9809 -1 9809 -1 -1 -1 -1 -1 9809 -1 9809 -1 9809 -1
9809 9809 9809 -1 9809 9809 9809 -1 9809 9809 9809 -1 9809 -1 9809 -1 9809 -1 9809 9809 9809 -1 9809 9809 9809 -1 9809 9809 9809 9809 9809 -1 9809 -1 9809 9809 9809 9809 9809 -1 9809 9809 9809 9809 9809 -1 9809 -1 9809 9809 9809 -1 9809 -1 9809 -1 9809 -1 9809 9809 9809 -1 9809 -1 9809 9809 9809 -1 9809 9809 9809 -1 9809 -1 9809 9809 9809 -1 9809 9809 9809 -1 9809 9809 9809 -1 9809 -1 9809 9809 9809 9809 9809 9809 9809 -1 9809 9809 9809 -1
9809 -1 -1 -1 -1 -1 -1 -1 9809 -1 9809 -1 9809 -1 9809 -1 9809 -1 -1 -1 -1 -1 -1 -1 -1 -1 -1 -1 -1 -1 -1 -1 9809 -1 -1 -1 -1 -1 9809 -1 9809 -1 -1 -1 9809 -1 -1 -1 9809 -1 -1 -1 9809 -1 9809 -1 9809 -1 9809 -1 -1 -1 9809 -1 -1 -1 9809 -1 -1 -1 -1 -1 9809 -1 9809 -1 -1 -1 -1 -1 9809 -1 -1 -1 9809 -1 9809 -1 9809 -1 -1 -1 -1 -1 -1 -1 -1 -1 -1 -1
9809 -1 9809 9809 9809 9809 9809 -1 9809 -1 9809 9809 9809 -1 9809 9809 9809 -1 9809 9809 9809 9809 9809 -1 9809 9809 9809 9809 9809 9809 9809 -1 9809 9809 9809 9809 9809 9809 9809 -1 9809 9809 9809 -1 9809 9809 9809 -1 9809 -1 9809 9809 9809 -1 9809 -1 9809 -1 9809 9809 9809 -1 9809 -1 9809 -1 9809 9809 9809 9809 9809 -1 9809 -1 9809 -1 9809 9809 9809 9809 9809 9809 9809 -1 9809 9809 9809 -1 9809 -1 9809 9809 9809 9809 9809 9809 9809 -1 9809 -1
9809 -1 -1 -1 9809 -1 9809 -1 9809 -1 -1 -1 -1 -1 -1 -1 -1 -1 9809 -1 -1 -1 9809 -1 9809 -1 -1 -1 9809 -1 9809 -1 9809 -1 -1 -1 -1 -1 -1 -1 -1 -1 -1 -1 -1 -1 9809 -1 -1 -1 9809 -1 9809 -1 9809 -1 9809 -1 -1 -1 9809 -1 9809 -1 9809 -1 -1 -1 -1 -1 9809 -1 9809 -1 9809 -1 -1 -1 -1 -1 -1 -1 -1 -1 -1 -1 -1 -1 9809 -1 9809 -1 -1 -1 -1 -1 9809 -1 9809 -1
9809 -1 9809 9809 9809 -1 9809 -1 9809 9809 9809 -1 9809 9809 9809 9809 9809 9809 9809 -1 9809 -1 9809 -1 9809 -1 9809 9809 9809 -1 9809 -1 9809 9809 9809 -1 9809 9809 9809 -1 9809 9809 9809 -1 9809 9809 9809 -1 9809 9809 9809 -1 9809 -1 9809 9809 9809 9809 9809 -1 9809 9809 9809 -1 9809 9809 9809 9809 9809 -1 9809 -1 9809 9809 9809 -1 9809 9809 9809 9809 9809 9809 9809 9809 9809 9809 9809 -1 9809 -1 9809 9809 9809 -1 9809 -1 9809 -1 9809 -1
9809 -1 9809 -1 -1 -1 9809 -1 -1 -1 9809 -1 9809 -1 -1 -1 -1 -1 -1 -1 9809 -1 9809 -1 9809 -1 9809 -1 -1 -1 -1 -1 -1 -1 9809 -1 9809 -1 9809 -1 9809 -1 9809 -1 9809 -1 -1 -1 9809 -1 -1 -1 -1 -1 -1 -1 -1 -1 9809 -1 -1 -1 -1 -1 -1 -1 9809 -1 9809 -1 9809 -1 -1 -1 -1 -1 9809 -1 -1 -1 -1 -1 9809 -1 -1 -1 -1 -1 9809 -1 -1 -1 9809 -1 9809 -1 9809 -1 9809 -1
9809 9809 9809 -1 9809 9809 9809 9809 9809 -1 9809 9809 9809 9809 9809 9809 9809 9809 9809 9809 9809 -1 9809 9809 9809 -1 9809 9809 9809 9809 9809 9809 9809 9809 9809 9809 9809 -1 9809 9809 9809 -1 9809 9809 9809 -1 9809 9809 9809 9809 9809 9809 9809 9809 9809 9809 9809 9809 9809 9809 9809 9809 9809 9809 9809 9809 9809 -1 9809 -1 9809 9809 9809 9809 9809 9809 9809 9809 9809 9809 9809 -1 9809 9809 9809 9809 9809 9809 9809 9809 9809 9809 9809 -1 9809 9809 9809 9809 9809 -1
-1 -1 -1 -1 -1 -1 -1 -1 -1 -1 -1 -1 -1 -1 -1 -1 -1 -1 -1 -1 -1 -1 -1 -1 -1 -1 -1 -1 -1 -1 -1 -1 -1 -1 -1 -1 -1 -1 -1 -1 -1 -1 -1 -1 -1 -1 -1 -1 -1 -1 -1 -1 -1 -1 -1 -1 -1 -1 -1 -1 -1 -1 -1 -1 -1 -1 -1 -1 -1 -1 -1 -1 -1 -1 -1 -1 -1 -1 -1 -1 -1 -1 -1 -1 -1 -1 -1 -1 -1 -1 -1 -1 -1 -1 -1 -1 -1 -1 -1 -1
31 75
45 49
