100 100 673480367
263 -1 263 263 263 263 263 263 263 263 263 263 263 -1 263 263 263 263 263 263 263 263 263 263 -1 -1 263 263 263 -1 263 263 263 263 263 263 263 263 263 263 -1 -1 263 263 263 263 -1 263 263 263 263 263 263 263 263 263 263 -1 263 263 -1 263 263 -1 263 263 -1 -1 263 263 263 263 -1 -1 263 263 -1 263 -1 263 263 -1 263 263 263 263 263 263 263 263 263 263 263 263 263 263 263 263 263 263
263 263 -1 -1 -1 263 263 -1 -1 263 263 263 263 263 263 263 263 263 263 263 263 -1 263 263 263 -1 -1 263 263 263 263 263 263 263 263 263 263 -1 263 263 -1 263 263 263 263 -1 263 263 263 263 -1 263 263 263 263 263 263 -1 -1 -1 263 -1 -1 263 263 263 -1 263 263 -1 263 263 263 -1 263 -1 263 263 263 263 263 -1 263 263 263 -1 263 263 -1 263 263 263 -1 -1 263 -1 263 263 -1 -1
263 263 263 263 263 263 263 -1 263 263 263 263 263 263 263 -1 263 -1 263 263 263 263 263 -1 263 263 263 -1 263 -1 263 263 263 263 -1 263 263 263 -1 263 263 263 263 -1 263 -1 263 263 263 263 263 -1 263 263 263 263 263 263 263 263 263 263 263 263 263 263 263 263 263 -1 263 263 263 263 263 263 -1 263 263 263 -1 263 263 263 263 263 263 263 -1 -1 263 263 263 263 263 263 263 -1 263 263
-1 263 263 263 263 263 263 -1 263 263 263 263 263 263 263 -1 263 263 263 263 263 263 -1 263 263 263 263 263 263 -1 263 263 -1 263 263 263 263 263 -1 263 263 263 263 263 -1 263 263 263 -1 263 -1 263 263 263 263 263 263 263 263 263 263 263 263 263 263 263 263 -1 263 263 263 263 263 263 263 263 263 263 263 263 263 -1 263 -1 263 263 263 263 263 263 263 263 263 263 263 263 -1 263 263 263
263 -1 -1 263 -1 -1 263 263 263 263 -1 -1 -1 -1 -1 263 263 263 263 263 263 263 263 263 263 263 263 263 263 263 263 263 -1 263 263 263 263 263 263 -1 263 -1 263 263 263 -1 263 263 263 -1 -1 263 263 -1 263 -1 -1 263 263 263 263 263 263 263 -1 263 263 263 263 263 -1 263 -1 263 263 -1 263 263 263 263 263 263 263 263 -1 263 263 -1 263 263 -1 263 263 263 263 -1 263 263 -1 263
263 263 263 -1 263 263 263 263 263 263 -1 -1 -1 263 263 263 263 263 -1 263 263 -1 -1 263 263 263 263 263 263 -1 263 263 263 263 -1 263 263 263 -1 263 263 -1 263 263 263 263 263 263 263 -1 263 263 263 263 -1 263 263 -1 -1 263 -1 263 263 263 -1 263 -1 263 263 263 263 263 -1 263 263 263 263 263 263 -1 263 263 -1 263 263 263 263 263 -1 263 263 263 -1 263 263 263 263 263 263 263
263 -1 263 263 -1 263 -1 263 263 263 -1 263 263 263 263 263 -1 263 263 -1 -1 263 263 263 -1 263 263 263 263 -1 263 263 263 263 263 263 263 -1 263 263 263 263 -1 263 -1 263 -1 263 -1 263 263 263 263 -1 -1 -1 -1 263 263 263 -1 263 263 263 263 263 263 263 -1 263 263 -1 263 263 263 263 263 263 263 263 263 263 263 263 263 263 263 -1 263 263 263 263 -1 263 263 263 263 263 -1 263
263 263 263 263 263 263 263 263 263 263 -1 263 263 263 263 263 263 263 263 263 263 263 -1 -1 -1 263 263 263 263 263 263 263 263 263 263 263 263 263 -1 263 -1 263 263 263 263 263 263 263 263 263 -1 -1 263 263 263 -1 263 263 263 -1 263 263 263 263 263 263 -1 263 263 263 263 263 263 263 263 263 -1 263 -1 263 263 263 263 263 263 -1 263 263 263 -1 263 263 -1 263 263 263 263 263 263 263
-1 263 263 263 -1 263 263 263 -1 -1 263 263 263 263 263 263 263 263 263 263 -1 263 263 263 263 263 263 263 -1 263 -1 263 -1 263 -1 263 -1 -1 263 263 -1 263 -1 263 -1 -1 263 263 263 -1 -1 -1 263 -1 263 -1 263 263 263 263 263 263 -1 -1 263 263 263 263 263 263 263 263 263 -1 263 263 263 263 263 263 263 263 263 -1 263 263 -1 263 263 263 263 263 263 -1 263 263 -1 -1 -1 263
-1 -1 -1 -1 263 263 263 263 263 263 -1 263 263 263 263 263 263 263 263 263 -1 263 -1 263 -1 263 263 263 263 -1 -1 263 263 263 263 263 263 -1 263 -1 263 263 -1 263 263 263 263 263 263 263 263 263 263 263 263 -1 263 263 263 263 263 263 263 263 263 -1 263 263 263 263 263 -1 263 263 263 -1 -1 -1 263 -1 263 -1 263 263 263 -1 -1 263 263 263 -1 263 263 263 263 263 -1 263 263 263
-1 263 263 263 263 263 263 263 263 263 263 263 263 263 263 263 263 263 -1 263 263 263 263 -1 263 263 263 -1 263 -1 -1 263 263 263 263 263 263 -1 263 263 263 263 -1 263 263 263 263 263 263 263 263 263 -1 263 263 263 263 263 -1 263 263 263 -1 263 263 -1 263 -1 263 263 -1 263 -1 -1 263 263 263 263 263 -1 263 263 263 263 263 263 -1 263 263 263 263 263 263 263 263 263 -1 263 263 -1
-1 -1 263 -1 263 263 263 263 263 263 263 263 263 263 263 263 -1 263 263 263 -1 263 263 263 263 263 263 -1 263 263 263 263 263 263 -1 -1 263 263 -1 263 263 263 263 -1 263 -1 263 263 263 -1 263 263 263 263 263 263 263 263 263 263 263 -1 263 263 263 263 263 263 263 -1 263 263 -1 263 263 263 263 263 263 -1 263 263 263 -1 263 -1 263 -1 263 263 263 263 263 -1 263 263 263 263 263 -1
263 263 263 263 263 263 263 263 263 -1 263 263 263 263 263 263 263 263 -1 263 263 263 263 263 -1 263 263 263 263 263 263 263 263 263 263 263 263 263 263 -1 263 263 263 -1 -1 263 -1 263 263 -1 263 263 -1 263 -1 263 263 263 263 263 263 263 263 -1 263 263 263 263 -1 263 263 263 263 263 263 263 -1 263 263 263 263 263 263 263 263 263 263 263 263 263 263 263 -1 263 263 -1 263 263 263 263
263 263 -1 263 263 263 263 263 263 263 263 263 263 263 -1 263 263 263 263 -1 263 263 263 263 -1 263 263 263 263 -1 263 263 263 263 263 263 -1 263 263 263 263 263 263 -1 263 263 263 -1 263 263 263 -1 263 263 263 263 263 263 263 263 263 -1 263 263 263 263 -1 263 263 -1 263 263 263 263 263 263 263 -1 -1 263 -1 263 -1 263 263 263 263 263 263 263 263 263 263 263 263 263 -1 263 263 263
-1 263 263 263 263 -1 -1 -1 -1 263 263 -1 -1 263 263 263 263 263 263 263 -1 263 263 263 -1 263 -1 263 263 263 263 263 263 263 263 263 263 263 263 263 263 263 263 -1 -1 263 263 263 263 263 263 -1 -1 263 -1 -1 263 263 263 263 263 263 263 263 263 263 -1 263 -1 -1 -1 263 -1 263 263 263 263 263 263 263 263 263 263 263 263 263 263 263 263 263 -1 263 263 263 -1 263 -1 263 263 263
263 263 263 263 263 263 -1 263 263 -1 263 -1 263 263 263 263 263 263 263 263 -1 263 263 263 263 263 -1 263 263 -1 263 263 263 263 -1 -1 263 263 -1 263 263 263 263 263 263 263 -1 263 263 263 -1 263 263 -1 -1 263 263 263 263 263 263 263 -1 -1 -1 263 263 263 -1 263 263 263 263 263 263 263 263 263 263 263 263 263 -1 263 -1 263 -1 -1 263 -1 263 263 263 263 263 263 263 263 263 263
-1 263 263 263 263 263 263 263 263 -1 263 263 -1 263 263 263 263 263 263 263 -1 263 263 -1 263 263 263 263 263 -1 263 -1 263 -1 263 263 263 263 263 -1 263 263 263 -1 263 263 263 263 263 263 263 263 263 263 -1 263 263 263 263 263 263 263 263 263 263 263 263 -1 263 -1 -1 -1 263 263 263 263 -1 263 263 263 263 263 263 -1 263 263 -1 -1 263 263 263 263 263 -1 263 263 263 -1 263 263
263 263 263 263 263 -1 263 263 263 263 -1 -1 263 263 263 263 263 263 263 263 263 263 263 263 263 263 263 -1 263 -1 263 263 263 263 263 263 263 263 263 263 263 263 263 263 263 -1 263 263 263 263 263 263 263 263 263 -1 263 263 263 263 263 263 263 263 263 263 263 263 -1 263 -1 263 263 263 263 263 263 263 263 263 263 263 -1 -1 263 -1 263 263 263 263 263 263 263 263 263 263 -1 263 -1 263
263 263 263 263 -1 263 -1 263 263 263 263 263 263 263 263 263 263 -1 -1 263 -1 263 263 -1 263 263 263 263 -1 263 263 263 263 263 263 263 263 263 263 263 263 263 263 263 263 263 263 263 263 -1 263 263 263 263 263 263 -1 -1 263 263 263 263 263 263 263 263 263 263 263 263 -1 263 263 263 263 263 263 263 -1 -1 -1 263 263 263 263 263 263 263 -1 263 263 263 263 263 263 263 263 263 263 263
263 263 263 263 263 263 -1 263 263 263 263 263 -1 263 263 263 263 263 263 263 -1 -1 -1 263 -1 -1 263 263 263 263 263 -1 263 -1 263 263 263 263 -1 -1 263 263 263 263 263 263 263 -1 -1 263 263 263 -1 263 -1 263 263 263 263 263 -1 263 -1 -1 -1 263 263 263 263 263 263 263 263 263 263 263 -1 263 263 263 263 263 263 263 -1 -1 263 263 263 -1 263 -1 263 263 -1 263 263 263 263 263
263 263 263 263 263 263 263 263 263 263 -1 263 263 263 263 263 263 263 263 263 263 263 263 263 -1 263 263 -1 263 263 263 -1 263 263 263 263 263 263 263 263 263 -1 263 263 263 263 263 -1 263 263 -1 263 -1 263 263 263 263 263 -1 -1 263 263 263 263 263 263 263 263 263 263 263 263 263 263 263 263 263 263 263 263 -1 -1 263 263 263 263 263 263 263 263 263 263 263 263 263 263 263 263 263 -1
263 -1 -1 263 263 -1 263 263 263 263 263 263 263 263 263 263 263 263 -1 263 -1 -1 263 -1 263 263 -1 263 263 263 263 263 263 263 263 263 263 263 263 263 263 263 263 263 263 263 -1 263 -1 -1 -1 -1 263 -1 -1 263 -1 263 263 -1 263 -1 263 263 263 263 -1 263 263 263 -1 263 263 263 -1 263 263 263 263 263 263 263 263 263 -1 263 263 263 263 263 263 263 -1 263 263 263 263 263 263 263
263 -1 263 263 263 263 263 -1 263 263 263 -1 263 -1 263 263 263 263 263 263 263 263 263 263 263 263 -1 263 263 -1 263 263 -1 263 263 263 263 263 263 263 -1 263 263 263 263 263 263 263 -1 263 263 263 -1 -1 263 263 263 263 263 263 263 263 263 263 263 -1 -1 263 263 263 -1 263 263 263 263 263 263 263 263 -1 263 -1 263 -1 263 263 263 -1 263 263 -1 263 263 263 263 263 263 263 263 263
263 263 263 263 263 -1 263 263 263 263 263 -1 263 263 263 -1 -1 263 263 263 263 263 263 -1 263 263 -1 263 263 263 263 263 263 -1 263 263 -1 263 263 263 263 263 -1 263 263 263 -1 263 -1 263 263 263 263 263 -1 263 -1 263 263 263 263 263 -1 263 263 263 263 263 -1 263 263 263 263 263 263 263 263 263 263 -1 263 263 -1 263 263 263 263 263 -1 -1 263 263 263 263 -1 263 263 -1 -1 -1
263 263 -1 -1 -1 263 263 263 -1 263 -1 263 263 263 263 263 263 263 -1 263 263 -1 263 -1 263 -1 263 263 263 263 263 263 263 263 263 263 263 263 263 263 -1 -1 263 263 263 -1 263 263 263 263 263 -1 263 263 263 263 263 263 263 -1 263 263 263 263 263 263 263 263 263 263 263 263 263 -1 263 263 263 263 263 263 263 263 263 -1 263 263 263 263 263 263 -1 263 263 263 263 263 263 263 263 263
263 -1 263 263 263 263 263 263 263 -1 263 -1 -1 263 -1 -1 263 263 263 263 263 263 263 -1 263 263 263 263 263 263 263 263 263 263 263 263 263 263 263 263 263 263 263 263 263 -1 263 263 263 263 263 263 263 -1 263 263 263 263 263 -1 -1 -1 263 263 263 263 263 263 263 263 -1 263 263 263 263 263 263 263 263 263 263 263 -1 263 263 263 263 263 263 263 -1 263 263 263 263 -1 263 263 -1 263
263 -1 -1 263 263 263 263 -1 -1 263 263 -1 263 -1 -1 263 263 263 263 263 263 263 263 263 -1 263 -1 263 263 263 263 263 -1 -1 -1 263 263 -1 263 -1 263 -1 263 263 -1 -1 263 -1 263 263 263 263 263 263 -1 263 263 263 263 -1 263 263 263 -1 263 -1 -1 263 263 263 -1 263 263 -1 -1 263 263 263 -1 263 263 -1 263 263 263 263 263 263 263 263 263 263 -1 263 263 -1 263 263 -1 -1
-1 263 263 263 263 263 263 263 -1 -1 263 263 263 263 263 263 -1 263 263 263 -1 -1 -1 -1 263 263 -1 -1 263 263 263 263 263 -1 263 -1 263 263 -1 263 263 263 263 263 263 -1 263 263 263 263 263 263 263 263 -1 263 263 263 263 -1 -1 263 263 263 263 -1 263 263 263 263 263 263 263 263 263 263 263 -1 -1 263 263 263 263 -1 263 263 263 263 263 263 -1 263 263 263 263 263 -1 263 263 -1
263 263 263 263 -1 263 263 263 263 263 -1 263 -1 263 -1 -1 263 263 263 263 263 -1 263 263 -1 263 -1 -1 263 263 263 263 263 263 -1 263 263 263 263 263 263 263 -1 -1 263 263 263 263 263 263 263 263 263 263 -1 263 263 263 -1 263 263 263 -1 263 263 263 263 263 263 -1 263 263 263 263 -1 263 263 263 263 -1 -1 -1 -1 263 263 263 263 263 263 263 263 263 263 263 263 263 263 263 263 263
263 263 263 263 263 -1 263 263 263 263 -1 -1 263 263 263 263 263 -1 263 263 263 -1 263 263 -1 -1 -1 263 263 263 263 -1 263 -1 263 263 263 263 263 -1 263 263 263 -1 263 -1 263 263 263 -1 263 263 -1 263 263 263 -1 -1 263 -1 263 263 -1 263 263 263 263 -1 263 263 263 263 263 263 -1 263 263 263 263 263 263 263 263 263 263 263 -1 263 -1 263 263 263 263 263 263 263 263 -1 263 263
263 263 263 -1 263 263 263 263 263 263 263 263 -1 263 -1 263 263 263 -1 -1 263 263 263 263 263 263 263 -1 -1 -1 263 263 263 263 263 263 263 263 -1 263 263 -1 263 263 -1 -1 -1 263 263 -1 263 263 263 -1 263 263 263 263 263 -1 -1 263 263 263 263 263 -1 263 263 263 263 263 263 263 263 263 -1 -1 263 263 -1 263 -1 263 263 263 263 263 -1 263 263 263 263 263 263 263 263 263 263 263
263 263 263 263 263 263 263 263 -1 263 263 263 263 -1 -1 263 263 263 263 263 263 263 263 263 -1 263 263 263 263 -1 263 263 263 -1 263 -1 263 263 263 263 -1 -1 -1 263 263 263 -1 263 263 263 263 263 -1 263 263 263 263 263 263 263 263 263 263 263 -1 263 -1 263 263 -1 263 263 263 263 263 263 263 263 -1 263 -1 -1 263 263 263 263 263 263 263 263 -1 263 -1 263 263 -1 263 -1 263 263
263 263 263 263 263 -1 263 263 -1 263 263 263 263 -1 263 263 263 263 -1 263 -1 263 263 -1 263 263 263 263 263 263 -1 263 -1 263 -1 263 263 263 -1 263 263 -1 263 263 263 263 263 263 263 263 263 263 263 263 263 263 263 263 263 263 263 -1 263 263 263 263 263 -1 263 263 -1 263 263 263 -1 263 263 263 263 263 263 263 -1 263 263 263 263 263 263 -1 263 263 263 263 263 263 263 263 263 -1
263 263 263 263 -1 263 263 263 263 263 -1 263 263 263 263 -1 263 263 263 263 -1 263 263 263 263 -1 263 263 -1 263 263 263 263 263 -1 -1 263 -1 263 263 -1 263 263 263 263 263 263 263 263 263 263 263 263 263 263 263 263 263 263 263 -1 263 263 263 -1 263 263 263 -1 263 263 263 263 263 263 263 263 263 263 263 -1 263 263 -1 263 263 263 263 263 263 263 263 -1 263 -1 263 263 263 -1 263
263 263 263 263 263 263 263 263 263 263 263 263 263 263 263 263 263 263 -1 263 263 -1 263 -1 -1 263 263 263 263 263 -1 263 -1 263 263 263 263 -1 263 263 -1 263 263 -1 -1 -1 263 -1 263 263 263 263 263 263 263 263 -1 263 263 263 263 263 -1 -1 263 -1 263 263 -1 -1 263 -1 263 -1 263 -1 263 263 -1 263 263 263 -1 263 263 263 263 263 263 263 263 263 263 263 -1 263 263 -1 263 263
263 263 263 263 263 263 263 263 -1 263 263 263 -1 263 263 -1 263 263 263 -1 -1 263 263 263 263 263 263 263 263 263 263 263 -1 263 263 263 263 263 -1 263 263 263 263 263 263 263 263 263 -1 263 263 263 263 263 263 263 263 263 -1 263 263 263 263 263 263 263 263 263 263 263 263 -1 263 263 -1 -1 263 263 263 263 263 263 263 263 263 263 263 263 -1 263 263 -1 263 -1 263 263 263 -1 263 263
263 -1 263 263 -1 263 263 -1 263 263 -1 -1 263 263 263 263 263 263 263 263 263 263 263 263 263 -1 263 263 263 263 263 263 263 -1 263 263 263 263 263 263 263 263 263 263 -1 263 -1 263 263 263 263 263 -1 263 -1 263 -1 -1 263 263 -1 263 263 -1 263 263 263 263 263 263 -1 263 263 263 263 263 263 263 263 263 263 263 263 263 263 263 263 263 263 -1 263 263 263 263 263 263 263 263 263 263
-1 263 263 -1 263 263 263 263 263 263 263 263 -1 263 263 263 263 263 263 263 263 263 263 263 263 263 263 263 263 263 263 263 263 263 263 263 263 -1 263 263 263 263 263 263 263 263 263 263 263 263 -1 263 263 263 263 263 263 263 263 263 263 -1 263 -1 -1 263 -1 263 -1 263 263 263 263 263 263 263 263 -1 263 263 263 -1 -1 263 263 263 263 263 263 263 263 -1 263 263 263 263 263 263 263 -1
263 263 -1 263 263 263 263 263 -1 263 263 263 -1 -1 263 263 -1 263 263 263 263 263 263 263 263 -1 263 263 263 263 -1 263 -1 263 263 -1 263 263 263 263 263 -1 263 -1 -1 263 263 263 263 263 -1 263 263 -1 263 263 263 263 263 263 263 263 -1 263 263 -1 263 263 -1 263 -1 263 263 263 263 263 263 263 263 263 263 -1 -1 263 263 263 263 263 263 263 263 263 263 263 263 263 263 -1 263 -1
263 263 263 263 263 263 263 -1 263 263 263 263 263 263 263 263 263 263 263 263 263 263 263 263 263 263 263 263 -1 263 263 263 263 263 263 -1 263 -1 263 263 263 263 263 263 -1 263 263 263 263 -1 263 263 263 263 -1 -1 -1 -1 263 263 263 -1 263 263 263 -1 263 263 263 263 263 263 263 263 263 263 263 263 -1 263 263 -1 263 263 263 -1 -1 263 -1 263 263 263 -1 -1 263 263 263 263 -1 263
263 263 -1 263 263 263 263 -1 -1 263 -1 263 263 263 -1 263 263 263 263 263 263 263 263 263 -1 263 263 263 263 -1 263 263 263 263 -1 263 263 263 263 263 263 263 263 -1 263 -1 263 263 263 263 263 263 263 263 263 -1 263 263 -1 263 263 263 263 263 263 263 263 263 263 263 -1 263 263 263 263 263 -1 263 263 263 263 263 263 263 263 263 263 263 -1 263 263 263 263 263 263 -1 263 263 263 263
263 263 263 -1 263 263 263 263 263 263 263 263 263 263 263 263 263 263 263 263 263 -1 263 263 263 263 263 263 -1 -1 263 263 -1 263 263 263 263 263 -1 263 -1 263 263 263 -1 -1 263 263 263 263 263 -1 263 -1 263 -1 263 263 263 263 -1 263 263 263 263 263 263 -1 263 263 263 263 263 263 263 263 263 263 263 -1 263 263 263 263 263 -1 -1 -1 -1 263 263 263 263 -1 263 263 263 263 263 263
-1 263 263 263 -1 263 263 263 263 263 263 -1 263 263 263 263 263 263 263 263 263 263 263 263 263 263 263 263 -1 263 263 263 263 263 263 263 -1 -1 263 263 263 263 263 263 263 263 263 -1 263 263 263 263 263 263 263 -1 -1 263 -1 263 263 263 263 263 263 263 263 263 263 263 263 263 -1 263 263 263 263 263 263 263 263 263 263 263 263 263 263 263 263 -1 263 263 263 263 263 263 263 263 263 -1
263 263 263 263 263 263 263 263 263 -1 263 263 263 263 263 263 263 263 263 263 -1 263 263 -1 263 263 263 263 -1 -1 263 263 263 263 263 263 263 -1 263 263 263 263 263 263 263 263 -1 263 263 263 263 263 263 263 -1 263 263 -1 263 -1 -1 263 263 -1 263 263 263 263 -1 263 263 263 263 263 263 263 -1 263 263 263 -1 -1 -1 263 263 263 263 263 263 263 263 -1 263 263 263 263 263 -1 263 -1
263 263 263 263 263 263 263 263 263 263 263 263 263 263 263 263 -1 263 263 263 263 263 263 -1 -1 263 263 263 263 263 263 263 263 263 263 263 -1 263 263 263 263 263 263 -1 -1 263 263 263 263 263 263 263 263 -1 263 263 263 263 263 263 -1 263 263 263 263 263 263 263 263 263 -1 263 -1 263 263 263 263 263 263 -1 263 263 263 263 263 263 263 -1 263 263 263 263 263 -1 263 263 -1 -1 263 263
263 263 -1 -1 263 -1 -1 263 -1 -1 263 263 263 263 263 263 263 263 263 263 263 263 263 263 -1 263 263 263 263 263 263 263 263 263 263 263 263 263 -1 263 263 263 -1 263 263 -1 263 263 263 263 -1 -1 263 -1 263 -1 263 263 263 263 263 -1 263 263 263 263 263 -1 263 263 263 -1 263 263 263 263 -1 263 263 -1 263 -1 263 263 -1 -1 263 263 263 263 263 263 263 263 -1 263 263 263 263 263
263 263 263 -1 263 263 263 263 263 263 263 -1 -1 263 263 263 -1 263 -1 263 263 263 263 263 263 263 263 -1 -1 -1 263 263 -1 -1 263 263 263 263 263 263 -1 263 263 263 263 263 263 263 263 263 263 263 263 -1 263 -1 263 263 263 263 -1 263 263 263 263 -1 263 263 263 263 263 263 263 263 263 263 263 263 263 263 263 263 263 263 263 263 263 263 -1 263 -1 263 263 263 263 263 263 -1 263 263
263 -1 263 263 263 263 -1 263 263 263 263 263 263 263 263 263 263 263 263 263 -1 -1 263 263 263 -1 263 -1 263 263 263 263 263 263 263 -1 263 263 263 263 -1 263 263 263 263 263 -1 -1 263 263 263 -1 263 -1 263 263 -1 263 263 263 -1 263 263 263 263 263 -1 263 263 263 263 263 -1 263 263 263 263 263 263 -1 -1 263 -1 263 263 263 263 263 263 263 263 263 263 -1 263 263 263 263 263 263
263 -1 263 263 263 263 263 263 263 -1 263 -1 263 263 263 263 263 263 263 263 -1 263 -1 -1 263 263 263 263 263 263 263 263 263 263 263 263 -1 263 263 263 263 263 263 -1 263 263 263 263 263 -1 263 263 263 263 263 -1 -1 -1 263 263 263 263 263 263 263 263 -1 263 -1 -1 263 -1 263 -1 263 263 263 263 -1 263 263 263 263 263 263 263 263 263 263 263 263 263 263 263 263 263 263 263 263 -1
263 263 263 263 263 263 263 263 263 263 263 263 263 263 263 263 263 263 263 263 263 -1 263 263 263 263 263 -1 263 263 263 263 263 263 263 263 -1 -1 263 263 -1 263 263 -1 263 263 -1 263 263 263 263 -1 263 263 263 -1 263 263 263 263 -1 -1 -1 263 -1 263 263 263 263 263 263 263 263 263 263 263 263 -1 263 263 263 -1 263 263 -1 -1 263 263 -1 -1 -1 263 263 263 263 263 -1 -1 -1 263
263 263 263 263 263 263 -1 -1 263 263 263 -1 -1 263 263 -1 263 263 263 263 -1 -1 263 263 263 263 263 263 263 263 263 263 263 263 263 -1 263 263 -1 -1 -1 263 263 263 263 -1 263 -1 263 263 263 263 263 -1 263 263 263 263 263 263 263 263 263 263 263 263 263 -1 -1 263 263 263 263 263 263 263 263 263 263 -1 263 263 263 263 263 263 263 263 263 263 263 263 -1 263 263 263 263 263 263 263
263 263 263 263 263 263 263 -1 263 263 263 263 263 263 263 263 263 263 -1 -1 263 263 263 263 263 263 -1 263 263 263 263 263 263 -1 263 263 263 263 263 263 263 263 263 263 263 263 263 263 263 263 263 263 263 263 263 263 -1 263 263 263 263 263 263 263 263 -1 263 -1 263 263 -1 -1 263 263 -1 263 263 263 263 -1 -1 263 263 263 263 263 -1 -1 263 263 263 263 263 263 263 -1 263 263 -1 263
263 263 263 -1 263 263 -1 263 263 263 263 263 263 263 263 263 263 263 -1 -1 263 263 -1 263 -1 263 -1 263 263 -1 263 263 263 263 263 263 263 -1 263 263 263 263 263 263 263 263 263 263 263 263 263 263 263 263 263 263 263 -1 263 -1 263 263 263 263 263 263 263 263 263 263 263 263 -1 263 263 263 263 263 -1 263 263 -1 -1 263 263 263 263 263 263 263 -1 263 263 263 -1 263 263 263 -1 263
263 263 263 263 263 263 263 263 263 263 263 263 263 -1 263 263 263 -1 263 -1 263 -1 263 -1 263 263 263 263 263 263 263 263 263 263 -1 263 263 263 263 263 263 263 263 263 -1 263 263 263 -1 -1 263 263 263 263 263 263 263 263 263 263 263 263 263 263 263 263 263 263 -1 263 263 263 263 263 263 -1 263 263 -1 263 263 263 263 263 263 263 263 263 263 263 -1 263 263 263 263 263 263 263 263 263
263 263 263 263 263 263 -1 263 263 263 263 263 263 263 -1 263 263 263 263 263 -1 263 -1 263 263 263 -1 263 263 263 263 263 263 -1 263 263 263 -1 263 263 263 263 263 -1 263 263 263 -1 263 263 263 -1 263 263 263 -1 263 263 263 263 263 263 263 263 263 263 263 263 263 263 263 263 263 263 263 263 263 263 263 -1 263 -1 -1 263 263 263 263 263 263 263 263 263 263 -1 -1 263 263 -1 263 263
263 -1 -1 263 263 263 263 263 263 263 263 -1 263 263 263 263 -1 263 263 -1 263 263 -1 263 263 263 263 263 -1 263 263 263 263 -1 263 263 263 -1 263 263 263 263 263 -1 263 263 263 263 263 263 263 263 263 263 263 -1 263 -1 -1 -1 -1 263 263 -1 263 263 -1 263 -1 -1 263 263 263 263 263 263 -1 -1 263 263 -1 263 263 263 263 263 263 263 263 263 -1 263 -1 263 -1 263 -1 263 263 263
263 263 263 -1 -1 263 -1 263 263 263 263 263 263 263 263 263 -1 263 263 -1 -1 263 263 -1 263 263 263 263 -1 263 263 -1 263 263 263 263 263 263 263 263 263 263 263 263 263 263 263 263 263 263 263 263 263 263 -1 263 263 263 263 -1 -1 263 263 263 263 -1 263 -1 263 263 263 -1 263 263 263 -1 263 263 -1 -1 -1 263 263 263 263 263 263 263 263 263 -1 -1 263 263 263 263 -1 -1 263 263
263 263 263 263 263 263 263 263 263 -1 263 263 263 263 263 263 263 263 263 263 263 263 -1 263 263 263 263 -1 263 -1 263 263 -1 -1 263 -1 263 263 -1 263 263 263 263 -1 263 263 263 -1 263 263 263 263 263 263 263 263 263 263 263 263 -1 263 263 263 263 263 263 -1 263 263 -1 263 263 263 263 263 -1 263 263 263 263 263 263 263 263 -1 263 263 263 -1 -1 -1 263 263 263 263 263 263 263 263
263 263 -1 263 263 263 263 263 263 263 263 263 263 263 263 -1 263 263 -1 263 263 263 263 -1 263 263 263 263 -1 263 -1 263 263 -1 263 263 263 263 263 263 263 263 263 263 263 263 -1 263 -1 263 263 263 263 263 263 -1 263 263 263 263 263 -1 263 263 -1 263 -1 263 263 263 -1 -1 -1 263 263 263 263 -1 263 263 263 263 263 -1 263 263 263 263 263 263 263 263 263 263 263 263 263 263 263 -1
-1 263 263 263 -1 263 263 263 263 263 263 263 263 263 263 263 263 263 263 263 263 -1 263 263 263 263 263 263 263 263 -1 263 263 263 263 263 263 -1 263 263 263 -1 263 -1 263 263 263 263 263 263 263 263 -1 263 263 263 263 263 263 263 263 263 -1 263 263 263 263 -1 -1 -1 -1 263 263 -1 263 263 -1 263 263 263 263 -1 263 263 263 263 -1 -1 -1 263 263 -1 263 263 263 263 263 -1 263 263
263 -1 -1 263 263 263 -1 -1 263 263 263 263 263 -1 -1 263 -1 263 -1 263 263 263 263 -1 -1 -1 263 -1 263 263 263 263 263 263 263 263 263 263 263 263 263 263 263 263 263 263 263 263 263 263 -1 263 263 263 263 -1 263 263 263 263 263 -1 263 263 263 263 -1 263 263 263 263 263 -1 263 263 263 263 263 263 263 263 263 263 263 263 263 263 263 263 263 -1 263 263 -1 263 263 263 263 263 263
263 263 -1 263 263 263 263 263 263 263 263 263 263 263 -1 263 263 -1 -1 263 263 263 263 263 263 263 263 263 263 263 263 263 263 263 263 263 263 263 263 263 -1 263 263 -1 263 263 263 263 -1 263 263 263 -1 -1 263 263 263 263 -1 -1 263 263 263 263 263 -1 263 -1 263 263 263 263 263 263 263 263 263 263 -1 263 263 -1 263 263 263 -1 263 263 -1 263 -1 -1 263 -1 263 263 263 263 263 -1
263 263 263 263 263 263 263 263 263 263 263 263 -1 263 263 263 263 263 263 263 263 263 263 263 -1 263 263 263 263 263 263 263 263 -1 263 -1 -1 263 263 263 263 263 263 263 -1 263 263 263 263 -1 263 263 -1 -1 -1 -1 263 263 263 -1 263 263 263 263 263 263 263 263 -1 263 263 263 263 263 263 263 263 263 263 263 263 263 263 263 -1 263 263 263 -1 -1 263 263 -1 263 263 263 263 263 -1 -1
263 -1 263 263 263 263 -1 263 263 263 263 263 263 263 263 263 -1 263 -1 -1 263 263 263 -1 263 263 263 263 -1 263 -1 -1 263 263 -1 263 -1 263 263 263 263 263 263 263 263 -1 263 263 263 263 263 263 263 263 263 263 263 263 263 263 263 263 263 263 263 263 263 263 263 263 263 263 263 263 263 -1 263 -1 -1 263 263 263 263 263 263 263 263 263 263 263 263 263 -1 263 263 263 263 263 263 263
-1 263 263 263 263 263 263 -1 -1 263 263 263 263 -1 263 -1 263 263 263 263 263 263 263 -1 263 263 263 263 263 263 263 -1 263 263 -1 -1 263 263 -1 -1 263 -1 263 263 263 -1 263 263 263 263 -1 263 263 263 263 -1 263 263 263 263 263 263 -1 263 263 263 263 263 263 263 263 263 263 263 -1 263 -1 263 263 263 263 263 263 263 263 263 263 263 -1 263 263 263 263 -1 263 263 263 263 263 263
-1 263 -1 263 263 263 263 263 -1 263 263 263 263 263 263 263 263 263 263 263 -1 263 -1 -1 263 263 263 263 263 263 263 263 263 263 263 263 263 263 263 263 263 -1 263 263 263 263 263 -1 -1 263 -1 263 263 263 263 263 263 -1 263 263 263 -1 263 263 263 263 263 -1 263 263 263 -1 263 263 263 263 263 -1 263 263 263 263 263 263 -1 -1 -1 263 263 263 -1 -1 -1 -1 263 263 263 263 263 263
-1 263 263 263 -1 263 263 263 263 263 263 -1 -1 -1 263 263 263 -1 263 263 263 263 263 263 263 263 263 263 263 263 263 263 -1 263 -1 263 263 263 263 263 -1 263 263 263 263 263 263 263 263 263 -1 263 -1 263 263 263 263 263 263 263 263 263 -1 263 263 263 263 263 263 263 -1 263 263 -1 263 263 263 263 263 263 263 263 263 263 263 263 263 263 263 -1 263 263 263 263 263 263 263 263 263 263
263 -1 263 263 263 263 263 263 263 263 263 -1 263 263 263 -1 -1 -1 -1 263 263 -1 -1 263 263 263 263 263 263 263 263 263 263 263 263 263 263 263 263 263 263 263 263 263 263 263 -1 263 263 263 -1 263 263 263 -1 -1 263 263 263 263 -1 263 263 263 263 263 263 -1 263 263 263 -1 -1 263 263 263 263 263 263 263 263 263 -1 -1 263 263 263 -1 263 263 263 263 263 263 263 263 263 263 263 263
263 263 263 -1 263 263 263 263 263 263 263 -1 263 263 -1 263 263 263 263 263 263 -1 263 263 263 263 263 -1 263 263 263 -1 263 263 263 -1 263 263 263 263 263 -1 -1 263 -1 -1 263 -1 263 263 263 263 263 263 263 263 263 263 263 263 263 -1 263 263 263 -1 263 263 263 263 263 263 -1 -1 -1 263 263 263 263 263 263 263 263 263 263 -1 263 263 -1 263 263 263 263 263 263 263 -1 263 263 263
263 -1 263 263 263 263 263 263 -1 263 263 263 263 263 263 263 263 -1 263 263 263 263 -1 263 263 -1 263 263 263 263 263 263 263 263 263 263 263 263 -1 263 263 -1 263 263 263 263 263 263 263 263 263 -1 263 -1 263 263 263 -1 263 263 263 263 263 263 263 -1 -1 263 263 263 -1 -1 263 263 263 263 263 263 263 263 263 -1 263 263 263 263 263 263 263 -1 263 263 -1 263 263 263 263 263 263 263
263 263 263 263 263 -1 263 -1 263 -1 263 263 263 263 263 263 -1 263 -1 263 -1 263 263 263 263 -1 263 263 -1 263 -1 263 263 263 263 263 263 263 263 263 263 263 263 263 263 -1 -1 -1 263 263 263 263 263 263 263 263 263 263 263 263 263 263 263 263 -1 263 263 263 263 263 263 263 263 263 263 -1 263 263 263 263 -1 263 -1 263 263 263 263 263 263 -1 263 263 263 263 263 263 -1 -1 263 -1
263 -1 263 -1 263 263 263 -1 -1 263 263 263 263 263 263 -1 263 263 -1 -1 263 263 -1 263 263 263 263 263 -1 263 -1 263 263 263 263 263 263 -1 263 263 263 263 263 263 263 -1 263 -1 263 263 263 -1 -1 -1 263 263 263 263 263 263 263 -1 263 263 263 263 263 263 263 263 263 -1 263 263 263 263 263 263 263 263 263 263 263 263 263 263 263 263 -1 263 263 263 263 263 263 -1 -1 263 263 263
-1 263 263 263 263 263 -1 263 263 263 263 263 263 263 263 -1 -1 263 263 263 -1 263 263 -1 263 263 263 -1 263 -1 -1 263 263 263 263 263 -1 263 263 263 263 263 263 263 -1 263 -1 263 263 -1 263 263 -1 263 263 -1 263 263 -1 -1 -1 263 263 263 -1 263 263 -1 263 -1 263 263 -1 263 263 -1 263 263 263 263 263 263 263 263 263 263 263 263 263 263 263 -1 263 263 263 263 263 263 -1 263
263 -1 263 263 263 263 263 263 263 263 263 263 -1 263 263 263 263 263 -1 263 263 263 263 263 -1 263 263 263 263 -1 263 263 263 263 -1 263 263 -1 263 263 -1 263 -1 -1 263 -1 263 263 263 263 263 263 263 263 -1 263 263 263 263 263 263 263 263 -1 263 263 263 263 263 263 263 263 263 263 263 263 263 263 263 -1 263 263 -1 263 263 263 -1 263 263 263 263 263 -1 -1 263 -1 -1 263 263 263
263 -1 -1 263 -1 263 263 263 263 263 263 263 263 263 -1 263 263 263 263 263 -1 263 263 263 263 263 -1 263 263 263 263 263 -1 -1 263 263 263 263 263 263 263 263 263 263 263 -1 263 263 263 -1 263 -1 263 263 263 263 263 263 263 -1 263 263 263 -1 263 263 263 263 263 -1 263 263 263 -1 263 263 -1 -1 263 -1 263 263 263 263 -1 263 263 -1 263 -1 263 263 263 263 263 263 -1 263 263 263
263 263 263 263 263 263 263 -1 263 -1 -1 263 263 263 263 263 263 263 263 263 263 263 263 263 263 263 263 263 263 263 -1 -1 -1 263 -1 -1 263 263 263 263 -1 263 263 263 263 263 -1 263 -1 263 -1 -1 263 263 -1 263 263 263 -1 263 263 263 263 263 263 263 -1 -1 -1 263 263 263 263 263 263 263 263 263 263 263 263 263 263 263 -1 263 263 263 263 263 -1 263 263 263 -1 -1 263 263 263 263
263 263 263 263 -1 263 -1 -1 -1 263 263 263 -1 -1 263 263 263 263 -1 -1 263 263 263 263 263 263 263 263 263 263 -1 -1 263 263 263 263 263 263 263 263 263 263 263 263 263 263 -1 263 263 263 263 263 263 263 -1 -1 263 263 263 263 263 263 263 263 263 263 263 263 -1 263 263 -1 263 263 263 263 263 -1 263 -1 -1 263 263 263 263 -1 263 -1 -1 -1 263 263 263 263 263 263 -1 263 263 263
263 263 263 263 263 263 263 263 263 263 263 263 263 263 263 263 263 -1 263 263 -1 263 263 263 263 263 263 263 -1 -1 263 263 263 263 -1 263 263 -1 263 -1 -1 263 263 -1 263 263 263 263 -1 263 263 -1 -1 263 263 263 263 263 263 263 263 263 263 263 -1 263 263 263 263 263 263 263 263 263 263 263 -1 263 263 263 -1 263 -1 263 263 263 -1 -1 263 263 -1 263 263 263 263 -1 263 263 263 263
263 263 263 263 263 263 263 263 -1 263 263 263 263 263 263 263 263 263 263 263 263 263 263 263 -1 263 263 -1 263 263 263 -1 263 263 263 263 263 263 263 -1 263 263 263 263 263 -1 263 263 263 263 263 263 263 -1 263 263 263 263 263 -1 263 263 263 263 263 263 -1 263 263 263 263 263 263 263 263 263 263 263 263 263 263 263 263 263 263 263 263 263 263 -1 -1 263 263 263 263 263 263 263 263 263
263 -1 263 -1 263 263 263 -1 263 263 263 263 263 263 263 -1 263 263 -1 263 -1 263 263 263 263 -1 263 263 263 263 263 263 263 263 263 -1 263 263 263 -1 -1 263 263 -1 263 263 263 263 263 263 -1 263 -1 263 263 263 263 -1 263 263 -1 263 263 263 263 -1 -1 263 263 263 -1 263 263 263 -1 -1 263 263 -1 -1 -1 -1 263 -1 263 -1 263 -1 263 263 263 263 -1 -1 263 263 263 263 263 263
263 263 -1 263 -1 263 263 -1 263 263 263 263 263 263 263 263 -1 263 263 263 263 263 263 -1 263 263 263 263 263 263 263 -1 263 263 263 263 -1 -1 -1 263 263 -1 -1 263 263 263 263 263 263 263 263 263 -1 263 263 263 263 263 263 263 263 263 263 263 263 -1 -1 263 263 263 263 263 263 263 -1 -1 -1 -1 -1 -1 263 263 263 263 263 263 263 -1 263 263 263 263 263 263 263 263 263 263 263 263
-1 -1 263 263 -1 263 263 263 263 263 263 263 -1 263 -1 -1 263 263 263 263 263 263 -1 263 263 263 263 -1 263 -1 263 263 263 -1 263 263 263 263 263 263 263 263 263 263 263 -1 263 263 -1 263 263 263 263 -1 263 263 263 -1 263 263 263 263 -1 263 263 -1 263 263 -1 -1 263 263 263 263 263 263 263 263 263 263 -1 263 263 -1 263 -1 263 -1 -1 263 263 263 -1 -1 263 263 263 263 263 263
-1 263 263 263 263 263 263 263 263 263 -1 263 263 263 -1 -1 263 263 263 263 263 263 -1 263 263 263 263 -1 263 263 263 -1 263 263 -1 263 263 263 263 -1 263 263 -1 263 263 263 -1 -1 -1 -1 -1 263 263 263 263 263 263 263 263 263 263 -1 263 263 -1 263 263 -1 263 263 263 263 263 263 263 263 263 263 263 263 263 263 -1 263 263 -1 263 263 263 263 263 263 -1 263 263 263 263 263 263 -1
263 -1 -1 263 263 263 263 263 263 263 263 263 -1 263 -1 263 263 263 263 263 263 263 263 263 263 -1 263 -1 263 263 263 263 263 -1 263 263 263 263 -1 263 263 -1 -1 263 -1 263 263 263 263 -1 -1 263 263 263 263 263 263 -1 -1 263 -1 263 263 263 -1 263 -1 -1 -1 263 263 263 263 263 263 263 263 263 263 263 263 263 263 -1 263 -1 263 263 263 263 -1 263 263 263 263 263 -1 263 263 -1
263 -1 263 -1 263 263 263 263 263 263 263 263 263 -1 -1 263 263 263 263 263 263 263 263 263 263 263 -1 263 263 -1 263 -1 263 263 263 263 263 263 263 -1 -1 263 263 263 263 263 263 263 263 263 -1 263 263 -1 -1 -1 263 263 263 263 -1 263 -1 -1 263 263 263 263 263 263 -1 263 263 -1 263 263 263 263 -1 263 -1 263 -1 263 263 263 263 263 263 263 263 -1 263 -1 -1 -1 263 263 -1 263
263 263 263 263 263 263 -1 -1 -1 263 263 263 -1 263 263 263 263 263 263 -1 263 -1 263 263 263 263 -1 -1 263 263 263 263 263 263 263 263 -1 263 -1 263 263 263 263 263 263 263 263 -1 263 263 263 263 263 263 263 -1 263 263 263 263 263 263 263 263 -1 263 263 263 263 263 263 -1 263 263 -1 263 263 263 263 263 263 263 263 263 263 263 -1 263 263 263 263 263 263 263 263 263 -1 263 263 -1
263 263 263 263 263 263 263 263 -1 -1 263 263 -1 263 263 263 263 263 263 -1 263 263 263 263 263 263 -1 263 -1 -1 263 263 263 263 263 -1 263 263 263 263 263 263 263 -1 263 263 263 263 263 263 263 263 263 263 263 263 263 263 263 263 263 263 -1 263 -1 263 263 263 263 263 -1 263 263 263 263 263 263 263 263 -1 -1 -1 263 263 -1 263 -1 263 263 263 263 263 263 263 263 263 263 263 263 263
263 -1 263 263 263 -1 263 263 263 263 263 263 263 263 263 263 263 263 263 -1 263 263 263 263 263 263 263 263 263 263 263 263 263 263 263 263 263 263 263 263 263 -1 263 263 263 263 -1 263 263 263 -1 -1 263 263 263 -1 -1 263 -1 263 263 -1 -1 -1 263 -1 263 263 263 263 -1 263 263 263 263 263 -1 263 263 -1 263 263 -1 263 263 263 263 263 263 263 263 263 263 263 263 -1 263 263 263 -1
263 263 263 -1 263 263 263 -1 263 263 263 263 263 263 263 263 263 -1 263 263 263 263 263 263 263 -1 263 263 263 263 263 263 -1 263 -1 263 263 263 263 263 263 263 263 263 263 263 -1 263 263 263 263 263 263 263 263 263 -1 263 263 263 263 -1 263 263 263 263 263 263 263 263 -1 263 263 263 263 263 263 263 263 263 263 263 263 263 263 263 263 263 263 263 -1 263 -1 263 263 263 -1 263 -1 263
263 263 263 263 -1 -1 263 -1 263 263 263 263 263 263 -1 -1 263 263 263 263 263 263 -1 263 263 263 263 263 263 263 263 -1 263 263 -1 263 263 263 263 263 263 263 263 -1 263 -1 263 -1 263 -1 263 263 -1 263 263 263 263 263 263 263 263 263 263 263 263 263 263 263 263 -1 263 263 263 263 263 -1 -1 263 263 263 263 263 263 -1 263 263 263 263 263 263 263 263 263 263 263 263 263 263 -1 -1
263 263 263 263 -1 -1 263 263 263 -1 263 263 263 263 -1 -1 263 263 263 -1 -1 263 263 263 -1 263 263 263 263 263 263 -1 -1 -1 -1 263 -1 263 263 263 263 263 263 -1 263 263 263 263 -1 263 263 263 263 263 263 263 263 263 263 263 263 263 263 263 263 263 263 263 263 -1 263 263 263 263 263 -1 -1 263 -1 263 263 263 263 -1 263 263 263 -1 -1 263 263 263 263 263 -1 -1 263 263 263 -1
-1 263 -1 263 -1 -1 -1 263 263 -1 263 263 263 263 263 263 -1 263 263 263 263 263 263 -1 -1 263 263 263 263 -1 263 -1 263 263 263 -1 263 -1 263 263 263 263 -1 263 -1 263 -1 -1 263 263 263 -1 263 263 -1 263 263 263 263 263 -1 -1 263 263 263 263 263 263 263 263 263 263 263 263 263 263 -1 263 263 263 263 -1 263 263 -1 263 263 263 263 263 263 -1 263 263 -1 -1 263 263 263 -1
263 263 263 263 263 263 -1 263 -1 263 263 -1 263 263 -1 263 263 263 263 -1 263 263 263 263 263 -1 263 263 263 -1 263 263 263 -1 263 263 263 263 263 263 -1 263 -1 263 263 263 263 263 263 263 263 263 263 263 263 263 263 263 263 263 263 263 263 263 -1 263 -1 -1 263 263 263 263 263 263 263 -1 -1 -1 263 -1 263 263 263 263 -1 263 263 263 263 263 263 263 263 263 263 263 263 -1 263 -1
263 -1 263 -1 263 263 263 263 263 263 263 263 263 263 263 -1 263 263 263 -1 263 -1 263 263 -1 263 263 263 263 263 263 263 263 263 263 263 263 -1 263 263 263 263 263 263 -1 263 -1 263 263 263 263 263 -1 263 -1 -1 263 263 -1 263 263 263 263 263 -1 263 263 263 -1 263 263 263 -1 -1 263 263 263 263 263 263 263 263 -1 263 263 263 263 263 263 263 -1 263 263 263 263 263 263 -1 263 263
263 263 263 -1 263 263 263 263 263 -1 263 263 -1 -1 263 263 -1 263 263 263 -1 263 -1 263 263 -1 263 263 263 263 263 -1 263 263 263 263 263 263 -1 263 263 263 -1 263 263 -1 -1 -1 263 263 263 263 -1 263 263 263 263 263 263 -1 263 263 263 -1 263 263 263 -1 -1 263 263 263 263 263 263 263 -1 263 263 263 263 263 -1 263 -1 263 263 263 263 263 263 -1 263 263 263 263 263 -1 263 263
263 263 -1 263 -1 263 263 263 263 263 263 263 -1 263 263 263 263 263 263 263 -1 263 -1 263 263 263 263 263 -1 263 -1 263 263 263 263 263 263 263 263 -1 263 263 263 263 263 263 263 263 263 263 263 263 263 263 263 -1 263 263 263 263 263 263 263 263 263 263 263 263 -1 263 -1 263 263 263 263 263 263 -1 263 263 -1 263 263 -1 263 263 263 263 263 263 263 263 263 263 263 263 263 263 -1 263
-1 -1 263 263 263 263 263 263 263 263 263 263 263 263 263 -1 263 -1 263 263 263 263 263 263 263 263 263 263 263 -1 263 263 263 263 263 263 263 263 -1 263 263 263 263 -1 263 263 -1 263 -1 263 263 263 263 263 263 263 263 263 263 263 263 -1 263 263 263 263 263 263 263 263 263 -1 263 263 263 -1 263 263 263 263 263 263 263 263 263 263 263 263 -1 -1 -1 -1 263 -1 263 263 263 263 263 -1
263 263 -1 263 263 263 263 263 263 263 263 263 263 263 263 263 263 263 263 263 263 263 263 263 263 263 263 263 263 263 -1 263 263 263 -1 263 263 263 263 -1 263 263 263 263 263 263 263 263 263 263 263 263 263 263 263 263 263 263 263 263 263 263 263 263 263 263 263 263 -1 263 263 263 263 -1 263 263 263 -1 -1 263 263 263 263 263 263 263 263 -1 263 -1 263 263 -1 263 263 -1 263 263 263 -1
263 263 263 263 263 263 -1 263 263 263 263 -1 263 263 263 263 263 263 263 263 263 263 263 263 263 -1 263 263 263 263 263 263 263 263 263 263 -1 -1 263 263 263 263 -1 263 263 263 263 -1 263 263 263 263 263 -1 263 263 263 263 -1 -1 263 -1 263 263 263 263 263 263 263 263 263 263 263 263 263 263 263 -1 263 -1 263 -1 263 263 263 263 263 263 263 -1 263 263 263 263 -1 263 263 263 263 263
263 263 -1 263 263 263 263 263 263 263 263 263 263 263 263 263 263 263 -1 263 263 263 -1 263 263 263 263 263 263 -1 -1 263 -1 263 263 263 263 263 -1 263 -1 263 263 263 -1 263 -1 263 263 -1 263 263 263 263 263 263 263 263 263 263 263 263 263 -1 263 263 263 263 -1 263 263 263 263 263 263 263 263 263 263 -1 263 263 263 -1 -1 263 263 263 -1 263 263 263 263 263 263 -1 263 263 263 -1
68 53
72 65
