100 100 577967796
5757 -1 5757 -1 5757 5757 5757 5757 5757 5757 5757 5757 5757 5757 5757 5757 5757 5757 5757 5757 5757 5757 -1 5757 -1 -1 5757 5757 5757 5757 5757 5757 5757 5757 -1 5757 5757 -1 -1 5757 5757 5757 5757 -1 -1 5757 5757 5757 -1 5757 5757 -1 -1 -1 -1 5757 5757 -1 5757 5757 5757 5757 5757 5757 5757 5757 -1 -1 5757 5757 5757 5757 5757 5757 5757 -1 5757 5757 5757 -1 5757 5757 5757 5757 5757 5757 -1 -1 5757 -1 5757 5757 5757 5757 -1 5757 5757 5757 5757 5757
5757 5757 5757 5757 5757 5757 5757 -1 5757 5757 5757 5757 5757 5757 5757 5757 5757 5757 5757 5757 -1 5757 5757 5757 -1 5757 5757 5757 5757 -1 5757 5757 5757 5757 5757 5757 5757 5757 5757 5757 5757 5757 5757 5757 5757 5757 5757 5757 5757 5757 5757 5757 5757 5757 5757 5757 -1 5757 5757 -1 5757 5757 5757 5757 -1 5757 5757 5757 5757 5757 5757 -1 5757 -1 5757 5757 5757 5757 5757 5757 5757 5757 5757 -1 5757 5757 5757 5757 5757 -1 5757 5757 -1 5757 5757 -1 5757 5757 -1 5757
5757 5757 5757 -1 5757 5757 5757 5757 5757 5757 5757 5757 -1 5757 5757 5757 5757 5757 -1 5757 5757 5757 5757 5757 -1 5757 5757 5757 5757 5757 5757 5757 5757 5757 5757 -1 -1 -1 5757 5757 -1 5757 5757 5757 5757 5757 5757 5757 5757 -1 5757 5757 5757 5757 5757 -1 5757 5757 -1 5757 5757 5757 5757 5757 5757 5757 5757 5757 -1 5757 5757 5757 5757 5757 -1 5757 -1 5757 5757 5757 5757 5757 5757 5757 5757 -1 5757 5757 -1 5757 5757 5757 -1 -1 5757 5757 5757 5757 5757 5757
5757 5757 5757 5757 -1 5757 5757 5757 5757 5757 5757 5757 5757 -1 -1 5757 5757 -1 5757 5757 5757 5757 5757 5757 -1 5757 5757 -1 5757 5757 5757 5757 5757 5757 5757 5757 5757 5757 -1 5757 5757 -1 5757 5757 5757 5757 5757 5757 5757 5757 5757 -1 5757 -1 5757 5757 5757 5757 5757 5757 5757 5757 5757 -1 5757 -1 5757 -1 5757 -1 5757 5757 5757 5757 -1 5757 5757 5757 5757 5757 5757 5757 5757 5757 5757 -1 -1 5757 5757 -1 5757 5757 5757 5757 5757 5757 5757 -1 5757 5757
5757 5757 -1 5757 -1 5757 5757 5757 -1 5757 5757 5757 5757 5757 5757 5757 5757 5757 5757 -1 -1 5757 5757 5757 5757 5757 5757 5757 -1 5757 5757 5757 5757 5757 5757 -1 5757 5757 5757 5757 -1 5757 -1 5757 5757 -1 5757 5757 5757 5757 -1 5757 5757 5757 5757 5757 5757 5757 5757 5757 5757 5757 5757 5757 5757 5757 5757 5757 5757 5757 5757 5757 5757 5757 5757 5757 5757 5757 5757 5757 5757 5757 5757 5757 5757 5757 5757 5757 5757 5757 5757 -1 5757 5757 5757 5757 5757 -1 5757 5757
5757 5757 5757 5757 5757 5757 -1 5757 5757 -1 5757 5757 5757 5757 5757 5757 5757 5757 5757 -1 5757 -1 5757 5757 5757 5757 5757 5757 -1 5757 5757 -1 5757 5757 5757 5757 -1 5757 5757 5757 5757 5757 -1 5757 5757 -1 -1 5757 -1 5757 5757 5757 -1 5757 5757 5757 5757 5757 -1 5757 5757 5757 5757 5757 5757 5757 5757 5757 5757 -1 5757 -1 5757 -1 5757 5757 5757 5757 5757 5757 -1 -1 5757 5757 5757 5757 5757 5757 5757 5757 5757 5757 5757 5757 5757 5757 -1 5757 5757 5757
5757 5757 -1 5757 5757 5757 -1 5757 -1 -1 5757 5757 5757 5757 5757 5757 5757 5757 5757 -1 5757 5757 -1 5757 5757 5757 -1 -1 5757 5757 5757 -1 5757 5757 -1 5757 5757 5757 5757 5757 5757 5757 5757 -1 5757 -1 -1 5757 5757 5757 -1 5757 5757 5757 5757 5757 5757 5757 -1 5757 5757 5757 5757 5757 5757 5757 5757 -1 5757 5757 -1 5757 -1 5757 5757 5757 5757 5757 5757 5757 5757 5757 5757 5757 -1 5757 5757 5757 5757 5757 5757 5757 5757 5757 5757 5757 -1 5757 -1 5757
5757 5757 5757 5757 5757 5757 5757 5757 5757 5757 5757 5757 5757 5757 -1 5757 5757 5757 5757 5757 5757 5757 5757 -1 5757 5757 5757 5757 5757 5757 5757 5757 -1 5757 5757 5757 -1 5757 5757 -1 -1 5757 5757 5757 5757 5757 5757 -1 -1 5757 -1 5757 5757 5757 -1 5757 -1 5757 5757 5757 5757 5757 5757 -1 5757 5757 5757 5757 5757 5757 -1 -1 5757 5757 5757 5757 5757 5757 5757 5757 5757 5757 5757 5757 5757 5757 5757 5757 5757 5757 5757 5757 5757 5757 5757 -1 5757 5757 5757 5757
5757 5757 -1 5757 5757 5757 5757 5757 -1 -1 -1 5757 -1 -1 -1 5757 -1 -1 5757 5757 5757 5757 5757 5757 5757 -1 5757 5757 5757 5757 -1 5757 5757 5757 5757 5757 5757 -1 5757 -1 5757 -1 5757 5757 5757 5757 5757 5757 5757 5757 5757 5757 5757 5757 5757 5757 5757 5757 5757 5757 5757 5757 5757 5757 -1 5757 5757 5757 5757 5757 5757 5757 -1 -1 5757 5757 5757 5757 5757 -1 5757 5757 5757 -1 5757 5757 5757 5757 5757 -1 -1 -1 5757 5757 5757 -1 5757 5757 5757 5757
5757 5757 5757 5757 5757 5757 5757 5757 -1 5757 -1 5757 5757 5757 5757 5757 5757 -1 5757 5757 5757 -1 5757 -1 5757 5757 5757 5757 -1 5757 5757 5757 5757 5757 5757 5757 5757 5757 5757 5757 5757 5757 5757 5757 5757 5757 5757 5757 5757 -1 -1 5757 5757 5757 5757 5757 5757 5757 5757 5757 5757 5757 5757 5757 5757 5757 5757 5757 5757 5757 5757 5757 -1 5757 5757 5757 5757 -1 -1 5757 -1 5757 5757 5757 5757 5757 -1 5757 5757 5757 5757 5757 5757 -1 5757 5757 5757 5757 5757 5757
5757 5757 5757 5757 5757 -1 5757 5757 5757 5757 -1 -1 -1 -1 5757 5757 5757 5757 -1 -1 -1 5757 5757 5757 5757 -1 5757 5757 5757 5757 5757 5757 5757 -1 5757 -1 5757 5757 5757 5757 -1 5757 5757 5757 5757 5757 5757 5757 5757 5757 5757 -1 5757 5757 5757 -1 5757 5757 5757 5757 5757 -1 5757 -1 -1 5757 5757 5757 -1 -1 5757 5757 5757 5757 5757 5757 5757 5757 5757 5757 -1 5757 5757 5757 -1 5757 -1 5757 5757 -1 5757 5757 -1 -1 5757 5757 -1 5757 5757 5757
5757 5757 5757 5757 5757 5757 5757 5757 5757 5757 5757 -1 -1 5757 -1 5757 -1 -1 5757 5757 5757 5757 5757 -1 5757 5757 5757 5757 -1 5757 5757 5757 5757 5757 5757 5757 5757 5757 -1 5757 5757 5757 5757 -1 5757 5757 -1 5757 5757 5757 -1 5757 5757 -1 5757 5757 5757 5757 -1 -1 5757 5757 5757 5757 5757 -1 5757 5757 5757 5757 5757 5757 -1 5757 -1 5757 5757 -1 5757 5757 5757 5757 5757 -1 5757 5757 5757 5757 5757 5757 5757 5757 -1 5757 -1 5757 -1 -1 5757 5757
5757 5757 5757 5757 5757 5757 5757 -1 -1 5757 5757 5757 5757 -1 5757 5757 5757 5757 -1 5757 5757 5757 5757 -1 -1 -1 5757 5757 5757 5757 -1 5757 -1 5757 5757 -1 5757 5757 -1 5757 -1 5757 5757 5757 5757 5757 5757 5757 5757 5757 5757 -1 5757 5757 5757 -1 5757 5757 5757 5757 5757 -1 5757 -1 5757 5757 5757 5757 5757 5757 -1 5757 5757 -1 5757 5757 5757 5757 5757 5757 -1 5757 5757 5757 5757 5757 5757 5757 -1 -1 -1 5757 5757 5757 5757 -1 5757 5757 5757 -1
5757 5757 5757 5757 5757 5757 5757 -1 5757 5757 5757 5757 5757 5757 -1 -1 5757 5757 -1 5757 5757 5757 5757 -1 5757 5757 5757 5757 5757 5757 5757 -1 -1 5757 5757 5757 5757 5757 5757 -1 5757 5757 -1 5757 -1 5757 5757 5757 5757 5757 -1 -1 -1 5757 5757 5757 -1 5757 -1 5757 5757 5757 5757 -1 5757 5757 5757 5757 5757 -1 5757 5757 5757 5757 5757 5757 5757 5757 5757 5757 5757 -1 5757 5757 5757 5757 5757 5757 5757 5757 5757 5757 5757 5757 5757 -1 5757 5757 5757 5757
5757 5757 5757 5757 5757 5757 5757 5757 -1 -1 5757 5757 5757 -1 5757 5757 -1 -1 5757 5757 5757 5757 5757 5757 5757 5757 5757 5757 5757 5757 5757 -1 5757 5757 5757 -1 5757 -1 -1 -1 5757 5757 5757 5757 5757 5757 5757 5757 5757 5757 5757 5757 5757 5757 5757 5757 5757 5757 5757 -1 5757 5757 5757 5757 5757 5757 5757 5757 5757 5757 5757 5757 5757 -1 5757 -1 5757 5757 5757 5757 5757 5757 5757 -1 5757 5757 5757 5757 5757 -1 5757 -1 -1 -1 5757 5757 5757 5757 5757 5757
5757 -1 -1 5757 5757 5757 5757 -1 5757 5757 5757 -1 5757 5757 5757 5757 5757 5757 -1 5757 5757 5757 5757 5757 5757 5757 5757 5757 5757 5757 5757 -1 5757 5757 5757 5757 5757 5757 5757 5757 5757 5757 5757 5757 -1 5757 5757 -1 5757 -1 5757 5757 5757 5757 5757 5757 5757 5757 5757 5757 -1 5757 -1 5757 5757 5757 -1 5757 5757 -1 5757 5757 5757 5757 5757 -1 -1 -1 5757 5757 5757 5757 5757 5757 5757 5757 5757 5757 5757 5757 5757 5757 5757 5757 5757 5757 -1 -1 5757 5757
-1 5757 5757 5757 5757 5757 -1 5757 5757 5757 5757 5757 5757 5757 -1 5757 5757 5757 5757 5757 5757 -1 5757 5757 5757 5757 5757 5757 5757 5757 -1 5757 5757 5757 5757 5757 -1 5757 5757 5757 5757 5757 -1 5757 5757 5757 5757 5757 -1 5757 5757 5757 -1 5757 5757 5757 5757 5757 5757 5757 5757 -1 -1 5757 5757 -1 -1 5757 5757 5757 5757 5757 5757 5757 5757 -1 5757 5757 -1 5757 -1 5757 -1 -1 5757 5757 5757 5757 5757 5757 5757 5757 5757 5757 5757 5757 5757 5757 5757 5757
-1 5757 -1 -1 5757 5757 5757 5757 5757 5757 5757 -1 5757 5757 -1 5757 5757 5757 -1 -1 -1 5757 5757 5757 -1 5757 5757 -1 5757 5757 5757 5757 5757 5757 5757 5757 5757 5757 5757 -1 5757 -1 5757 5757 5757 5757 -1 -1 -1 5757 5757 5757 5757 -1 5757 5757 5757 5757 -1 5757 -1 5757 -1 5757 5757 5757 -1 -1 5757 5757 5757 5757 5757 -1 5757 5757 5757 -1 5757 5757 5757 5757 5757 5757 5757 -1 -1 5757 -1 5757 5757 5757 5757 -1 5757 5757 5757 5757 5757 5757
-1 5757 5757 5757 5757 -1 5757 -1 5757 5757 5757 5757 5757 5757 5757 5757 5757 -1 5757 5757 5757 5757 5757 5757 5757 5757 5757 5757 5757 5757 5757 -1 5757 -1 5757 5757 -1 5757 5757 -1 -1 5757 5757 5757 5757 5757 5757 5757 -1 5757 5757 5757 5757 5757 5757 5757 5757 5757 -1 5757 5757 -1 5757 -1 5757 -1 -1 5757 5757 -1 5757 5757 -1 -1 5757 5757 -1 -1 5757 5757 -1 5757 -1 -1 5757 -1 -1 -1 -1 5757 5757 5757 5757 5757 -1 5757 5757 5757 5757 5757
5757 5757 5757 5757 5757 5757 5757 5757 5757 5757 5757 5757 5757 5757 -1 5757 5757 -1 5757 5757 5757 5757 5757 5757 -1 5757 5757 5757 5757 5757 5757 5757 5757 5757 5757 5757 5757 5757 5757 5757 -1 5757 5757 5757 5757 -1 5757 5757 5757 -1 5757 -1 5757 5757 5757 5757 -1 5757 5757 5757 5757 5757 5757 5757 5757 -1 5757 -1 5757 5757 5757 5757 5757 5757 5757 5757 5757 -1 5757 5757 5757 5757 5757 -1 5757 5757 5757 5757 -1 5757 5757 5757 5757 5757 -1 -1 5757 5757 5757 5757
5757 5757 5757 5757 5757 5757 5757 5757 -1 5757 5757 5757 5757 5757 5757 -1 5757 5757 -1 5757 5757 5757 5757 5757 5757 -1 5757 5757 5757 5757 5757 5757 -1 5757 5757 5757 5757 5757 5757 5757 5757 5757 5757 5757 5757 5757 5757 5757 5757 5757 -1 5757 5757 5757 5757 5757 5757 5757 -1 5757 5757 5757 5757 5757 5757 5757 5757 5757 5757 5757 5757 5757 5757 5757 -1 5757 5757 -1 -1 -1 5757 5757 5757 5757 5757 5757 5757 5757 5757 5757 5757 5757 5757 5757 -1 -1 5757 5757 5757 -1
5757 5757 5757 5757 5757 5757 5757 5757 -1 5757 -1 -1 5757 5757 5757 5757 5757 5757 5757 -1 5757 -1 5757 5757 5757 5757 -1 5757 5757 5757 5757 5757 -1 5757 5757 5757 -1 -1 5757 5757 5757 -1 5757 5757 5757 5757 5757 -1 5757 -1 -1 5757 5757 5757 5757 5757 5757 -1 5757 5757 5757 5757 5757 5757 5757 5757 5757 5757 -1 5757 -1 5757 5757 5757 -1 5757 5757 5757 5757 5757 5757 5757 5757 -1 5757 5757 5757 5757 -1 5757 5757 -1 5757 5757 5757 5757 5757 5757 5757 5757
5757 5757 5757 5757 5757 -1 -1 5757 -1 -1 5757 5757 -1 5757 5757 -1 -1 -1 5757 5757 5757 5757 5757 5757 5757 5757 5757 5757 -1 5757 5757 5757 5757 -1 5757 5757 5757 5757 -1 5757 5757 5757 5757 -1 5757 5757 5757 5757 5757 5757 -1 -1 5757 5757 5757 5757 5757 5757 5757 5757 5757 5757 5757 5757 5757 5757 -1 5757 5757 -1 5757 5757 5757 5757 5757 5757 5757 5757 5757 5757 5757 -1 5757 5757 5757 5757 5757 5757 5757 5757 5757 5757 5757 5757 -1 -1 5757 -1 -1 5757
-1 5757 5757 5757 -1 -1 5757 5757 5757 -1 -1 5757 5757 5757 -1 5757 5757 -1 5757 5757 5757 -1 5757 -1 -1 5757 5757 5757 -1 5757 5757 5757 5757 5757 5757 5757 5757 5757 -1 5757 5757 5757 5757 5757 5757 5757 5757 5757 -1 5757 5757 -1 -1 -1 5757 -1 5757 5757 5757 5757 5757 5757 -1 5757 5757 5757 5757 5757 5757 -1 5757 5757 5757 -1 5757 5757 5757 -1 -1 -1 -1 5757 -1 5757 -1 -1 -1 5757 5757 5757 5757 5757 5757 -1 5757 -1 -1 5757 5757 -1
-1 5757 5757 5757 5757 5757 5757 5757 5757 -1 -1 5757 5757 -1 5757 5757 5757 5757 5757 5757 -1 5757 5757 5757 -1 5757 -1 5757 -1 -1 5757 -1 5757 5757 5757 -1 5757 5757 5757 5757 5757 5757 5757 5757 5757 5757 -1 5757 -1 -1 5757 5757 -1 5757 -1 5757 5757 -1 5757 5757 5757 5757 5757 5757 5757 -1 5757 5757 -1 -1 -1 5757 -1 5757 5757 5757 5757 5757 5757 5757 5757 5757 -1 5757 5757 5757 -1 5757 -1 -1 5757 5757 5757 -1 5757 5757 5757 5757 -1 5757
5757 5757 -1 5757 5757 5757 -1 5757 5757 5757 5757 5757 5757 5757 5757 5757 5757 5757 -1 5757 5757 -1 5757 5757 5757 5757 5757 5757 -1 5757 5757 5757 -1 5757 5757 5757 5757 5757 -1 -1 5757 5757 5757 5757 -1 -1 5757 5757 -1 5757 5757 5757 5757 -1 5757 5757 5757 5757 5757 5757 5757 5757 5757 -1 5757 5757 5757 5757 5757 -1 -1 -1 -1 5757 5757 5757 5757 5757 5757 5757 5757 5757 -1 5757 5757 -1 5757 5757 -1 -1 5757 5757 5757 5757 5757 5757 5757 5757 -1 5757
5757 5757 5757 5757 -1 -1 5757 5757 -1 5757 5757 5757 -1 5757 -1 5757 5757 5757 -1 -1 5757 -1 -1 5757 5757 5757 5757 -1 5757 5757 5757 5757 5757 5757 5757 5757 5757 5757 5757 5757 5757 5757 5757 5757 5757 5757 5757 -1 5757 5757 -1 5757 -1 5757 5757 5757 5757 5757 -1 5757 5757 5757 5757 5757 5757 5757 5757 5757 5757 5757 5757 5757 5757 -1 5757 5757 -1 5757 -1 5757 5757 5757 5757 5757 -1 5757 -1 5757 -1 5757 5757 5757 -1 5757 5757 5757 5757 5757 5757 5757
5757 5757 5757 5757 5757 5757 5757 -1 5757 -1 -1 -1 5757 5757 5757 5757 5757 5757 5757 5757 5757 5757 5757 5757 5757 -1 5757 5757 5757 5757 5757 5757 5757 -1 5757 -1 5757 5757 -1 5757 5757 5757 -1 5757 5757 5757 5757 5757 5757 5757 -1 5757 5757 5757 5757 -1 5757 -1 5757 5757 5757 5757 5757 5757 5757 5757 -1 5757 5757 5757 5757 5757 -1 5757 -1 5757 5757 -1 5757 5757 5757 5757 5757 5757 5757 5757 5757 5757 -1 5757 5757 5757 5757 5757 -1 5757 5757 5757 -1 5757
5757 5757 5757 -1 5757 5757 5757 5757 -1 5757 5757 5757 5757 5757 5757 5757 5757 -1 5757 5757 5757 5757 5757 5757 5757 5757 5757 -1 5757 5757 5757 -1 5757 -1 -1 5757 5757 5757 -1 5757 5757 -1 -1 5757 -1 5757 5757 5757 5757 5757 5757 5757 5757 5757 -1 5757 5757 5757 5757 5757 5757 5757 5757 5757 5757 5757 5757 -1 5757 5757 5757 5757 -1 5757 -1 5757 5757 5757 -1 -1 5757 5757 5757 -1 5757 -1 5757 5757 5757 5757 5757 5757 5757 5757 5757 5757 5757 5757 5757 -1
5757 5757 5757 5757 5757 5757 5757 -1 5757 5757 5757 -1 5757 5757 -1 5757 -1 5757 5757 5757 -1 5757 -1 5757 5757 5757 5757 5757 -1 5757 5757 5757 -1 5757 5757 5757 5757 5757 5757 -1 5757 5757 -1 5757 -1 -1 5757 5757 5757 5757 -1 5757 5757 -1 5757 5757 5757 5757 5757 5757 5757 5757 5757 5757 5757 5757 5757 5757 5757 5757 5757 5757 -1 5757 5757 5757 5757 5757 -1 5757 -1 5757 -1 -1 -1 5757 5757 -1 -1 5757 5757 -1 5757 -1 5757 5757 -1 5757 5757 5757
5757 5757 -1 -1 -1 5757 5757 5757 5757 5757 5757 5757 5757 5757 5757 5757 5757 5757 5757 5757 5757 5757 -1 5757 5757 5757 5757 5757 5757 5757 5757 5757 5757 5757 5757 5757 5757 5757 5757 5757 -1 5757 5757 5757 5757 -1 -1 5757 5757 5757 5757 5757 5757 5757 5757 -1 5757 5757 5757 5757 5757 5757 -1 5757 5757 5757 5757 5757 5757 5757 5757 5757 5757 5757 5757 5757 5757 5757 -1 5757 5757 5757 -1 5757 5757 5757 5757 5757 -1 -1 5757 5757 5757 5757 5757 5757 5757 5757 5757 -1
5757 5757 5757 5757 5757 5757 5757 5757 5757 -1 5757 5757 5757 5757 5757 5757 5757 5757 5757 5757 5757 5757 -1 5757 5757 5757 -1 5757 5757 5757 5757 5757 5757 5757 5757 5757 -1 5757 5757 5757 5757 5757 5757 -1 5757 5757 5757 5757 -1 5757 5757 5757 5757 5757 -1 5757 5757 5757 5757 -1 5757 5757 5757 5757 5757 5757 5757 5757 5757 5757 5757 -1 5757 5757 5757 5757 5757 -1 5757 5757 -1 5757 -1 5757 5757 5757 -1 5757 5757 5757 5757 -1 -1 5757 -1 5757 5757 5757 5757 5757
5757 5757 5757 5757 5757 5757 5757 5757 5757 5757 5757 5757 5757 -1 5757 5757 5757 5757 5757 5757 5757 5757 5757 5757 5757 5757 5757 -1 5757 5757 5757 5757 -1 5757 5757 5757 5757 5757 5757 5757 5757 5757 5757 5757 -1 -1 5757 5757 5757 -1 5757 -1 5757 5757 5757 5757 5757 5757 5757 5757 5757 -1 5757 5757 5757 5757 5757 5757 5757 -1 5757 5757 5757 5757 -1 5757 5757 5757 5757 5757 -1 5757 5757 5757 5757 -1 5757 5757 5757 5757 -1 5757 5757 5757 5757 5757 5757 -1 -1 5757
-1 5757 -1 5757 5757 5757 -1 5757 5757 5757 -1 5757 5757 5757 5757 5757 5757 5757 5757 5757 5757 5757 5757 -1 5757 -1 5757 5757 5757 5757 -1 -1 5757 5757 5757 5757 5757 5757 5757 5757 5757 5757 5757 5757 5757 5757 5757 5757 5757 5757 5757 5757 5757 -1 5757 5757 5757 5757 5757 5757 5757 5757 5757 -1 -1 -1 5757 5757 5757 -1 5757 5757 -1 5757 5757 -1 -1 -1 5757 5757 5757 5757 5757 5757 5757 5757 5757 -1 5757 5757 5757 5757 5757 5757 5757 5757 5757 5757 5757 5757
-1 5757 5757 5757 -1 5757 5757 5757 5757 -1 5757 5757 5757 5757 -1 -1 5757 5757 5757 5757 5757 5757 5757 -1 5757 5757 -1 5757 5757 5757 5757 5757 5757 -1 5757 5757 5757 5757 -1 5757 -1 5757 5757 5757 5757 5757 5757 5757 5757 5757 5757 5757 5757 5757 -1 5757 -1 5757 5757 5757 5757 5757 5757 5757 -1 5757 5757 5757 5757 5757 5757 -1 5757 5757 5757 5757 5757 5757 5757 5757 5757 5757 5757 -1 -1 5757 5757 5757 5757 -1 5757 5757 5757 5757 -1 5757 -1 5757 5757 5757
5757 5757 5757 5757 5757 5757 5757 5757 5757 -1 5757 5757 -1 5757 -1 5757 5757 5757 5757 5757 -1 5757 5757 5757 5757 5757 5757 5757 5757 5757 5757 5757 5757 5757 5757 5757 5757 5757 5757 5757 5757 5757 5757 5757 5757 -1 5757 5757 5757 5757 5757 5757 5757 5757 5757 5757 -1 5757 5757 5757 5757 5757 5757 5757 -1 5757 5757 5757 5757 5757 5757 -1 5757 -1 5757 5757 5757 5757 5757 5757 -1 5757 5757 5757 5757 5757 5757 5757 5757 5757 5757 5757 5757 5757 5757 5757 5757 5757 5757 5757
5757 5757 -1 5757 5757 5757 5757 5757 5757 5757 5757 -1 -1 5757 5757 5757 5757 5757 5757 5757 5757 -1 5757 5757 -1 5757 5757 5757 -1 5757 -1 5757 5757 5757 5757 5757 5757 -1 5757 5757 5757 5757 -1 -1 5757 -1 5757 -1 5757 -1 5757 5757 -1 5757 5757 5757 5757 5757 5757 5757 5757 5757 5757 5757 5757 -1 -1 5757 5757 -1 5757 5757 5757 -1 5757 5757 5757 5757 5757 5757 5757 5757 5757 -1 5757 5757 5757 5757 5757 5757 -1 5757 5757 -1 5757 -1 5757 5757 5757 -1
5757 5757 -1 5757 -1 5757 5757 5757 5757 5757 -1 -1 5757 -1 5757 5757 5757 5757 5757 5757 5757 -1 5757 5757 5757 5757 5757 5757 5757 5757 5757 5757 -1 5757 5757 5757 5757 5757 5757 5757 5757 5757 5757 5757 5757 5757 5757 5757 5757 5757 -1 5757 -1 5757 5757 5757 5757 5757 5757 5757 5757 5757 5757 5757 5757 5757 5757 5757 5757 5757 5757 5757 5757 5757 5757 5757 5757 -1 5757 5757 5757 5757 5757 5757 5757 5757 5757 5757 5757 5757 5757 5757 5757 5757 5757 5757 5757 5757 -1 5757
5757 5757 5757 5757 5757 5757 -1 5757 -1 5757 -1 5757 5757 5757 5757 5757 -1 5757 5757 5757 5757 -1 5757 5757 5757 5757 5757 5757 5757 5757 5757 5757 5757 -1 5757 5757 5757 5757 5757 -1 5757 5757 5757 -1 5757 5757 -1 5757 -1 5757 -1 5757 5757 5757 5757 5757 5757 5757 -1 5757 5757 5757 5757 5757 5757 5757 5757 5757 5757 5757 5757 5757 5757 -1 5757 5757 5757 5757 5757 5757 5757 5757 5757 -1 5757 5757 -1 5757 5757 -1 5757 5757 5757 5757 5757 5757 5757 5757 5757 5757
5757 -1 5757 5757 5757 5757 5757 5757 5757 5757 5757 5757 5757 5757 -1 5757 5757 5757 -1 5757 5757 5757 5757 5757 -1 5757 -1 5757 5757 5757 5757 5757 5757 -1 5757 5757 -1 5757 5757 5757 5757 -1 -1 5757 5757 5757 5757 5757 5757 5757 5757 5757 5757 -1 5757 5757 5757 5757 5757 5757 5757 5757 5757 5757 5757 5757 -1 -1 5757 5757 5757 5757 5757 5757 5757 5757 5757 5757 -1 5757 -1 5757 5757 -1 5757 5757 5757 5757 5757 -1 5757 -1 5757 5757 5757 5757 5757 5757 5757 5757
5757 5757 5757 5757 5757 5757 5757 5757 5757 5757 -1 5757 -1 5757 5757 5757 5757 5757 -1 5757 5757 5757 -1 5757 5757 5757 -1 5757 5757 -1 -1 5757 5757 5757 5757 5757 5757 5757 5757 5757 5757 5757 -1 5757 5757 5757 5757 5757 5757 -1 5757 -1 5757 5757 5757 5757 -1 5757 5757 5757 5757 5757 5757 5757 5757 5757 5757 5757 -1 -1 5757 -1 5757 -1 5757 5757 5757 5757 5757 5757 5757 -1 5757 5757 5757 5757 5757 5757 -1 5757 5757 5757 5757 5757 5757 5757 5757 5757 5757 5757
5757 5757 5757 5757 5757 -1 5757 5757 5757 5757 5757 5757 5757 5757 -1 5757 5757 5757 5757 5757 5757 5757 5757 5757 5757 5757 5757 5757 5757 5757 5757 5757 -1 5757 5757 5757 5757 5757 -1 5757 5757 5757 5757 5757 5757 5757 5757 5757 5757 5757 5757 -1 5757 5757 5757 5757 5757 5757 5757 -1 -1 5757 -1 5757 5757 5757 -1 -1 5757 5757 5757 5757 5757 5757 5757 5757 5757 5757 5757 5757 5757 5757 5757 -1 5757 5757 5757 -1 5757 5757 5757 5757 5757 5757 -1 5757 5757 5757 5757 -1
5757 5757 5757 5757 5757 5757 5757 5757 -1 5757 5757 5757 5757 5757 5757 5757 5757 5757 5757 5757 5757 5757 5757 5757 5757 5757 5757 -1 5757 5757 -1 5757 -1 5757 5757 5757 5757 -1 5757 -1 5757 5757 5757 5757 5757 5757 5757 5757 -1 5757 5757 5757 5757 -1 5757 5757 5757 5757 5757 5757 -1 5757 5757 5757 5757 5757 5757 5757 5757 5757 5757 5757 -1 5757 5757 5757 5757 5757 5757 5757 5757 5757 5757 5757 5757 5757 -1 5757 5757 -1 -1 5757 5757 -1 -1 -1 5757 5757 5757 5757
5757 5757 5757 5757 -1 5757 5757 5757 -1 5757 5757 5757 5757 5757 5757 5757 5757 5757 5757 -1 5757 -1 5757 5757 5757 5757 5757 5757 -1 5757 5757 5757 -1 5757 5757 5757 5757 5757 5757 5757 5757 5757 -1 5757 5757 5757 5757 5757 5757 5757 5757 5757 5757 5757 5757 -1 5757 5757 5757 5757 5757 5757 5757 5757 5757 5757 5757 -1 5757 5757 5757 5757 5757 5757 5757 5757 5757 5757 5757 -1 5757 5757 5757 5757 5757 5757 5757 -1 -1 5757 5757 -1 5757 5757 5757 5757 5757 5757 5757 5757
5757 5757 5757 5757 5757 5757 5757 5757 5757 -1 -1 5757 5757 5757 5757 5757 -1 5757 5757 5757 5757 -1 5757 -1 5757 5757 5757 5757 5757 5757 5757 5757 5757 -1 5757 5757 5757 5757 5757 5757 5757 -1 5757 5757 5757 5757 5757 -1 -1 5757 5757 -1 -1 -1 -1 -1 5757 5757 5757 5757 5757 5757 5757 5757 5757 5757 5757 5757 5757 5757 5757 5757 5757 5757 -1 5757 5757 -1 5757 5757 5757 5757 5757 5757 5757 -1 5757 5757 5757 5757 5757 5757 5757 -1 5757 -1 5757 5757 5757 5757
5757 5757 5757 5757 5757 5757 -1 5757 -1 -1 -1 5757 -1 5757 5757 5757 5757 5757 5757 5757 5757 -1 5757 -1 5757 5757 5757 -1 5757 5757 5757 5757 5757 5757 5757 5757 5757 5757 5757 5757 5757 5757 5757 5757 5757 5757 5757 5757 5757 5757 5757 5757 5757 -1 5757 5757 5757 5757 -1 5757 5757 5757 -1 5757 5757 5757 -1 5757 -1 -1 5757 5757 -1 5757 5757 5757 5757 -1 5757 5757 5757 5757 -1 5757 5757 -1 5757 5757 -1 -1 5757 5757 5757 5757 5757 -1 5757 5757 5757 -1
-1 5757 -1 5757 -1 5757 5757 5757 5757 5757 -1 5757 -1 5757 5757 -1 5757 5757 5757 5757 5757 -1 -1 5757 -1 5757 5757 5757 -1 5757 5757 5757 -1 5757 5757 -1 5757 5757 5757 -1 5757 5757 5757 5757 -1 5757 -1 5757 5757 5757 5757 5757 5757 -1 5757 5757 5757 5757 5757 -1 -1 -1 -1 5757 5757 5757 5757 5757 5757 5757 5757 5757 5757 5757 5757 5757 -1 5757 -1 5757 5757 5757 5757 5757 -1 5757 5757 5757 5757 -1 5757 5757 -1 5757 5757 5757 5757 5757 5757 5757
5757 -1 5757 -1 5757 5757 5757 -1 5757 -1 5757 5757 -1 -1 -1 5757 -1 5757 -1 5757 5757 5757 5757 -1 -1 5757 -1 -1 5757 5757 5757 5757 5757 -1 5757 5757 5757 5757 -1 5757 5757 5757 5757 -1 5757 5757 5757 5757 5757 5757 5757 -1 -1 5757 5757 5757 -1 5757 5757 5757 5757 5757 5757 5757 5757 5757 5757 5757 5757 5757 -1 5757 -1 5757 5757 5757 5757 5757 5757 5757 5757 -1 5757 -1 5757 5757 5757 -1 5757 5757 5757 5757 5757 5757 5757 5757 -1 5757 5757 5757
5757 5757 5757 5757 5757 5757 5757 -1 -1 -1 -1 -1 5757 5757 5757 5757 -1 5757 5757 5757 5757 -1 5757 -1 -1 -1 5757 5757 5757 5757 5757 5757 5757 5757 5757 5757 -1 -1 -1 5757 5757 -1 5757 5757 5757 5757 5757 5757 5757 5757 5757 -1 5757 -1 -1 5757 5757 5757 5757 5757 -1 5757 5757 5757 5757 5757 5757 5757 5757 5757 5757 -1 5757 5757 5757 5757 -1 -1 5757 5757 5757 -1 5757 5757 5757 5757 5757 5757 -1 5757 -1 5757 -1 5757 5757 5757 -1 5757 5757 5757
5757 5757 5757 -1 -1 5757 -1 5757 5757 5757 5757 5757 5757 5757 5757 5757 5757 5757 5757 5757 5757 -1 -1 5757 5757 5757 -1 5757 5757 5757 -1 -1 5757 5757 5757 5757 5757 5757 5757 5757 5757 5757 -1 5757 5757 5757 5757 5757 5757 5757 5757 5757 5757 -1 5757 5757 5757 5757 5757 -1 5757 5757 5757 5757 5757 5757 5757 5757 -1 -1 5757 5757 5757 5757 5757 5757 5757 -1 5757 -1 5757 5757 5757 5757 5757 5757 -1 5757 5757 5757 5757 5757 5757 -1 5757 5757 -1 5757 5757 5757
-1 -1 5757 5757 -1 5757 5757 5757 5757 5757 -1 5757 -1 5757 5757 5757 5757 5757 -1 5757 5757 5757 5757 -1 5757 5757 5757 5757 5757 -1 5757 5757 -1 5757 5757 5757 -1 5757 5757 -1 5757 5757 5757 -1 5757 -1 -1 5757 5757 5757 5757 5757 5757 5757 5757 5757 5757 5757 5757 5757 5757 -1 -1 5757 -1 -1 5757 5757 5757 -1 5757 5757 5757 5757 5757 5757 5757 5757 5757 -1 5757 5757 5757 5757 5757 5757 5757 -1 5757 5757 -1 5757 5757 5757 5757 5757 -1 -1 5757 5757
-1 5757 5757 5757 5757 5757 -1 -1 5757 5757 5757 5757 -1 5757 5757 5757 -1 5757 5757 5757 5757 5757 -1 5757 5757 -1 5757 5757 -1 5757 -1 5757 -1 5757 5757 -1 -1 5757 -1 -1 5757 5757 5757 5757 5757 5757 -1 5757 5757 -1 5757 5757 5757 5757 5757 5757 -1 5757 5757 5757 5757 5757 -1 5757 5757 5757 5757 5757 -1 5757 5757 5757 5757 5757 5757 5757 5757 -1 5757 5757 5757 5757 5757 5757 -1 -1 5757 -1 5757 5757 5757 -1 5757 -1 5757 5757 5757 5757 5757 5757
5757 5757 5757 5757 5757 5757 5757 5757 5757 5757 5757 5757 5757 5757 5757 -1 5757 5757 5757 5757 5757 5757 5757 -1 5757 5757 5757 5757 5757 5757 5757 5757 5757 5757 5757 5757 5757 5757 -1 -1 -1 5757 5757 5757 5757 -1 5757 5757 5757 5757 5757 -1 5757 -1 5757 -1 5757 5757 5757 5757 -1 -1 5757 -1 5757 5757 5757 -1 5757 5757 5757 5757 5757 -1 5757 5757 5757 5757 5757 5757 5757 -1 5757 5757 -1 5757 5757 5757 5757 5757 -1 5757 5757 5757 5757 -1 5757 5757 -1 5757
5757 5757 -1 5757 5757 5757 5757 5757 5757 5757 -1 5757 5757 -1 5757 5757 5757 -1 5757 5757 5757 5757 5757 -1 5757 5757 -1 5757 5757 5757 5757 5757 -1 5757 5757 5757 5757 5757 5757 -1 -1 5757 5757 5757 5757 5757 5757 5757 -1 -1 5757 5757 -1 -1 5757 5757 -1 -1 5757 5757 5757 5757 -1 5757 -1 -1 5757 5757 5757 5757 5757 5757 5757 5757 5757 5757 5757 5757 5757 5757 5757 5757 -1 -1 5757 -1 -1 5757 -1 -1 5757 5757 5757 5757 5757 5757 5757 5757 5757 5757
5757 5757 5757 5757 5757 5757 5757 5757 5757 5757 -1 -1 5757 5757 5757 5757 5757 -1 -1 5757 5757 5757 5757 5757 5757 5757 5757 5757 5757 5757 5757 5757 5757 5757 5757 5757 5757 5757 5757 5757 5757 -1 5757 5757 5757 5757 5757 -1 5757 -1 5757 5757 5757 5757 5757 5757 5757 5757 -1 -1 5757 5757 5757 -1 5757 5757 5757 -1 5757 -1 5757 -1 5757 5757 5757 5757 5757 5757 5757 5757 5757 -1 -1 5757 5757 -1 5757 -1 -1 5757 5757 5757 -1 -1 5757 5757 5757 -1 5757 5757
5757 5757 -1 5757 -1 5757 -1 5757 5757 5757 -1 -1 5757 -1 5757 5757 5757 5757 5757 5757 -1 -1 5757 -1 -1 5757 5757 5757 5757 5757 5757 5757 5757 5757 -1 5757 5757 5757 -1 5757 -1 -1 -1 5757 5757 5757 -1 -1 5757 -1 5757 5757 5757 5757 -1 5757 5757 5757 5757 5757 5757 5757 5757 5757 -1 5757 5757 -1 5757 5757 5757 5757 5757 5757 5757 5757 5757 5757 5757 -1 5757 -1 -1 5757 -1 -1 5757 5757 5757 5757 5757 -1 -1 5757 5757 5757 5757 5757 5757 -1
5757 5757 5757 -1 5757 5757 5757 -1 5757 5757 5757 5757 5757 -1 -1 5757 5757 5757 5757 -1 5757 5757 5757 5757 5757 -1 5757 5757 5757 5757 -1 -1 -1 5757 5757 -1 5757 5757 5757 5757 -1 -1 5757 5757 -1 5757 5757 5757 5757 5757 5757 5757 5757 5757 5757 5757 5757 5757 5757 -1 -1 5757 -1 5757 5757 -1 5757 5757 5757 -1 5757 5757 -1 5757 5757 5757 5757 -1 5757 -1 5757 -1 5757 5757 5757 5757 5757 5757 -1 5757 5757 5757 5757 5757 5757 5757 5757 5757 5757 -1
5757 5757 5757 5757 5757 5757 5757 5757 5757 -1 5757 -1 -1 5757 5757 5757 5757 5757 -1 5757 5757 5757 5757 5757 5757 5757 -1 -1 5757 5757 -1 5757 5757 -1 -1 -1 5757 5757 5757 5757 5757 5757 5757 5757 5757 5757 5757 -1 -1 -1 -1 5757 5757 5757 5757 -1 5757 5757 5757 5757 5757 5757 5757 5757 5757 -1 5757 5757 5757 5757 5757 5757 5757 -1 5757 -1 5757 5757 -1 -1 -1 5757 -1 5757 5757 5757 5757 5757 -1 5757 5757 5757 5757 -1 5757 -1 -1 -1 5757 -1
5757 5757 5757 -1 -1 5757 5757 5757 5757 5757 5757 -1 5757 5757 5757 5757 5757 -1 5757 5757 5757 5757 5757 5757 5757 5757 5757 5757 -1 5757 5757 -1 5757 -1 -1 -1 -1 5757 5757 5757 -1 5757 5757 5757 5757 5757 -1 5757 5757 5757 5757 5757 5757 -1 5757 5757 5757 -1 5757 5757 5757 5757 5757 5757 5757 5757 5757 5757 5757 5757 5757 -1 5757 5757 5757 5757 -1 5757 -1 5757 5757 5757 5757 5757 5757 5757 5757 5757 5757 -1 5757 5757 5757 5757 5757 5757 5757 5757 5757 5757
5757 5757 5757 5757 5757 5757 -1 5757 5757 5757 5757 -1 -1 5757 5757 5757 -1 5757 5757 5757 5757 5757 5757 -1 -1 5757 5757 5757 5757 -1 -1 -1 5757 5757 5757 5757 5757 5757 5757 5757 5757 5757 5757 5757 5757 5757 5757 -1 5757 5757 5757 -1 5757 5757 5757 5757 5757 5757 5757 5757 -1 5757 5757 5757 -1 5757 5757 5757 5757 5757 -1 5757 -1 5757 5757 5757 5757 -1 -1 -1 5757 5757 -1 -1 5757 5757 5757 5757 5757 5757 5757 5757 5757 5757 5757 5757 5757 5757 5757 5757
-1 5757 5757 5757 -1 5757 5757 5757 -1 5757 5757 5757 5757 -1 5757 5757 -1 5757 5757 5757 5757 -1 5757 5757 -1 5757 5757 -1 5757 -1 5757 5757 5757 5757 5757 5757 -1 5757 5757 -1 5757 5757 5757 5757 5757 -1 5757 5757 5757 -1 -1 5757 5757 5757 5757 5757 -1 5757 -1 5757 5757 5757 5757 5757 -1 5757 5757 5757 5757 5757 5757 5757 -1 5757 5757 5757 5757 5757 -1 5757 5757 5757 5757 5757 5757 -1 5757 5757 5757 5757 5757 5757 5757 5757 -1 5757 5757 5757 5757 5757
-1 5757 -1 5757 5757 5757 -1 5757 -1 -1 5757 5757 5757 -1 5757 5757 -1 -1 5757 5757 5757 5757 5757 5757 5757 5757 5757 5757 5757 5757 5757 5757 5757 5757 -1 -1 5757 5757 5757 5757 5757 5757 5757 -1 -1 5757 -1 5757 5757 5757 5757 5757 5757 5757 5757 5757 5757 5757 5757 5757 -1 -1 -1 5757 5757 5757 -1 5757 5757 5757 -1 5757 5757 5757 -1 5757 -1 5757 -1 5757 5757 5757 5757 5757 5757 5757 -1 5757 5757 5757 -1 5757 5757 5757 5757 5757 -1 -1 5757 5757
5757 5757 -1 5757 5757 5757 5757 5757 -1 5757 5757 -1 5757 5757 5757 5757 -1 5757 5757 5757 -1 5757 -1 5757 5757 5757 -1 -1 5757 5757 5757 5757 5757 -1 5757 -1 5757 -1 5757 -1 5757 -1 5757 5757 -1 5757 5757 5757 -1 -1 -1 5757 5757 5757 5757 5757 -1 5757 5757 5757 5757 -1 5757 5757 5757 5757 5757 5757 5757 5757 -1 5757 5757 5757 -1 5757 5757 -1 5757 5757 5757 5757 -1 5757 -1 5757 5757 -1 5757 5757 5757 -1 5757 5757 -1 -1 5757 5757 5757 -1
5757 -1 5757 5757 -1 -1 5757 5757 -1 -1 5757 5757 5757 5757 5757 5757 5757 -1 5757 5757 5757 5757 5757 5757 5757 5757 5757 -1 -1 5757 5757 5757 5757 -1 -1 -1 5757 -1 5757 5757 5757 -1 5757 5757 5757 5757 5757 5757 5757 5757 5757 -1 5757 5757 5757 5757 5757 5757 5757 5757 5757 5757 5757 5757 -1 5757 5757 5757 5757 5757 5757 5757 -1 -1 5757 5757 5757 5757 5757 -1 -1 5757 -1 5757 -1 5757 -1 5757 5757 5757 5757 5757 5757 5757 5757 5757 5757 5757 -1 5757
5757 5757 -1 5757 5757 5757 5757 -1 -1 5757 5757 5757 5757 5757 -1 -1 5757 5757 -1 5757 5757 5757 5757 5757 -1 5757 5757 5757 5757 5757 5757 5757 5757 -1 5757 -1 5757 5757 -1 5757 5757 5757 -1 5757 5757 5757 5757 5757 5757 5757 5757 5757 5757 5757 5757 5757 5757 5757 -1 5757 5757 5757 5757 5757 -1 5757 5757 5757 5757 5757 5757 5757 5757 5757 -1 5757 5757 -1 5757 -1 -1 5757 5757 5757 5757 5757 5757 5757 -1 5757 5757 -1 5757 5757 5757 -1 5757 5757 5757 5757
-1 5757 5757 5757 -1 5757 -1 5757 -1 -1 -1 -1 5757 5757 5757 5757 5757 5757 5757 5757 5757 5757 5757 5757 5757 5757 5757 5757 5757 -1 -1 -1 -1 5757 5757 5757 5757 5757 5757 -1 -1 5757 -1 -1 5757 5757 5757 5757 5757 5757 5757 5757 5757 5757 -1 5757 -1 -1 5757 -1 5757 5757 5757 5757 -1 5757 5757 5757 5757 5757 5757 5757 5757 5757 5757 -1 5757 5757 5757 5757 -1 5757 5757 5757 5757 -1 5757 5757 -1 5757 5757 5757 5757 5757 5757 5757 5757 5757 5757 5757
5757 5757 5757 5757 5757 -1 5757 5757 5757 5757 5757 5757 -1 5757 5757 5757 5757 5757 5757 5757 5757 5757 5757 5757 -1 -1 5757 5757 -1 -1 -1 5757 5757 -1 5757 5757 5757 5757 5757 5757 5757 -1 5757 -1 5757 5757 5757 5757 5757 5757 5757 5757 5757 5757 5757 5757 5757 -1 5757 5757 5757 5757 5757 5757 -1 5757 -1 5757 5757 5757 5757 5757 5757 5757 -1 5757 -1 5757 5757 5757 -1 5757 5757 5757 5757 -1 5757 5757 -1 5757 -1 5757 -1 5757 5757 5757 5757 -1 5757 5757
-1 -1 5757 5757 5757 5757 -1 5757 5757 5757 5757 -1 -1 5757 -1 5757 5757 5757 5757 5757 5757 5757 5757 5757 5757 5757 -1 5757 5757 5757 5757 5757 5757 5757 5757 5757 5757 5757 5757 -1 -1 -1 5757 5757 -1 -1 5757 5757 5757 -1 5757 -1 5757 5757 5757 5757 -1 5757 -1 5757 5757 -1 5757 5757 5757 5757 -1 5757 5757 5757 5757 5757 5757 5757 -1 5757 5757 -1 -1 5757 5757 5757 5757 -1 5757 -1 -1 5757 5757 5757 5757 -1 5757 5757 5757 5757 -1 5757 -1 5757
-1 5757 5757 5757 5757 5757 5757 5757 5757 5757 5757 5757 -1 5757 -1 5757 -1 -1 -1 5757 5757 -1 -1 5757 5757 5757 5757 -1 5757 5757 5757 5757 5757 5757 5757 -1 5757 5757 5757 5757 5757 -1 5757 5757 5757 5757 5757 5757 5757 5757 5757 5757 5757 5757 -1 5757 5757 5757 -1 5757 -1 5757 5757 5757 5757 5757 5757 -1 5757 5757 5757 5757 5757 5757 5757 5757 5757 5757 5757 -1 5757 5757 5757 5757 5757 5757 5757 5757 5757 5757 -1 5757 5757 5757 5757 5757 5757 5757 5757 5757
5757 5757 5757 5757 5757 5757 5757 5757 5757 5757 5757 -1 5757 5757 -1 -1 5757 -1 5757 5757 -1 -1 5757 5757 5757 5757 5757 5757 5757 -1 5757 5757 5757 5757 5757 5757 -1 -1 -1 5757 5757 5757 5757 5757 -1 5757 5757 5757 5757 5757 -1 5757 5757 5757 5757 5757 -1 5757 5757 -1 5757 5757 5757 -1 -1 -1 -1 5757 5757 5757 -1 -1 5757 5757 5757 5757 -1 5757 -1 5757 5757 5757 5757 -1 5757 5757 5757 5757 5757 5757 5757 -1 -1 5757 5757 -1 5757 5757 -1 -1
5757 5757 5757 5757 5757 5757 5757 5757 5757 5757 5757 -1 5757 -1 -1 5757 5757 5757 5757 5757 5757 5757 5757 5757 5757 5757 5757 5757 5757 5757 -1 5757 5757 5757 -1 5757 -1 5757 5757 5757 5757 5757 5757 5757 5757 5757 5757 5757 5757 5757 5757 5757 5757 5757 5757 -1 5757 -1 5757 5757 -1 -1 5757 -1 5757 -1 5757 -1 5757 5757 5757 5757 5757 -1 5757 5757 5757 5757 5757 5757 5757 5757 5757 5757 -1 -1 5757 -1 5757 5757 5757 5757 5757 5757 -1 -1 -1 -1 5757 5757
5757 5757 -1 5757 5757 -1 5757 5757 -1 5757 5757 5757 5757 5757 -1 5757 5757 -1 -1 -1 5757 5757 5757 -1 5757 5757 5757 5757 5757 5757 5757 5757 -1 5757 5757 5757 5757 5757 5757 5757 5757 5757 -1 5757 -1 5757 5757 -1 5757 5757 5757 -1 5757 5757 5757 5757 5757 5757 5757 5757 5757 5757 5757 5757 5757 5757 5757 5757 5757 -1 5757 5757 5757 5757 5757 5757 5757 5757 5757 5757 5757 5757 -1 -1 5757 5757 5757 5757 5757 5757 5757 5757 5757 5757 5757 -1 5757 5757 5757 5757
5757 5757 5757 5757 5757 5757 5757 5757 5757 5757 -1 5757 5757 5757 5757 5757 5757 5757 5757 5757 -1 5757 5757 -1 5757 5757 5757 5757 5757 5757 5757 5757 -1 5757 5757 5757 -1 5757 5757 5757 5757 -1 5757 -1 5757 -1 -1 -1 5757 5757 5757 5757 5757 5757 5757 5757 5757 5757 5757 5757 5757 5757 5757 5757 5757 5757 5757 5757 5757 5757 5757 5757 5757 5757 5757 5757 5757 -1 5757 5757 5757 5757 -1 5757 5757 5757 5757 -1 5757 5757 5757 5757 5757 5757 5757 -1 5757 -1 5757 5757
5757 5757 5757 5757 5757 -1 5757 -1 -1 5757 -1 5757 5757 5757 -1 5757 5757 -1 5757 5757 -1 5757 5757 5757 5757 -1 5757 5757 5757 -1 5757 5757 5757 5757 5757 5757 5757 5757 5757 -1 5757 5757 -1 -1 5757 5757 5757 5757 -1 5757 5757 -1 5757 -1 5757 5757 5757 5757 5757 5757 5757 5757 5757 5757 5757 5757 5757 5757 5757 -1 -1 5757 5757 5757 5757 5757 5757 -1 -1 5757 5757 5757 5757 5757 5757 5757 5757 5757 5757 -1 -1 5757 5757 5757 -1 5757 5757 5757 5757 5757
5757 -1 5757 5757 5757 5757 -1 5757 5757 5757 5757 5757 5757 5757 5757 5757 5757 5757 5757 5757 5757 -1 -1 -1 5757 -1 -1 5757 5757 5757 -1 5757 5757 5757 5757 5757 5757 5757 5757 5757 5757 -1 5757 5757 5757 5757 5757 5757 5757 5757 5757 -1 5757 5757 5757 -1 -1 5757 5757 5757 5757 5757 5757 -1 5757 5757 -1 5757 5757 5757 5757 5757 5757 -1 -1 -1 -1 5757 5757 5757 5757 5757 5757 5757 5757 5757 -1 5757 5757 -1 5757 5757 5757 -1 -1 5757 5757 5757 5757 5757
5757 5757 5757 5757 5757 5757 5757 5757 5757 5757 5757 -1 5757 5757 5757 5757 5757 5757 5757 5757 5757 5757 5757 5757 5757 5757 5757 -1 5757 5757 5757 5757 5757 -1 5757 5757 5757 5757 -1 -1 -1 5757 -1 5757 5757 5757 -1 5757 5757 -1 5757 5757 5757 5757 -1 5757 5757 5757 5757 5757 5757 5757 5757 5757 5757 -1 5757 5757 5757 5757 5757 -1 5757 5757 5757 5757 -1 5757 5757 5757 5757 5757 5757 5757 5757 5757 5757 5757 5757 -1 5757 5757 5757 5757 5757 5757 5757 5757 5757 5757
5757 5757 5757 5757 5757 5757 5757 5757 5757 5757 5757 5757 5757 -1 -1 5757 5757 5757 5757 5757 5757 5757 5757 5757 5757 5757 5757 5757 5757 -1 5757 5757 5757 5757 -1 5757 5757 5757 5757 5757 5757 -1 5757 5757 -1 5757 5757 -1 5757 5757 5757 5757 5757 5757 -1 5757 5757 5757 5757 5757 5757 5757 5757 5757 -1 5757 5757 5757 5757 5757 5757 5757 5757 -1 5757 5757 5757 5757 5757 5757 5757 5757 5757 5757 5757 5757 5757 -1 -1 -1 5757 -1 5757 5757 5757 5757 5757 5757 5757 5757
5757 5757 5757 5757 -1 -1 5757 5757 5757 5757 5757 5757 5757 5757 5757 5757 5757 5757 5757 5757 5757 5757 5757 -1 5757 5757 5757 5757 5757 5757 -1 -1 5757 5757 5757 5757 5757 5757 5757 5757 -1 5757 -1 5757 5757 5757 -1 -1 5757 -1 5757 5757 5757 5757 5757 5757 5757 5757 5757 5757 5757 5757 5757 -1 -1 5757 5757 -1 -1 5757 5757 5757 5757 5757 5757 5757 5757 -1 5757 -1 5757 5757 5757 5757 5757 5757 5757 5757 5757 5757 5757 5757 5757 5757 5757 5757 5757 5757 -1 5757
-1 -1 5757 5757 5757 5757 5757 5757 5757 5757 5757 5757 5757 5757 5757 5757 5757 5757 5757 5757 5757 5757 5757 -1 5757 5757 -1 -1 5757 5757 5757 5757 5757 5757 5757 5757 5757 5757 -1 5757 5757 5757 -1 5757 -1 5757 5757 5757 5757 5757 5757 5757 5757 5757 5757 5757 5757 5757 5757 5757 5757 5757 5757 5757 -1 5757 -1 5757 5757 5757 5757 5757 5757 5757 5757 5757 -1 5757 5757 5757 5757 5757 5757 5757 -1 5757 5757 -1 -1 5757 5757 5757 -1 5757 -1 -1 -1 5757 5757 5757
5757 -1 5757 -1 5757 -1 -1 5757 5757 5757 5757 5757 5757 5757 -1 5757 5757 5757 5757 5757 5757 5757 5757 5757 5757 5757 -1 5757 5757 5757 5757 5757 5757 5757 5757 -1 -1 5757 -1 5757 5757 5757 5757 5757 5757 5757 5757 5757 5757 5757 5757 5757 5757 5757 -1 -1 -1 5757 5757 5757 5757 5757 5757 5757 5757 5757 5757 5757 -1 -1 5757 -1 5757 -1 5757 5757 5757 5757 -1 5757 5757 5757 5757 5757 5757 5757 5757 5757 -1 5757 5757 5757 -1 5757 5757 5757 5757 5757 -1 5757
-1 5757 5757 5757 5757 5757 5757 -1 5757 -1 5757 -1 5757 5757 5757 5757 5757 5757 5757 5757 5757 5757 5757 5757 5757 5757 -1 5757 5757 5757 -1 5757 5757 5757 5757 5757 5757 5757 5757 5757 5757 5757 5757 5757 5757 5757 -1 5757 5757 5757 5757 5757 -1 -1 5757 5757 5757 5757 5757 5757 5757 5757 5757 5757 -1 5757 -1 -1 -1 -1 5757 5757 5757 5757 5757 5757 5757 5757 5757 -1 5757 5757 -1 5757 -1 5757 -1 -1 5757 5757 5757 5757 -1 -1 -1 -1 5757 5757 5757 5757
5757 5757 5757 5757 -1 5757 -1 5757 5757 -1 5757 -1 -1 5757 -1 -1 5757 5757 5757 5757 5757 -1 5757 5757 5757 -1 5757 5757 5757 5757 5757 5757 5757 5757 5757 5757 -1 5757 5757 5757 5757 5757 -1 5757 -1 -1 5757 5757 5757 5757 5757 5757 5757 -1 5757 -1 -1 -1 5757 5757 5757 5757 5757 -1 5757 5757 5757 5757 -1 5757 -1 5757 5757 5757 -1 5757 -1 5757 -1 5757 5757 5757 -1 5757 5757 -1 -1 5757 5757 -1 5757 5757 5757 5757 5757 5757 5757 5757 5757 5757
5757 5757 5757 -1 5757 5757 5757 -1 5757 5757 5757 5757 5757 5757 5757 5757 -1 5757 5757 5757 5757 5757 -1 5757 5757 5757 -1 5757 5757 5757 5757 5757 5757 5757 5757 5757 5757 -1 5757 5757 5757 5757 5757 5757 5757 5757 5757 5757 5757 5757 5757 -1 5757 5757 -1 5757 5757 5757 5757 5757 -1 5757 5757 5757 -1 5757 5757 -1 5757 -1 5757 5757 5757 5757 -1 5757 5757 5757 5757 5757 -1 -1 5757 5757 -1 5757 5757 -1 5757 5757 5757 5757 5757 5757 5757 5757 5757 5757 5757 5757
5757 5757 5757 5757 5757 5757 5757 5757 5757 -1 5757 5757 5757 5757 5757 5757 5757 5757 5757 -1 -1 5757 5757 5757 -1 5757 5757 5757 -1 5757 -1 5757 5757 5757 5757 5757 5757 5757 5757 5757 5757 5757 5757 5757 5757 5757 5757 -1 5757 5757 5757 5757 5757 5757 -1 -1 5757 5757 -1 5757 -1 -1 5757 5757 5757 5757 5757 5757 5757 5757 -1 5757 5757 5757 5757 5757 -1 5757 5757 5757 5757 5757 5757 -1 5757 5757 5757 5757 5757 5757 -1 5757 5757 5757 5757 5757 5757 5757 5757 5757
5757 5757 5757 5757 -1 5757 5757 5757 5757 5757 5757 -1 5757 -1 5757 5757 5757 -1 5757 5757 5757 5757 -1 5757 -1 5757 5757 5757 -1 5757 5757 5757 5757 5757 5757 5757 5757 -1 5757 5757 5757 5757 -1 5757 5757 -1 5757 5757 -1 -1 5757 5757 -1 5757 5757 -1 -1 5757 -1 5757 5757 5757 5757 -1 5757 5757 5757 -1 5757 5757 5757 5757 5757 5757 -1 5757 -1 5757 5757 5757 5757 5757 5757 5757 5757 -1 5757 5757 5757 5757 5757 5757 5757 5757 -1 5757 5757 5757 -1 5757
5757 -1 5757 5757 -1 5757 5757 5757 5757 5757 5757 5757 5757 5757 5757 -1 5757 5757 5757 5757 5757 -1 5757 -1 -1 5757 -1 5757 5757 5757 5757 5757 5757 5757 5757 5757 5757 5757 -1 5757 5757 5757 5757 5757 -1 5757 5757 5757 -1 5757 5757 5757 -1 5757 5757 5757 5757 5757 5757 5757 -1 5757 5757 5757 5757 -1 5757 5757 5757 -1 5757 5757 5757 5757 5757 5757 5757 5757 5757 5757 5757 5757 -1 5757 5757 -1 5757 5757 5757 5757 5757 5757 5757 5757 5757 5757 5757 5757 5757 5757
-1 -1 -1 5757 -1 5757 -1 5757 5757 -1 5757 5757 5757 5757 5757 5757 5757 5757 5757 5757 5757 -1 5757 5757 5757 5757 5757 5757 5757 5757 5757 -1 5757 5757 5757 5757 5757 5757 5757 5757 5757 5757 5757 5757 5757 5757 5757 5757 5757 5757 5757 5757 5757 5757 5757 5757 5757 5757 5757 5757 -1 5757 -1 5757 5757 5757 5757 5757 5757 5757 5757 5757 5757 5757 5757 5757 -1 -1 -1 5757 -1 -1 5757 5757 5757 5757 -1 -1 5757 5757 -1 -1 5757 5757 5757 5757 5757 -1 5757 -1
5757 -1 -1 5757 5757 5757 -1 5757 5757 5757 -1 5757 5757 5757 -1 5757 5757 5757 5757 5757 5757 5757 5757 5757 5757 5757 5757 5757 5757 5757 5757 5757 5757 5757 -1 5757 5757 5757 5757 5757 5757 5757 5757 5757 -1 5757 5757 5757 -1 5757 5757 5757 5757 5757 5757 5757 5757 5757 -1 5757 5757 5757 5757 -1 -1 5757 5757 5757 -1 5757 -1 -1 5757 5757 5757 5757 5757 5757 5757 5757 5757 5757 5757 5757 5757 -1 5757 5757 5757 -1 5757 -1 -1 5757 5757 5757 5757 -1 5757 5757
5757 5757 -1 5757 5757 5757 -1 -1 5757 5757 5757 5757 5757 5757 5757 -1 5757 5757 -1 -1 5757 5757 -1 -1 5757 5757 -1 5757 5757 5757 -1 5757 5757 5757 5757 5757 5757 5757 5757 5757 5757 5757 -1 5757 5757 5757 5757 5757 -1 -1 5757 5757 -1 5757 -1 -1 5757 5757 5757 5757 5757 5757 5757 5757 -1 5757 5757 5757 5757 5757 5757 -1 -1 5757 5757 5757 5757 5757 5757 -1 5757 -1 5757 5757 -1 5757 5757 5757 5757 -1 5757 5757 -1 5757 5757 5757 5757 5757 5757 -1
5757 5757 5757 5757 5757 -1 5757 -1 5757 5757 5757 5757 -1 5757 5757 5757 5757 5757 5757 5757 -1 5757 -1 5757 5757 5757 5757 5757 5757 5757 5757 5757 -1 5757 5757 5757 5757 5757 5757 5757 5757 5757 5757 -1 5757 5757 5757 5757 5757 5757 5757 5757 5757 5757 5757 5757 -1 5757 -1 5757 5757 -1 -1 -1 -1 5757 5757 5757 5757 -1 -1 5757 -1 5757 5757 5757 5757 5757 5757 5757 5757 5757 5757 -1 5757 5757 5757 5757 5757 5757 5757 5757 5757 5757 -1 -1 5757 5757 -1 5757
5757 5757 5757 5757 5757 5757 5757 5757 -1 5757 5757 5757 5757 5757 5757 5757 5757 5757 5757 5757 5757 -1 -1 5757 5757 5757 5757 5757 -1 5757 -1 5757 5757 5757 5757 -1 5757 5757 5757 5757 5757 5757 5757 5757 -1 5757 5757 5757 5757 -1 5757 5757 5757 5757 5757 -1 5757 5757 5757 5757 5757 -1 5757 5757 5757 5757 5757 5757 -1 5757 5757 5757 -1 -1 -1 5757 5757 5757 -1 5757 5757 -1 5757 5757 5757 5757 5757 5757 5757 5757 5757 5757 -1 5757 5757 -1 -1 -1 5757 5757
5757 -1 5757 5757 5757 5757 5757 5757 5757 5757 5757 -1 5757 5757 5757 5757 -1 5757 5757 5757 -1 5757 5757 5757 5757 5757 5757 5757 5757 5757 5757 -1 5757 -1 5757 -1 5757 5757 -1 5757 5757 5757 5757 5757 5757 5757 5757 5757 -1 5757 5757 -1 -1 5757 5757 5757 -1 -1 5757 5757 -1 5757 5757 5757 -1 5757 5757 5757 -1 -1 5757 5757 5757 5757 -1 5757 5757 5757 5757 5757 5757 5757 -1 5757 5757 5757 5757 5757 5757 -1 5757 5757 5757 5757 5757 -1 5757 -1 5757 5757
-1 5757 5757 5757 5757 5757 5757 5757 5757 -1 5757 5757 5757 5757 5757 -1 5757 -1 -1 -1 -1 -1 5757 5757 5757 5757 5757 -1 5757 5757 5757 5757 5757 5757 5757 -1 -1 5757 5757 5757 5757 5757 -1 -1 5757 5757 5757 5757 -1 5757 5757 5757 5757 5757 5757 -1 5757 5757 5757 5757 5757 -1 5757 5757 5757 -1 -1 5757 5757 5757 5757 5757 5757 5757 5757 -1 5757 5757 5757 -1 5757 5757 5757 5757 5757 5757 5757 5757 -1 5757 5757 -1 5757 5757 5757 -1 5757 5757 5757 5757
5757 -1 5757 5757 -1 5757 5757 5757 5757 5757 -1 -1 5757 5757 5757 5757 5757 5757 5757 5757 5757 -1 -1 -1 5757 -1 5757 5757 5757 5757 -1 5757 5757 5757 -1 5757 5757 5757 5757 5757 5757 5757 5757 5757 5757 5757 5757 5757 5757 5757 5757 5757 5757 5757 5757 5757 -1 5757 5757 5757 5757 -1 5757 -1 5757 5757 -1 5757 5757 5757 5757 5757 5757 -1 5757 5757 5757 5757 5757 -1 5757 -1 5757 5757 5757 5757 5757 5757 5757 -1 5757 5757 5757 5757 -1 5757 5757 5757 5757 5757
-1 5757 5757 5757 -1 5757 5757 5757 5757 5757 -1 5757 5757 5757 -1 5757 5757 -1 5757 5757 -1 5757 5757 5757 5757 5757 -1 5757 -1 5757 5757 5757 5757 5757 5757 5757 5757 5757 -1 5757 5757 -1 -1 5757 -1 5757 5757 -1 5757 -1 5757 5757 -1 5757 5757 5757 5757 -1 5757 5757 5757 5757 5757 -1 5757 5757 5757 -1 5757 5757 5757 5757 5757 -1 -1 5757 -1 5757 5757 5757 -1 -1 5757 5757 -1 5757 5757 5757 -1 5757 5757 -1 5757 5757 5757 5757 5757 5757 -1 5757
5757 5757 5757 -1 5757 5757 5757 5757 5757 5757 -1 5757 5757 5757 5757 -1 5757 5757 -1 5757 5757 5757 5757 5757 5757 5757 5757 5757 -1 5757 -1 5757 -1 5757 5757 5757 5757 5757 -1 5757 -1 5757 5757 5757 5757 5757 5757 5757 5757 5757 5757 -1 5757 5757 5757 5757 5757 5757 5757 5757 5757 5757 5757 5757 5757 5757 5757 -1 -1 5757 5757 -1 -1 5757 5757 -1 5757 5757 5757 5757 -1 5757 -1 5757 5757 5757 5757 5757 5757 5757 5757 -1 5757 5757 5757 5757 5757 5757 5757 5757
5757 5757 5757 5757 5757 5757 -1 -1 -1 5757 5757 -1 -1 -1 5757 5757 5757 5757 5757 5757 5757 5757 5757 5757 5757 5757 5757 5757 5757 5757 5757 5757 5757 5757 5757 -1 -1 5757 5757 5757 5757 5757 5757 -1 -1 5757 -1 5757 5757 5757 5757 5757 5757 -1 5757 -1 5757 5757 5757 -1 5757 5757 -1 5757 5757 5757 5757 5757 -1 5757 -1 5757 5757 -1 5757 5757 -1 5757 -1 -1 5757 5757 5757 5757 -1 -1 5757 -1 5757 5757 5757 5757 5757 5757 5757 5757 5757 -1 5757 5757
5757 5757 -1 5757 5757 5757 5757 -1 5757 -1 5757 5757 5757 5757 5757 5757 -1 -1 5757 5757 5757 5757 5757 5757 5757 5757 5757 5757 5757 5757 5757 5757 -1 5757 -1 5757 -1 5757 5757 -1 5757 -1 5757 5757 5757 5757 -1 5757 5757 5757 -1 5757 5757 5757 5757 5757 5757 5757 5757 5757 5757 5757 5757 -1 5757 -1 -1 5757 5757 -1 5757 5757 5757 5757 5757 5757 5757 5757 5757 5757 5757 5757 5757 5757 5757 5757 5757 5757 5757 5757 5757 5757 5757 5757 5757 5757 -1 -1 5757 5757
5757 5757 5757 -1 5757 -1 5757 5757 5757 5757 -1 5757 5757 5757 5757 5757 5757 5757 5757 -1 5757 -1 5757 5757 5757 5757 5757 5757 5757 5757 5757 5757 5757 5757 -1 5757 5757 -1 5757 5757 5757 5757 5757 5757 5757 5757 -1 5757 5757 5757 5757 5757 5757 -1 5757 5757 5757 5757 5757 -1 5757 5757 5757 5757 5757 5757 5757 -1 5757 5757 5757 5757 5757 5757 5757 5757 5757 -1 5757 5757 5757 5757 5757 5757 5757 5757 5757 -1 5757 5757 5757 5757 5757 5757 5757 5757 -1 5757 5757 5757
5757 5757 5757 -1 5757 -1 5757 5757 -1 -1 5757 5757 5757 5757 5757 5757 5757 5757 -1 5757 -1 5757 5757 5757 5757 -1 5757 5757 5757 5757 5757 5757 5757 5757 5757 -1 5757 5757 5757 5757 -1 5757 5757 5757 5757 5757 5757 5757 5757 -1 -1 5757 5757 5757 5757 5757 -1 5757 -1 5757 -1 -1 5757 -1 -1 -1 5757 5757 5757 -1 -1 -1 5757 5757 5757 -1 -1 5757 5757 5757 5757 5757 -1 5757 5757 5757 5757 5757 5757 5757 5757 5757 5757 5757 5757 5757 5757 5757 5757 -1
7 98
27 60
