1000
0 593766237 900156261 790297079 722567371
0 704829541 789030595 738359323 822550608
0 891577534 956647098 924476853 589018423
1 689492588 580009059 933232842 612058834
0 977226289 703767754 528445727 748036925
0 553317128 867846265 870497411 946450873
0 907864208 866107024 526356332 634171276
0 805879339 822484028 746624576 759277987
1 823545162 983285551 853084201 512615690
1 951523155 795795843 834090823 648252162
0 955816308 944788450 857206903 601639035
0 719667884 542517594 701220119 618473506
0 847865805 619788769 667413456 613914438
0 665497675 814770722 928028590 665375585
0 811574022 822630998 636035715 765447158
1 814240690 812185719 664082262 944308244
1 797343200 773636837 527166897 532251594
0 631938482 939986584 637517441 700742119
1 650003052 565475172 547111119 570045210
0 814829042 508949246 653344747 924036469
0 843946194 920203483 501823409 745237398
1 935427979 744872768 623477713 710258801
0 811030078 987694103 641433506 992311981
1 658286791 548846480 712797692 728482858
0 880551062 756888109 531502381 557250480
0 602530098 509127340 767284511 943806526
1 619300595 930479099 525338410 729783734
1 544920794 961299959 808100534 883724682
0 573053283 566047517 582911123 922408768
0 897260851 666331708 946870114 805458567
0 887636912 595355654 877610993 502573359
1 763973644 918543611 571949419 591240913
0 630897876 913626892 845078285 573420085
1 835451482 854143554 916783318 674149937
0 866867017 538061647 597243102 872495413
0 890564385 525898714 623510119 812697936
0 742918193 715356740 676384895 590668334
1 858461338 614878830 737626137 917425961
1 756937766 671062062 521004957 529265723
1 767268071 972375473 859340919 513734447
0 652991942 902121533 870852013 688037326
0 546898464 819332190 966352384 589586421
0 926719769 788666593 590198585 624603754
0 746628060 597679206 830272389 626783909
1 688311697 595589540 852488390 893493299
1 672031869 557907344 878758792 775808255
1 538346569 980467280 751827180 920359728
1 920416541 900011790 877236971 818275558
0 516003074 991953398 936461208 852712357
0 794330275 537230878 507535831 530701441
0 622646310 779762453 506978054 638770701
1 671023898 862270935 546189152 789982776
0 601252417 892910797 906420699 782443946
1 948504308 863952212 760521782 806187194
0 824567788 567293553 669126809 905020117
0 892708468 733862089 911928157 816147790
1 845738978 704661643 586702894 757863803
1 992740587 940817020 642497863 597464464
0 940741661 521872363 727999273 568804373
1 972910367 537439978 984492118 536988465
1 985544940 965374487 978284693 532414292
1 668424023 858610743 515426915 940645181
0 807108193 612112323 593510930 673431856
0 957989406 895990781 850497858 665015556
0 899385191 845454442 957055262 894027729
1 640015737 574815564 592443145 722541230
0 685702423 886927532 731738849 753217172
1 826187891 769181834 936683150 788344415
0 530551182 774547664 548129113 653901820
1 613708939 947555540 619814343 990464779
1 548187572 698023737 904019505 910329320
0 631485202 948562769 802306799 638806459
1 856738190 871277277 740151325 989821275
1 623715726 923938934 877175404 742977622
0 711504889 937187241 743519150 575361704
1 845794597 510924197 681046736 887693010
1 687327465 849369299 550093006 512468872
1 909771671 806510249 707259506 903823990
0 849212759 947069304 797028942 633996389
0 837092107 631924164 598493390 522297842
0 927034241 984257957 936133957 773214807
1 670153865 742215824 834011774 968102651
1 793082208 928177007 612033518 988355523
0 795593555 883052765 988657476 999074423
1 812387042 900226441 952848304 807712211
0 992513405 643556026 546049346 993896812
1 542523380 824042567 674831429 778148493
0 738461737 636865116 890787524 894225077
1 521748076 953833440 753608650 846526475
1 688461676 519536568 903163206 751540732
1 807565224 887147068 992478795 657451566
0 889866705 854075411 988416763 626722366
0 846223989 907313625 740282426 623568852
0 525685648 633086435 588473734 676628666
0 962916242 957812255 628841378 791387311
1 861056753 776313725 971710522 565849822
1 969678491 646408537 968256631 846335593
1 929046236 837997441 624047582 780485894
0 524036075 929924934 907394062 515338666
0 932250224 539947686 751429711 503448408
0 990411837 729559331 627518959 623543360
1 629092478 649944495 724100782 683224613
1 506249738 644420459 883193438 867888299
0 935194631 883187047 981134947 834702583
0 894534536 640481043 559289604 500446013
1 850252107 890984325 656685501 597815467
0 693593217 562891620 570245130 926462183
1 699627928 822889439 870215928 800512454
0 752618914 587691566 587858048 558354392
1 918621416 536013351 526272126 827605498
1 678653416 592205294 948207174 995871877
1 702457681 638980332 991459688 619748505
0 621857790 890640780 756384971 508559866
1 695396530 650120541 717387084 932415091
1 782247560 827715601 799420508 861055149
0 757354401 559844948 877794592 575978910
1 526800109 637874503 576717255 892471182
0 512127561 527690124 618541427 629271363
1 626822149 643047562 935417114 552855526
1 627070234 685810743 901626000 954237886
1 957489074 709656087 909355212 800018657
0 917460374 646848700 999103481 512721058
0 689533918 524921363 592270395 956388346
1 513496844 511148573 985240698 729312705
1 806173797 640782079 919261512 585566217
0 616638890 574584935 600066599 756453856
1 524896139 721063306 518770694 976499743
1 860169402 832804659 707102217 909038554
1 839194196 947394100 869722501 743980861
0 974044195 682312111 733317328 804035521
1 840618620 951384006 500399883 691543120
1 946348149 593810575 760035667 844330091
1 821614197 798829889 681824928 671307632
0 860420029 740507848 867365429 612471318
0 712437636 876727232 698621368 627636142
0 659032466 616749901 918668033 952598006
0 929890246 971190580 608344331 934127177
1 797226699 791217239 889524948 841208828
1 610884271 973589863 763267869 776655125
0 892354031 801982643 904885318 995531780
0 656703934 979531601 974475208 525635819
0 786534844 859071238 773203463 723825745
0 838462058 544414817 551947027 663604285
0 599295168 995430502 533630285 938499258
0 995418253 642754500 852367260 818574282
0 940702556 595611400 564395993 729267465
0 597833645 916256019 618585629 860147289
1 578449177 896880001 592696159 855051603
1 904018608 511592401 807478073 900247261
0 541076433 577886687 952715917 633514603
0 907241367 822782204 694363443 736210263
0 594287154 746008814 996556634 610073763
0 759914574 808977784 785129817 875855870
0 521451465 539026870 925154644 972206619
1 575748464 722965033 938741803 936458596
0 510316690 707512643 763573234 579697156
0 923781120 980150191 835292419 989541773
1 714621236 813149784 775388098 696702837
1 807344474 533373048 764767113 523126611
1 792061230 981860032 919616697 661018973
0 612372999 844891984 545205213 663767473
1 547423323 668294297 669989021 610453447
1 925987541 728593269 555215474 957579976
0 623625252 931059961 932533707 560745277
1 668318893 509329673 995480185 614786625
0 967318369 817326100 761406843 510080850
0 619976940 529986913 903264627 566475051
0 602469440 917515864 607787522 992329168
1 808292580 874140832 747418470 976855591
0 795786197 677676050 726359495 923188655
1 826654850 622974643 818514873 701052021
1 681631554 758039061 669814791 609903728
0 721847082 521532736 556306069 908233502
0 662354556 989902203 720525652 549062594
1 869988861 541120305 717263556 629546798
0 935686440 720630402 794760118 970290528
1 502190423 698625899 921457050 603565923
0 623809471 750942572 715953343 631873262
1 791970157 931238469 776252375 746098904
0 853846866 899208954 561241836 830182766
1 626592801 925985959 689855532 662808664
1 758406219 767799594 942786397 848594978
1 735537037 582338699 905209567 853643339
0 911498005 812578749 872479220 843154151
1 548806775 572586435 780291479 947957966
0 765279672 580468956 507571732 533558250
1 590539642 761893591 712376141 628029383
0 683734209 839085629 756796270 866562333
1 811795147 519557813 794961492 603259503
0 718290569 808214055 835709978 653061149
1 550089602 559220251 712058353 833711727
1 855085716 554395313 855934750 976461720
0 562831629 732055960 535362863 532476768
0 811411559 675121079 854396986 553340325
1 959746525 714246581 515761071 894623680
1 660554245 790389263 933256257 941111125
1 980568366 590595810 701279009 945998803
1 976705349 756907672 685833821 539334451
0 599179183 928892514 793380492 738122207
0 818013826 826888918 641386261 615031614
1 991147904 913644241 654037299 887500918
0 508054418 579062264 778979877 880183149
0 840979107 695399506 947894807 599201111
0 749622036 667370933 753782070 804601748
0 771229913 867119115 513303545 908321022
1 661084461 501512834 655273449 668766036
0 658001660 955039752 771043643 690366399
1 959487240 931540304 999226122 736751618
0 557222838 621227770 678624956 904965415
1 726862082 920902604 578506604 730174181
1 901622435 634554736 524051689 694555954
1 583406434 995807837 891547434 829721527
1 584827870 624970639 673966834 538195120
0 668127838 614907583 845958584 779782032
0 961477384 549564421 994014474 548468253
1 845131064 606265441 844011899 987573274
1 662805628 684907211 967787564 689802401
1 592415012 880057914 537919227 806570733
1 705552041 503712172 660317046 598857838
1 783487947 900605577 778639872 773611697
1 898158674 516879452 706915803 513761835
0 726848161 961745600 843013971 514754254
1 800372386 888556499 897808282 543319207
1 697396547 649559074 581785299 636894887
0 767816758 653647239 942922156 698839052
0 784425077 605873563 900077737 983058045
1 819085273 778059502 786514995 960888732
0 511532537 901999718 892247599 613705886
0 969071889 678677325 921485762 823243227
0 618875565 686266018 812646055 505680465
0 595076304 653906125 766716251 652198451
0 653636920 776022912 913160956 910534192
0 738378201 860857586 803099685 984316504
1 778912861 641666707 984086696 661785630
0 597063850 772405072 527730551 556072125
0 845219169 838475120 692268647 983773066
0 834326258 915191774 697419469 517963036
0 527263355 618410678 508713736 930848063
1 655525711 753191251 547250872 803506020
0 946308908 627299028 501195440 624104264
1 994488092 518978971 545336401 837285671
1 728221150 988347204 816590928 794926768
0 781973106 821632870 626418159 657177276
0 619746345 609925593 512259322 761497204
1 681388629 573250414 507421346 821230020
0 980329831 868801730 556382121 714689663
1 722302751 548940759 538139873 961322557
0 824047530 638489967 945912710 928352279
1 877795146 816046216 586764954 572829266
0 528240988 905203014 659684116 579550164
1 835195334 801197907 951049506 521840528
1 603899799 644384096 923408522 693618746
0 562243315 708247580 725104563 607120632
1 841338557 845886950 882480049 529645038
1 932351487 780308015 577076995 775691044
0 525069603 803907126 935715605 659528282
0 508894650 624825370 872569612 894973675
0 813699494 556311820 663727938 876251034
1 738850932 530133525 677529600 557194532
0 593292099 813766110 857252761 628548288
0 637671170 764668335 676661823 800509980
1 681665713 594483831 680849596 844108493
0 530194696 518873459 681410905 932617190
0 808830624 696830334 815767520 640297321
1 724920549 805907052 739710900 806642577
0 940917967 859695959 576020427 875118961
1 733137317 801743655 702397176 901369310
0 936394257 570484886 763936666 537169590
1 514343095 911734315 610118987 769471067
0 521830328 628430250 954698424 834704593
0 853271521 673288415 513446425 652902943
0 519783401 764094464 880389244 583653371
0 616426782 732106495 642261569 614031241
1 935082561 748649105 737611504 574380906
1 869087979 807891284 988689280 759990178
0 806099412 573400389 680669676 746757725
0 982628830 835710891 750809335 928954322
0 871970929 544163850 646820371 752541042
0 816518438 807058534 794342728 634928830
0 867997296 863697718 788223839 890335588
0 527168453 534890377 846365656 777861330
0 912315885 874704739 831087280 714566335
1 590264974 922948045 932441676 822477058
1 718270091 946074173 813862783 645806607
0 682409194 643620139 825372084 523523964
0 681306668 535473008 948644195 735174518
0 677484580 997793630 721531604 667022656
1 658914883 857422676 779810341 753561978
1 894098998 734134677 921326130 688539594
1 562864279 894765998 835269138 701612746
1 588147813 553782262 754290452 743667841
0 937447869 654613059 577987122 527745446
0 928266952 752186339 759108640 730055272
1 639369733 982521497 585152964 880893900
0 788525725 766580652 760553196 648378295
0 830117542 509154856 966881276 749343214
0 643661477 616946193 726696971 565975102
1 885454122 566664414 703976650 669617904
0 625185855 529537732 956091910 907020410
0 524055864 878925680 541139624 928029467
0 727549567 620204801 911867122 865990369
1 990840901 567104083 762773705 658752531
0 531775978 756306104 587846731 510173817
0 941785670 615332432 613493472 617024699
0 627789835 535261882 963836098 699581701
1 615079003 907695783 818869198 915864098
0 891994426 582256609 840306779 929856587
0 825457567 837924789 771511352 636372772
1 878762715 699918280 611235812 553641056
1 541656992 525875926 521298954 745480532
1 670534526 912127230 729057668 920837244
0 813574992 758748838 759451578 915038934
1 895911789 684581459 927128143 865139451
0 875222147 591072203 593909211 892223048
1 588698615 793165607 837925254 570921761
0 779473845 792344718 850911417 619339093
1 958865825 777864121 799647305 900625718
1 980409387 934395702 705515153 951987818
1 928728514 726442042 937064701 561972309
1 673967158 677189060 780349174 817324169
0 969858398 511244190 935157300 858963751
0 735210934 646767799 751404332 878327991
0 654297141 768398973 545779480 834642652
1 971053856 540342893 692493040 923200783
0 967107493 891565680 997261506 532797401
0 941685903 848859331 576401733 820316408
0 971832956 617896329 720782879 544966790
1 895926751 989277760 983498543 661659073
1 886603306 999264662 958871601 520940470
0 602570059 949864174 630209448 986116421
1 856732909 944796567 796134261 648213495
0 664957407 732346815 853962324 581974794
1 628732339 625484924 981338978 577771138
1 827927273 930661150 647929643 820144675
1 818626958 606605296 784251405 594644787
0 740523449 789974953 785676353 567245734
1 734854009 876348231 860147201 912178082
0 768299590 545777192 541911623 687830519
1 557718782 760215467 547507902 845293573
1 798923416 997703679 868251183 563076393
1 536366728 610011113 966599441 695661456
0 706834975 706272819 515341436 777407323
0 674989085 800077963 761794650 747887991
0 822337914 691122910 842207274 849855559
1 692369077 973347287 829113279 635311341
0 850903827 669169757 812861642 680574521
0 715953321 808365896 630300411 893045910
0 570523561 769985293 675315941 654747472
1 707250057 749790818 989171855 834837477
0 513793666 844523063 786969091 842279086
1 622420050 601385016 771812166 511617549
0 621827330 987973909 850701065 583239059
1 583612879 745239219 521822309 613190236
0 730864126 814858883 728185051 534980042
1 835707316 758973845 920153282 920602364
0 656294068 598576896 615683762 747486651
1 728122213 786353144 693799464 515680159
1 519846479 643063502 680677916 916574182
0 852253992 914863483 821281920 605998584
0 713379146 553435854 842984270 534629659
1 809260608 595263429 728957547 894962014
0 517212725 809423020 537939627 981133316
0 750751862 618950876 701399077 937287343
1 778800274 763186111 761069424 943524502
0 996991438 533606923 914633874 847487659
1 578450450 705036754 870279090 970938091
0 950876870 936804902 968501347 811199603
0 714031122 908117091 602570683 605361470
0 698533814 754282886 929384553 954503010
0 566164903 806276465 690018067 757012135
1 679635269 665804777 502937544 713473622
0 919549873 963249802 872671273 805653781
0 826216987 550212759 964207239 641353178
0 918101158 715622256 646791214 956786883
1 775276309 774120859 881184493 533676718
1 657193348 799481788 811664423 898465443
1 674660014 879310787 991815545 598605726
0 549344498 869912501 795912791 501301807
1 542069949 867406561 596989482 946218856
1 730122044 501115721 596596336 812240671
0 619405169 621739871 505474097 844601983
1 727110464 626534464 922601457 570980555
1 713554998 637480725 897370245 976221146
0 552917133 840437882 854353350 715171718
0 895534394 571733727 652882821 517889501
1 801315696 774046184 816002031 509529929
0 946274354 557265719 625243196 730745572
1 693410122 816017282 604396803 594599458
0 925676999 719159812 503207728 813699172
0 842679304 585898850 830240668 588458042
1 862975443 797245748 843875289 901095393
1 564728157 605887211 619903982 542134422
1 635266307 536806992 740578311 740962271
0 696626747 805659802 827731462 790299270
1 663747334 933030675 951532085 684112696
1 681965246 949902991 595441200 783296258
0 835411047 508588241 795723378 783200611
1 866524503 874493814 731274088 776113219
0 585697604 742694922 764971632 790834459
1 574632898 735078925 610030127 689078349
0 802125500 560616507 533128753 891296579
0 935338694 593925381 608989375 875031770
0 720655290 922995737 945096057 509255925
1 956034266 540573925 635665582 943424534
0 853419483 646837621 921716579 748005650
1 659187168 773200430 820872912 768080377
1 570916919 616769985 955836762 825061332
1 621022612 696344869 762988856 944512081
1 597176926 669793677 692720247 762811327
1 864630397 567347931 577229602 744993170
1 845648975 694950633 777571363 614513707
0 725596690 502852945 921230425 885154982
1 983397614 583019687 730711704 747955560
1 665270920 509308402 508580924 700611688
1 568492782 970729833 856213799 852522544
1 792767669 996217432 669660708 832092707
1 958482125 712051160 850215922 753228575
1 574364566 625012638 688684542 614980063
0 750134814 510822665 569576168 935555791
1 989313192 778693582 604400902 989790735
0 655433488 625305731 974713296 997509722
0 607329464 989389626 558117676 900572578
1 833495972 831279549 564393667 785862669
1 990873625 605090293 671925129 934219770
0 593363922 808797209 916579016 919077650
0 992379416 684188671 509130365 980495269
1 693917125 653601330 613403988 920572789
0 628983361 681376303 788203868 813085248
0 693670736 578466408 938167797 658850503
0 850668219 573969647 723816067 888438995
0 669653450 931286318 848465601 830849600
1 570224021 731060425 800768937 915874862
0 676152199 800660676 607106401 573077115
0 615872524 694001188 768231483 616050931
1 766423518 732444419 647090127 799102032
1 934955601 803256562 606324515 922772927
1 596485383 820951815 748569956 993255825
0 677090206 639178090 637546513 560798655
1 801812004 979962863 939664318 523553165
0 793565092 658510354 711071073 863576664
1 755307050 580652100 744843238 809621542
1 809607289 969942538 517062288 532183635
1 604476056 996867157 510637571 872079545
1 588724737 839859428 848157242 581535746
0 766564774 878150804 806311621 958238504
1 552340139 845415177 523745670 814998597
1 816898674 639798365 895481164 650684689
0 929389534 720435843 727344822 704147693
0 962057061 819316717 779232816 890478841
0 846982941 581333734 863055073 649625948
0 918082613 551847630 955498621 927671445
0 759753210 720085869 651953641 763724588
1 700581554 934493747 540222634 883981559
0 832790534 710437489 744453835 847607076
1 772579335 514589999 722501817 827393024
1 889716033 907046818 846762601 675763042
0 964413166 875086683 525392423 694246178
0 993778411 558710448 687732622 710487567
1 668890981 695377389 830822716 721544151
0 860607065 702636026 580446170 572728233
0 899187780 755311749 825160933 879918605
0 803397148 530237034 982108280 554861574
1 834567744 918095675 842468979 812067253
0 647140997 796160093 877688849 617184327
0 751216774 683710276 532045394 902519225
1 577554399 542109610 806240167 781789912
0 949237587 588246311 827944662 885449694
1 839228960 697457261 599030058 645482080
0 841321550 938776990 906985131 766830055
0 748139880 901029282 604807525 817753617
0 782083993 850067172 555336983 626030786
0 616509095 946966458 896550342 533480532
1 597458808 714277062 859852135 744281228
1 509706719 702106019 958764606 627774119
1 826771228 825231169 786491517 545047603
0 811590458 659707698 765607739 696050111
0 846355542 637710529 516836402 717224342
1 895439647 639877113 615348457 964554468
0 660718895 839739875 789987248 802764444
0 758606671 844517340 786481171 633371160
1 511384906 843560143 666243612 752094215
1 737660427 918827930 715432871 903188513
1 648085068 505619462 622830505 661925231
1 531333160 989637917 568240621 870706399
0 541227068 755692001 582525021 930535254
0 793128593 891220104 796762908 527731864
0 677078616 532347261 633427133 616653081
0 779883945 541236469 747742230 780671375
0 578016345 761425050 977053736 657389929
0 739942074 875103316 677677751 588408679
1 678746258 594917986 984100151 768880426
1 748073132 526693315 589552055 762521111
0 838742843 530472999 610777874 741418034
0 573080368 601842084 708326241 551866159
0 909195294 607246001 611148118 846193756
0 920908670 868427467 981822067 558937708
0 520765161 789672515 543154760 904641375
0 586843588 581816705 530533614 874611607
0 522002588 594190206 958589616 958998133
1 601683430 635392433 779044596 953568418
1 623511886 795305691 509087581 825282400
0 769693384 780984267 600642546 771516413
1 842759902 862956833 891264480 500562435
1 964846471 921717836 946146575 618406580
0 945481776 915172595 727818692 785202862
0 510198672 712103556 573765809 555604159
0 512479438 803218211 703965833 800274058
0 655420199 665663758 821754437 538138374
1 594756163 976173033 822194788 872423183
1 790114585 933065462 540420629 515472389
0 537463525 740987953 688314460 847898177
1 650123243 931293913 530564589 949446175
0 584442135 505212222 797018574 933854930
0 902193153 923372755 734590963 725631718
0 988194526 783763716 893227015 558068766
1 524305829 619287468 557727022 823439826
1 709022006 822151230 551185848 940871286
1 504705506 825563772 858806564 734694024
0 982452340 862940850 973196008 514773307
0 777233583 526106981 700277608 613281714
0 869796382 853002749 961872689 998149051
1 940331642 750195020 968828944 588407740
1 576604174 785546744 879557370 707726321
0 535382698 823739963 666932666 864450724
1 661769523 642539076 595455740 926957018
0 766324587 661699392 814645389 720338192
1 618846497 584891089 544435479 624095014
1 780544556 641028988 627288529 571182380
0 579150927 789486886 594223432 957747954
1 570202910 781001544 635318965 934358853
1 951196084 617879542 934736821 527776760
1 853947790 907618001 963559797 513961213
1 697743849 897658954 943430068 594008924
1 787215889 893103252 954857904 569876756
1 809182909 823517297 791460899 646078292
1 918589136 738359883 669894249 566895627
0 706899955 833485620 885062886 928401622
1 573223871 570918822 507767102 600667810
1 949083759 912475814 678137079 547612057
0 929203625 756877338 858392080 570524411
1 540396652 736990863 958846825 760745101
1 770083294 746282570 588021432 783665107
0 940005440 954867627 720520679 731982002
1 572519635 910829203 810093731 955084956
1 959339374 984509881 760488874 502761069
1 530875041 626983744 752082587 813922438
0 990466744 954238631 995528440 513924584
1 738317549 913834053 979673871 598500863
0 869353687 847366241 519926125 654066682
0 642478152 918714469 578091394 505843153
0 752319107 979637405 901186206 525483007
1 960816906 856798091 552869566 998568531
1 679747017 598700547 663270305 754985217
0 944319160 745711989 654673416 690241298
1 820401088 987317727 984686224 861035550
0 789355306 686511627 816409966 690468955
0 823544994 902987969 651646629 825295873
1 655332321 565502380 548739129 681552732
0 523498577 638819607 563299359 954265606
0 919905474 531414040 575705717 531286157
0 759028052 711752881 934663148 694020125
1 757179807 672046426 510731902 989686434
0 593614650 822842832 851498143 983667326
1 802792487 672232920 866265320 553251491
1 608045420 882552554 819557307 561937864
0 577736946 894094214 561569343 834286633
1 998194179 917929563 816988808 821174684
0 553496137 540533655 841295299 973596320
0 583025668 769215431 829341274 968583065
0 997903924 549762974 776144868 944886788
0 591200113 531943743 623927600 786254999
0 895219851 885411610 997960673 958670273
1 871832238 958203813 911414894 658916114
1 881752670 957902257 893197790 917360176
0 540359916 843797694 557501661 551423270
1 532329112 862552971 705234290 564188153
1 866407739 771655765 956098021 654163782
0 608408945 740739400 895508053 908252290
1 895540315 690069932 813430774 958644903
1 506283935 822708967 936217176 729041049
1 768047258 798462822 861081687 803837298
1 826152136 572117522 708439994 584237813
1 798019027 941363861 531437493 937125850
0 607430246 557033003 995082534 733299410
0 530916937 687330068 678560786 935347880
1 955514608 642384675 905707961 948491459
0 733567455 724989097 809829803 757515162
1 669210302 576019535 771321166 885937186
0 951975307 634296643 998988520 878876149
0 782657504 881750673 761177052 811436100
1 587981828 805412642 683423273 552538342
0 810520351 841397165 936675336 823959335
0 905816874 594415791 664300207 947796683
1 829915739 773532117 876773730 947363352
1 506677696 815898481 891567448 843364712
1 686185845 925727728 775060787 509486083
1 615123259 743122366 841095193 913947201
1 641494890 758793666 812530205 979369634
1 839977614 923868457 577257823 647702668
1 683455164 848675400 506859103 589567581
1 929693297 769145882 745291574 736690839
0 525715237 636276458 696875631 526926851
1 528020871 660007222 617456254 904767912
1 626769437 900088056 980535044 876849679
1 710025052 798045140 842809859 699061655
0 504632724 985353373 871539703 750412166
1 552502771 767429677 991397634 903803493
0 801928722 693381641 910802973 738435240
1 580460237 916822905 763941421 514484528
1 528333864 809715731 658138779 704168073
1 608823714 904003663 815558451 983650971
0 973825664 956781904 964222047 705538659
0 935409600 722824199 673544825 675714364
0 877812285 963975061 818922080 964533486
1 926734246 994158214 756065272 661692531
0 749757621 503346589 620108964 673008703
0 777225851 511414613 775358871 641889405
0 829703429 665499048 998097702 799719743
0 767136955 799133472 799979103 676546757
1 696096169 808319815 942237374 664526067
1 907159418 846538056 755328777 757978092
0 827026715 828791755 692385084 816189405
0 931431523 644711786 788141592 572314608
1 640313061 923118044 566701119 789022725
1 778695480 650636010 780531945 756923308
1 555403429 800024790 787311254 506135188
1 817900638 612564712 564402768 697111738
0 846429988 816490371 874252998 729446885
0 670459983 764797653 557588841 579604845
1 726827347 715679355 834991664 793116485
1 843872994 962289937 850137458 621784897
0 676477310 650230821 918823163 650626184
1 684745622 713557235 962985935 684938690
0 687900540 622861831 911309862 830538728
0 735505361 813502723 859716424 696476052
1 794430922 829955000 774633345 917236767
1 916865279 715855567 963050034 670622073
1 813443020 779047533 951995632 781588914
0 859390589 541350631 658451475 584714445
0 838175260 842224277 886176085 747298446
1 796869259 501617538 560356579 598036441
0 754211321 957251882 555079060 942485639
0 778766757 523576954 560632586 682068953
1 713743753 646756606 634185657 561745390
0 519211765 569875572 674562287 918254858
0 549510465 833267283 657990523 591490401
1 704001294 927584959 632841738 598242399
0 839391829 663602523 686213453 912198442
1 961810764 738603979 953278989 824654259
1 701376889 974307077 805468688 870120281
1 682796953 831412945 832207187 845727543
1 912296666 684837211 964733002 661125846
1 547967499 712960695 550432948 533552107
1 862696215 785475906 988647028 733851552
1 905712930 852043536 993291340 912680960
0 654963712 711719504 622037609 808833921
0 992628729 734400567 538909598 959533890
0 509108855 747267024 981352655 721724071
0 771600099 993420240 558972282 536182782
1 610622201 973255249 846673051 930303338
1 994186446 806625009 970477301 521498776
1 675348823 683813131 709725777 823094895
0 661654828 963093368 867651441 955839242
0 755644491 530906964 508188851 831116956
0 804362409 802783074 814847038 608707315
0 907636736 928125278 965597400 683774944
0 629035161 796235164 645751512 963253747
1 760194200 646436669 934647312 927348265
1 623668247 939226459 680793431 628111337
1 572708101 821804313 908635833 544257108
1 619763457 519726332 721655957 599883215
1 503539652 710773745 952062731 665232703
0 705420936 633619787 986787415 759726306
1 876038102 979285127 686133582 835760061
0 684491162 862172249 693692826 752367902
1 713694120 522610697 865428272 615286565
0 857261357 511505455 937535332 620658746
1 527465731 889747774 809947538 774389985
0 665844227 699419918 876172595 635431877
0 809700626 615430357 620731273 690064736
1 569116366 589381011 664355222 932561854
1 965501913 685234721 585064295 843273220
1 708689667 999839460 688610253 515126574
1 502259678 537700313 697535692 576156009
0 822973638 872507566 945536748 525040255
1 984804484 606343200 926431502 641394302
0 536117613 673453234 781815623 906034261
0 898355293 696547205 725273872 927685711
0 818601231 621594724 759826086 839832956
0 976376653 624439103 650645972 541994279
1 591610574 513844515 932505202 927091986
1 961964203 740980543 524243178 794099631
1 574446735 898603761 592204959 812552533
1 549081865 887567233 719158148 583497889
0 862652521 956412123 567562081 527513855
0 994869206 636930860 852878079 737789763
1 948044389 658261881 579861636 897105786
1 989845925 925678132 593026214 986731203
0 617328435 527938418 972766127 869450880
0 642310962 879790054 651051218 584661654
1 898778321 720508658 681912310 960698456
1 902621398 519986911 724939261 665330695
1 836599304 623497963 520602140 826572312
0 838276103 657534582 721040961 802768557
0 564117424 826533813 622009542 643637141
1 739512539 990443156 570460242 536896251
0 563425043 906945553 757056706 907289522
0 777391373 783229165 907208860 963017682
0 520140552 528931064 745796679 818188241
0 917149800 512753076 885416681 628045027
1 763085618 856732531 993281528 640306653
1 544087543 960440349 526048494 572076793
1 776933347 822713307 845405437 566870988
1 609739712 722960214 637100897 705164712
1 849866844 806938182 614341347 604394532
0 560144978 943243327 604766307 734163879
0 863370114 520598025 781422580 642804431
1 600097931 528004130 897024808 981138991
0 958871182 849766396 641108367 502861379
1 603055117 717426257 873749116 874565476
1 891278629 856343913 795406836 628185888
1 843615179 612911190 954450744 930518112
1 760875117 621391955 969442868 830838108
0 772274437 514020136 789784031 755743145
1 510902716 798810442 978635071 652622117
1 601556615 827520899 645053115 716431656
0 823916591 774677248 755727689 603923450
1 938043295 700544856 920468611 770945938
0 732383479 758662678 852802737 801232376
1 741770314 960338679 510752969 504558097
0 895563915 890972411 546771202 775982169
0 632867830 550299298 660297060 662529809
0 757658944 565520619 664203478 981559137
1 764333639 546843680 723213417 785387746
1 993803059 941432344 827136403 592405221
0 859184971 741988484 988642700 890327775
1 780339185 763876647 845100627 640453051
0 509203774 819551469 571105465 705984990
1 511790960 568025999 984197995 788826817
0 679846442 945440918 815929636 889187687
0 543929468 530776166 642302652 909634052
1 688921295 878536790 937340338 524685777
1 577651157 764844998 915552768 860623106
0 909523035 782060984 757161709 546396291
1 906764969 662260242 876886292 850552892
1 801972177 991571118 513295757 580571646
1 579526910 702598943 776211690 559681168
0 715575942 983197843 538783718 761536584
1 952596849 730053806 888767361 926089448
1 930980176 835826136 574325627 844928679
0 863967399 797654917 668282723 667808785
0 655512346 994426802 700242444 728157874
0 808930746 881551203 819824171 950658818
1 847134144 942937796 732637899 958273736
1 672372762 617685960 878979816 689315967
1 985603426 601438801 863120335 817415507
1 848569607 684840238 677785888 887245607
1 639309709 740585224 868145959 621335391
1 699547721 534601042 679955591 633949276
1 835266410 545284452 741487602 824003528
1 692607019 683336107 685237077 935372957
1 858508924 593204221 800866532 536636591
1 534731222 676519568 723132122 900044768
1 933198918 768359170 859690377 770328576
1 575032545 887265186 539851149 645957677
0 965734043 523888199 784448079 706897874
1 916939067 538946175 555808384 981199689
0 683281446 961124522 689157605 913176575
0 977890749 672923246 631553985 513221738
1 517190491 806259785 765093011 700319633
1 966290433 655103433 588954249 939787061
1 672844681 950156506 904331588 798162327
0 661603507 707602378 946905888 850082843
1 947806089 790550667 827149410 995466819
1 794733428 943202861 915343127 609883021
0 666239390 976575761 798220282 640789537
1 774590131 658687767 622013889 726188821
1 530896686 822885110 849886743 902486789
0 524099091 570129816 516966936 714016568
0 825592468 694596001 630663569 870573074
1 564757095 629677615 835460631 879246092
0 816510189 604784810 654941877 980309877
1 587828773 715160506 882662085 717789735
0 731075439 997701818 806345038 806099054
0 966463420 943253726 831624136 881573778
1 620964757 681847823 923770302 529451704
1 804434911 529223482 764390138 803127190
0 747954005 980521973 914126014 551866171
1 926043389 696591717 964587690 501005986
1 580229194 519917077 500298664 839708889
1 848332622 583776732 754992756 947207672
0 849791536 977968459 556007222 866049823
0 682814802 649198476 980015031 802759469
0 660828440 653288871 656687253 880668707
0 963414186 545724501 808836690 715356647
1 583765050 822304534 566751304 765838232
0 969600021 521366241 611571355 633842103
0 663663527 918739391 968944975 840158226
1 577483323 500590373 825319130 800866588
0 859960764 793294795 887476403 966320204
0 611565328 860888253 823625142 524376083
1 566698871 577279842 602327028 628926068
0 701283086 683160210 605769124 901328803
1 679686784 689998576 505427534 933928092
1 994219781 978356637 707322721 522779233
1 579441392 696403451 873094886 924855511
0 646603566 919704705 508506372 561313416
1 852761426 570043438 615335204 537453884
0 812860331 831180570 583894974 724584703
0 565596874 680457968 833657864 709000222
1 798913726 595126812 521610425 591763665
0 702643348 680428135 836641667 608723617
0 773647332 585573020 593381770 859160081
0 501146431 621614425 841393392 759296700
0 748315891 802264187 745836789 893751558
1 656397617 746400867 830423272 704608773
0 629522527 692376529 778511458 691427629
0 812192178 690401183 695024596 894042063
1 520173227 995156455 892096084 890690277
1 582657903 647751208 947554592 925062246
0 767350879 782309714 520470752 590676501
0 819776296 527094897 760692376 734963670
0 512828657 668736318 690877400 692816868
1 503457631 783704407 834370411 586908019
0 992124742 856423496 742653349 738202419
0 825338780 773391434 977101969 945872169
0 847385574 955449756 732583958 842726033
1 502358384 711793316 755393656 966056040
0 948514716 955380328 630090230 984748008
0 738224377 697166576 631897214 752796146
1 503987158 780411258 997338658 952427823
0 509006611 814923635 596562547 868050065
0 513749887 607278088 840682323 703896169
0 582465139 661213151 834246759 501042471
0 618295942 754401337 785759292 974769263
1 525417773 943809216 658099048 940771188
1 620852342 903468401 708167136 601489981
0 974251834 622416269 550888111 780508490
1 572882954 698044268 625187012 673369948
1 777297196 624929671 830777844 700753720
1 843082818 793355475 683082631 842330882
1 790346318 898700178 526168803 980287562
1 546819560 890411057 684088359 660657887
1 951523752 577952973 996155824 791162286
1 826608945 896096438 852418629 538879341
1 963046370 866127835 796031666 949633456
0 571755751 993813952 599525692 985511360
1 783440768 524457877 929491369 956892784
0 521507565 633419320 677463725 917131724
0 530050912 649413890 684574054 905009543
0 712909585 622274373 903496778 949126562
0 503722591 794685458 752588552 630436749
1 829970139 862673317 636202284 874956882
1 734831743 840402233 599192988 730683758
1 872370275 806506812 776495509 720923902
1 777327194 797092295 827095411 551217281
1 590308473 880893163 986648896 969285342
0 894796881 507159776 552263721 882600513
1 849984316 560849596 669320867 644498670
0 531320415 597303772 901049086 864817413
0 994445411 538442178 822339362 899766133
1 604300472 748230956 602584846 513464518
1 719834661 726027847 930129332 754964278
1 820870818 644156261 796596927 803600471
0 809402444 620410570 571407673 675158450
1 702584287 760617335 955390798 897125495
0 778087147 864641836 725167521 534977879
1 699750669 648816415 818564577 702051080
1 642374393 934503168 588929807 670969292
0 598350117 565210913 514628144 837546542
0 673145057 685601332 618652632 976960213
0 979845770 657785662 538319155 707352022
0 703091834 970368459 714397641 866949005
0 539360157 667512472 543603354 571030219
0 903291943 745077491 826077993 539568568
1 598642851 561013672 984597207 582463387
0 834185676 715679368 854807808 776635918
1 953447580 810030089 994253264 692348978
1 929777750 845623673 537132406 549438719
1 794797256 691810964 740866558 575464158
0 521012586 658198679 596565436 898141595
0 544986725 570613261 673047375 934189575
0 560551116 590124517 619472806 866386621
1 977384972 945665048 725036544 609814630
0 700438006 645470066 770171152 655312611
1 811482493 508437638 976403903 867139897
0 537561607 875039584 610173095 890722426
1 759462399 739112667 755198239 840810187
0 758276756 990554467 828226308 753757585
0 541684596 615044277 766819786 826457843
0 503471464 594761796 881961449 583758585
0 507115277 977950616 838149419 827235088
0 667031109 976208602 982336408 606746637
0 661461798 797895624 877031388 728486945
0 616936716 510137449 624222792 662065935
1 618535513 719030096 873752779 902708375
1 574343526 643589888 600521136 726303842
0 801468400 971108196 851424243 755662225
1 519076283 713709345 582216007 802456122
1 893086593 613735312 617503898 802154717
1 966698658 541082571 724125589 639754290
1 666730415 601962919 514780813 997710117
0 701657698 805216989 942292791 756962556
1 941478148 609995248 702901840 790216884
1 608910781 553197660 734859446 787854100
1 606745060 961544019 504335852 574704994
1 702613184 942158678 938302247 625168041
1 550264553 527720462 711304030 822865981
0 906608503 643472423 715358415 597880298
0 601527515 523608902 601342467 925586987
1 994711632 577259191 703274667 704921773
0 925677458 893433683 537154351 819438701
1 562214102 639519379 760782445 729460673
0 924377709 542635456 767345638 544251774
1 965331888 905236132 940874260 758350760
1 822186748 639898061 969450509 528026882
1 701453245 547181594 732817770 523987344
0 862139541 833834206 535429248 884948896
0 582842212 809068918 595021953 856599646
0 844287415 572473810 617594874 738679221
0 530509013 557037034 779965332 948967543
0 574341027 851510323 699848286 741741830
0 843485448 933777173 925585615 691371127
1 908306157 988414509 793910150 961921725
1 935962271 934196051 712651924 752097101
0 531923483 900867559 875379281 672281601
0 559017846 667450440 737608289 936797119
0 910257754 531367838 530239060 733287412
1 674638639 536996785 952481197 560492044
0 958358474 896790957 770037984 826837580
1 524844087 654231001 995803868 667003474
1 696805240 985143535 608995886 784125675
1 724059109 801109441 635584287 686966291
0 605827411 901259451 839995330 925837433
0 890547030 759588771 654279898 805495636
0 667748286 996305391 754573460 779679750
0 878163149 531158382 803168714 703197269
0 719583040 518622839 999575438 559761803
1 698444743 560138432 614623034 668221519
1 826600842 887461541 717262922 515292870
1 650726463 686670858 841555448 827901929
1 761057976 732045917 545057134 983463680
0 583696846 990988152 981508270 541260639
0 766542360 831602976 903760248 744543637
1 501908745 925413303 843654434 555267625
1 584577965 635572717 536665111 690773066
1 862686534 583869135 556334222 629353047
1 722993047 560925553 560723341 988596848
0 953978904 953159234 537196895 647662242
1 786829820 595500776 509330856 985964993
1 599545573 814429672 525098756 739855585
1 888603311 905200351 871151300 787624772
0 692033555 553808485 892463872 615853102
0 572584795 621002483 662556788 789446787
1 862093837 872805668 882298994 617358963
0 851567405 547423163 860255343 620668786
1 586193070 519867022 780922254 816418073
0 658950782 967376276 878531027 604633972
1 574785539 877695380 823481991 516095666
1 849742433 714807201 943207528 761200268
1 552293931 601202327 579773716 920285969
1 601585992 574290895 962770734 633010298
1 886030520 585765486 743794576 834978084
1 544627534 994536188 657080836 621890801
0 723881734 845889252 897865863 848770304
1 691273701 753690225 902095015 584876538
1 958879535 906644531 555064818 666070434
0 573671704 774814851 952171197 900872276
0 526853831 851874377 785942499 557163728
1 947674424 689351845 592846015 636256765
1 698480055 717054448 967019911 805598746
0 511262332 662822606 865829244 700012748
0 670952697 554295466 900250371 825260218
0 923089644 959576809 852968048 710591073
0 730902447 638454396 808747578 795794747
1 920424235 851042104 908214742 843560214
1 798495076 746185086 537081966 549221438
0 761660671 795471382 978975418 702025939
1 736586778 600998596 715352602 904042091
0 645407519 825015894 951997140 637792199
1 792170232 877644699 883097684 870642674
0 720097597 882772754 637427486 695533111
1 857902701 540130355 799571851 739152341
1 858485439 781313593 819230093 768533338
1 898037057 800228997 928144314 535909950
0 586573002 528755614 785912850 615656670
1 535940638 505071618 768326628 637999822
0 679061399 756921489 755867907 892523800
1 808520275 877728857 620847648 813574440
1 547507330 928679849 632956862 553137084
0 733710031 899761733 663428360 656403151
1 668514494 692930878 576622762 894364007
1 755331644 964849199 819884164 780822415
1 928687122 885289678 708373247 823655586
0 810233992 984734315 898666261 896947347
0 827694396 599847477 557294013 950587996
1 629597556 530017333 925180640 914745027
0 957993910 984532051 759589709 616899419
0 718487212 574368842 930472791 797580801
0 575375279 761136947 856503126 885863538
