1000
0 579538347 644963673 590439684 780604282
1 648591503 889157845 958507145 571326085
1 982456796 635518588 545580965 769560971
1 810922030 873055940 775854984 545101007
1 679768410 626351682 759734330 927627029
1 634672790 500440154 906943822 704830468
1 876896924 902168112 664919352 994588542
1 504495997 805616518 648152463 831755218
1 911603338 838916022 702494502 980305618
1 691930048 766004480 954513677 928023407
1 648589735 539656136 802867923 738346337
1 582685139 857651162 582325679 782035731
1 541334211 701849759 937678438 594247601
1 961249333 566185344 552569953 906666019
1 719194151 537063313 817908300 640416542
1 985036891 848634206 662230113 633784266
1 806567350 655488374 750759639 717073759
1 879031282 798165997 830821451 878918606
1 904262655 950873099 742240290 605706332
1 902766060 520192927 874628680 808508143
1 718597467 718476155 944475475 516142931
1 845836281 919916096 863238578 835271985
1 952683324 982335150 677730063 962970752
1 867859539 696804035 785510436 596256774
1 521091819 796330922 568148264 913198926
1 559673877 825139930 806733285 802978660
1 991824563 732267592 777893024 904138946
1 804991385 846723450 563196369 916066221
1 572092411 813512229 813985521 624839756
1 801155196 703489297 766729448 844880889
1 519113237 651960866 565328357 534776902
1 828149376 805100134 992241908 608005829
1 915233239 821407437 799520734 651422885
1 726050325 699834001 981114735 624188149
1 624101513 771932001 995764093 523216195
1 554306191 500323546 764918306 747670990
1 842250845 552431448 625082127 981943319
1 637212241 585571522 504301553 907535179
1 614662714 861661178 650367499 526095114
1 867889576 679733592 708578190 897377392
1 704101920 858326721 925501425 834878262
1 869178167 572565559 745435946 582478386
1 748963851 559852442 757236785 725311514
1 558328609 737793824 902399933 897572726
1 613981519 815883787 970140348 748325259
1 846575188 919921565 511118606 666774670
1 519276193 559899018 519365162 614480884
1 742936237 949810723 937095774 551578245
1 746824738 862281648 619235873 656904920
1 786878443 649696878 607361938 959265721
1 824245321 940106009 702255078 702452030
1 999753950 939235167 936178042 567942618
1 557001889 778469269 706546452 949163937
1 766558879 903487083 842817824 729763946
1 848663877 689757631 646915613 801065871
1 968904056 967564326 518748191 553386894
1 528771331 665957371 819175334 871672832
1 601159607 552431488 526437584 831933210
1 590776017 592870329 605451964 589375270
1 628163577 701270760 726499862 575435357
1 850697829 819908437 513173597 940320098
1 576544517 942404358 925476692 502259549
1 701982753 602301428 583591311 723415557
1 759939263 507523592 649761065 792974993
1 566751298 683812633 827637859 864623344
1 770027526 922645963 527169745 532020024
1 550164208 839763952 796476705 600421398
1 535819886 525676397 517875809 913493689
1 507407606 520476258 540554832 595683195
1 649072096 655276396 913592403 511234736
1 617495370 912397066 513288425 628188672
1 861196883 692674607 652685536 659486054
1 647675023 733327213 604239016 510797901
1 682514499 619172504 526491430 641155174
1 606133413 813071773 928353054 546120346
1 720634861 967087073 572518922 596661602
1 906214629 592339399 714167347 856650159
1 733269187 701548811 673797372 874405915
1 713842716 826870634 535178289 559538890
1 853298545 501360844 558685890 880254892
1 925628225 880467509 736502552 511481676
1 983064300 744790278 958352065 953481698
1 729720373 882615608 677993297 614443736
1 586850086 983164710 787212286 765932668
1 541941044 743302246 777215867 513560312
1 692872842 637954466 668653099 735556579
1 736501422 914709702 715962667 599388008
1 835811879 688112469 982043879 958503923
1 832734596 943973105 986836245 530427780
1 913653492 782085387 770542631 794588731
1 927375293 684581575 633952875 502053401
1 846975024 823213391 548535649 576300487
1 824660802 697197364 943118351 942703750
1 588785680 818664532 609193881 627349213
1 960414542 837810886 547119590 953946158
1 545382224 901937431 557055050 709114178
1 935064584 917387829 867574302 520950772
1 856495946 597984456 901767493 697776532
1 786506877 695184543 902154643 702336493
1 579035979 539027347 992669739 937572986
1 512052749 689143041 690686123 638632154
1 901224389 706886640 864385574 569525993
1 618143154 574614894 611438113 533226406
1 773432164 886968382 952804749 775778641
1 597443702 640060106 924621613 610207994
1 577708355 831485951 822310433 746698604
1 745282308 578487338 985631655 551932369
1 773073588 519384636 832845419 647302022
1 563548389 998062048 511050652 933712132
1 567681663 597934114 518645214 840403326
1 875504156 804941293 673362002 563187839
1 964673040 765785789 625415494 867190522
1 623511322 958180499 653377319 872668999
1 802870145 517226277 960129594 579760598
1 647401798 537052637 891597329 636681846
1 968544615 713287311 731274330 878548426
1 508315898 820723987 994344517 810799159
1 586155565 556080390 964105789 613807328
1 953408472 946790819 579173703 884770705
1 549451877 908650033 855761254 512224921
1 900204424 592430340 536228626 984253880
1 912306627 713386552 892074246 826368259
1 826660067 734213969 714618504 952464338
1 980613028 989345537 561149332 821587756
1 614277498 692104854 665016352 856125054
1 529464040 840471729 970477167 505492123
1 933343930 775029637 522832693 774320866
1 670837416 500097839 896630586 714888524
1 564516804 705085472 654419045 500241171
1 772794524 816943160 655460403 883329835
1 662915923 941808626 887426993 507616571
1 860005365 666968584 863198498 656859519
1 664575235 562460395 945927989 729150356
1 521822390 565708968 523978639 925013826
1 970416461 794141715 777322424 792648904
1 611833375 666492525 922698136 653842936
1 629844147 760914908 713807552 994064957
1 972869718 818431799 523539681 832873922
1 907298641 847514589 952627756 678497822
1 571386737 698508274 822662787 637064723
1 666532181 635565111 776418654 796473222
1 785788925 590641051 748585090 672827749
1 962731932 592240790 979448370 899047771
1 567212086 837342662 612009385 909137528
1 679595849 892608617 982927132 786521832
1 548652746 964645532 506163516 637372671
1 723754870 913897320 766763148 939639911
1 981156425 618023051 630506779 967469163
1 794801233 702916021 972928929 599583983
1 592143865 841269468 759799245 565413102
1 704446629 986308900 654978452 862782068
1 719786927 864509912 646235828 784259737
1 581757421 578725177 754041015 849350993
1 798534908 867613631 581190660 500579511
1 852517830 554814630 665689059 835305199
1 901184377 850288022 993924745 612334613
1 549832217 891004838 558438898 724446262
1 969410033 675026394 715623297 968352855
1 913151371 650036669 517778051 788586389
1 729077884 605142689 806597412 624994308
1 661765090 700080891 617712007 551386022
1 930826983 548551327 591812397 708030692
1 687107407 656653184 666218158 687589436
1 831129951 575552406 863777143 995680629
1 658651755 661491675 852208064 515909246
1 514370566 584398055 894121359 914587611
1 609208523 872979397 615180003 508989094
1 594118188 922791391 663910081 875381188
1 822983526 655166900 939625715 836515909
1 591730742 802730587 691246788 692366899
1 645346325 904633156 957908050 845430614
1 708668563 936396376 501657540 718473439
1 626456231 924814534 502500867 657845509
1 701277764 657185639 833808157 972466047
1 651772652 615444985 993056241 744279832
1 806940834 720469475 596776084 666335041
1 922331030 656876148 596537871 980624591
1 628870249 598712897 962703015 781931367
1 619795909 705596307 832028518 714956390
1 947668920 521934896 886005078 869337663
1 632644575 677150147 640065365 932029716
1 539898449 980828893 740884834 673593378
1 832208122 882494388 557657186 689590829
1 612748627 855498727 994697898 646950244
1 592343491 944315067 895351433 909372969
1 567318385 633364747 857840396 712528214
1 523121176 899125553 950086124 828236444
1 673302098 979076286 513261957 680154081
1 521293570 736528376 843839058 949108344
1 997774470 789537673 983871882 514737438
1 615088960 715527220 698584239 769930426
1 577278935 754071821 829150746 981458522
1 710153791 741357114 601652939 647981235
1 744116880 990084234 631846120 842633487
1 674799754 996325790 684152037 537201722
1 746568653 931378818 609864483 859825702
1 665294386 960922701 752010561 787119019
1 921812576 902981273 581109889 816321306
1 855966756 680571142 712045855 668140280
1 825935500 546795217 784453753 832446666
1 674620386 595162938 560071426 934032774
1 510250823 518799130 691571736 854494445
1 780363191 990508090 889834425 677593704
1 877780557 743872416 717720798 816969261
1 584521767 994612818 839554703 853003659
1 878582608 519259680 810225450 758484044
1 673888672 501042425 769422080 725526320
1 938962534 998092660 607652041 962848791
1 902008468 699711774 548854220 966663582
1 789024233 783475629 992041557 741043717
1 796120250 523645638 647898726 535552779
1 595148210 722316393 917567163 765897065
1 572538251 952354689 785408446 633977256
1 649816334 633206359 932278261 588268017
1 760213456 838915471 953742684 915514870
1 552756321 659245033 719304271 586076156
1 601250434 957769236 712690701 776415087
1 554055992 823481712 597874557 669440042
1 956921303 790070321 868019781 533958932
1 613648145 777952336 692359211 780350631
1 825373504 583519763 687358014 500146490
1 791662043 711346937 982715130 515916565
1 572889301 579030888 508725606 712972348
1 684991849 998817301 662863276 976806889
1 813509957 514291779 552682611 826895058
1 999469342 935832741 767098738 549394432
1 952088630 615708625 872573240 799503449
1 784937966 591001975 913188551 846642977
1 868418077 634286028 926501386 833961037
1 731140034 988080809 883203589 676604588
1 591984934 831717742 629494533 903285171
1 901463049 676441336 637990594 695238383
1 663148047 763296298 828524119 789125039
1 716682625 509014997 709335511 640147235
1 687774143 563887917 611999258 662421121
1 742608613 816066920 791726604 607144395
1 802824464 999922490 886340177 583396861
1 688533095 697519842 771420812 726568491
1 771160622 688984289 759305907 784929506
1 577061328 834457233 633619036 528085982
1 980169985 769125344 621281492 852047373
1 811285167 919894741 829469113 502331991
1 782331441 772195449 973733386 529178132
1 976176546 521557133 819192889 799784049
1 634983269 780044565 579761767 770089525
1 798227579 988523549 862747560 883428659
1 639256043 783163668 941879441 545098048
1 843903538 845874854 764427154 500889090
1 798886561 691724926 813319139 887075568
1 627939163 896073469 926979965 822971571
1 504905248 798619665 571156771 758433291
1 862894228 504478379 733366133 552202661
1 964240786 502925491 798926969 804989053
1 759929493 855563623 653868621 846717147
1 667723322 740560832 657675054 572180205
1 580894426 717252179 857737281 865529295
1 550985844 734873291 756065094 853224041
1 928786400 745201108 903628478 568171828
1 911958462 625646467 851223689 908280528
1 640144538 773255611 620880739 507653358
1 774227086 658111740 585137546 683152206
1 775915559 725375335 751412204 675347130
1 624474099 556512833 511911653 563565302
1 937908017 816734924 977850178 619865185
1 767815661 573852740 590778297 945292987
1 538907541 956951301 851322912 504064341
1 531583164 823808622 816285279 565512229
1 916231657 949783580 555998351 713950001
1 656148382 676745853 780336856 544888036
1 915758964 812275937 924600214 500915968
1 597843408 861034660 506219816 966540374
1 887376269 789901136 715284407 771764594
1 752264173 515282045 880430686 634654431
1 998864803 915674729 851072263 907780827
1 614085582 690372639 690149303 683477198
1 904677555 981517801 908878983 864038123
1 977630069 504327297 528845431 881663648
1 806552100 562252850 584620007 546756249
1 531268557 791641495 655795290 579383472
1 695711075 803768815 841410631 941357190
1 706117740 987278491 983912716 610426679
1 820502373 833708960 552582559 647894396
1 912962779 958007633 836923422 598458380
1 823961244 969124605 732228795 740034002
1 729532834 500694711 553446863 815591287
1 748357939 546753715 989828290 865372102
1 766311497 538450974 543408379 512437593
1 749162324 774439744 581836352 654913725
1 880902537 750239577 505061900 553415547
1 868939492 518749917 630478399 705473299
1 813348407 525970435 507634401 952145457
1 666560085 654553444 684031610 773952368
1 692283889 650498034 930163772 704913407
1 559737137 839001124 644027185 994646687
1 529451457 712729741 659932892 950157294
1 765212527 692195925 507550367 680704486
1 705409289 867296137 506531739 551022291
1 785646130 816078094 745654296 786569800
1 705687920 803928625 625891939 736454215
1 785814839 686390863 564457673 747495840
1 700680765 715980707 887460167 900032554
1 765940004 784746816 908880649 745908029
1 820601909 800438725 670767082 976546320
1 785539166 834509229 939925058 784959557
1 532779921 943617045 517243167 861885720
1 532276717 857488854 656477529 903840673
1 517308817 715613159 606824539 785167206
1 810649155 681369042 948233911 789422347
1 579044739 890555006 977546927 536938718
1 641780950 880604572 664206079 694592930
1 993034356 827776530 746952687 814425374
1 500431690 770094224 994335777 667730491
1 517610260 815636495 742048638 840767347
1 893626191 717973764 965053903 567849553
1 870414165 790960176 612008819 634127560
1 719600385 979687008 880402242 949222086
1 848501423 861171490 737390750 723570249
1 892655222 958984503 767301424 778219941
1 963153145 799414118 656345347 953251782
1 847401416 524335261 930057563 823785054
1 751607848 510553600 968985800 525827977
1 518176820 787699979 976437579 788738806
1 668067154 693072417 804627802 538473085
1 618354436 708226270 572419877 509619778
1 871231581 900978285 505856063 831194133
1 626841081 603834714 971035488 623393818
1 775308928 792055278 988181376 647058627
1 754865974 976021139 752707375 621736958
1 840097689 554934611 810980479 969263841
1 839322992 948788282 508978150 724892556
1 710371261 646680855 696998592 897012137
1 588951501 689684839 982590393 667753883
1 860014851 514542626 563908719 587464676
1 615610452 589351026 503807234 723891229
1 867850608 705830472 924113216 926660708
1 774781773 558061911 998665351 945475322
1 723404383 503369921 630909130 986011888
1 594074565 987013978 912660324 885689366
1 976713201 856387950 874077449 547926060
1 673850992 595303426 635740589 715628424
1 799741813 917832769 776960145 895795357
1 540103723 581477027 691233936 566282432
1 592490759 723341318 878627296 532062853
1 613818608 768765436 601170997 739285076
1 540605746 906002581 677816295 965228403
1 570328466 671296153 914047752 920657319
1 683200898 744352020 895009367 711167439
1 701731533 980309279 898740868 582023179
1 519075474 786884528 538511997 807414705
1 533383817 884842443 849423913 981982075
1 620464302 616816076 792098452 645656547
1 654001825 550697376 937332852 614097390
1 925657794 657787455 754033336 697293028
1 957663649 899730844 947653045 715884593
1 964264045 872976955 645886610 829018841
1 640069022 925744340 685673413 851358450
1 670555754 501369717 625445830 987943232
1 760195842 731491698 620281267 799501170
1 580041782 537302301 724077238 644203578
1 795787639 719399918 613693725 680012248
1 706290512 984285132 598940209 991962461
1 878973003 949307904 500995673 734789469
1 564280802 947693302 945127769 871356570
1 743279253 650345737 538064104 563893967
1 676423039 581140766 923509113 569254280
1 872942132 710426693 866497712 804060207
1 998069193 502503258 724273159 895728655
1 948864758 541289613 649601036 751328972
1 624492468 507296979 823456266 855662788
1 762582255 546819880 802423387 714450082
1 972479116 541195497 623107669 724681765
1 520936859 541067290 764289464 792937153
1 768293976 506912217 765402199 839174207
1 972470682 926179712 597643001 799190109
1 618362452 571268868 997321447 559996708
1 981896091 793543712 934814280 954618836
1 640504670 922636549 733569613 692926588
1 868399658 960838763 509499547 624540320
1 746818632 589031031 922882867 672897431
1 992753831 537437573 758169391 928602545
1 837185730 613983799 648013491 802772856
1 779441296 968307395 650765622 666897434
1 863837365 867228617 509912578 548857230
1 909407187 751967905 688573593 670010720
1 880918916 892772154 875612953 530264168
1 595997577 607726301 975083942 508310953
1 511806924 857574994 688179031 924295185
1 999744795 961294157 994231349 504406323
1 739877519 936240014 650869561 737738704
1 925666143 868786505 711186701 975210591
1 913513934 736854277 874365186 985690630
1 578086157 516009399 781118917 798031782
1 619345335 669502761 912777233 893004492
1 989479587 747286050 686827638 735239586
1 689159203 532630288 513303178 838817672
1 924200021 862076961 593252504 870486924
1 837431248 776576314 906836622 886311555
1 784081084 814860029 593141319 557707353
1 885646433 731912357 689864180 884354412
1 618395646 913253635 622960766 930845657
1 910084180 939578128 587942532 554801290
1 923360721 930068134 870894951 760280505
1 829398702 687530312 796430763 932294553
1 800576235 659913352 682521126 883826795
1 992796139 501359221 684815462 544599338
1 633232736 509276409 997421722 732901754
1 970542786 826242160 841182461 566837484
1 635550832 896531707 926359886 808372692
1 939723978 984399599 820787137 981032853
1 902721545 814954088 599238246 629093610
1 658908342 547201719 766864557 876936251
1 662447147 571466195 826844711 697517115
1 635033601 554822321 559562865 941837475
1 785415747 595073737 801975151 834697472
1 935553288 595562957 628074970 618922801
1 553713095 586906105 601571552 973916413
1 551571699 894385005 950649038 890719576
1 611638099 744335062 548804560 671786846
1 772612635 858426178 560460819 931109927
1 790733548 911566756 992042035 678866352
1 718016745 674252687 882223317 840014071
1 923742828 877423214 719638431 688554589
1 997086084 810509157 601103996 629851196
1 543123019 795791372 778214963 605331808
1 792531893 657400819 788094816 833439504
1 844977648 918399072 698812333 551370393
1 880389633 542081731 751083614 821610472
1 557991888 544917251 942525470 588274350
1 755461692 506246811 720190384 506502129
1 871559209 604530907 533771788 549767101
1 826045733 559188054 696628071 877162718
1 663223670 896264672 895570703 568419779
1 717416596 718894101 622968681 609517928
1 596237591 532606531 867147813 760922041
1 837804577 835570344 775261718 885149561
1 674898433 854860137 602893519 863358281
1 548698965 866112454 607285809 559064496
1 582883518 575548081 563967043 533709511
1 518227648 756075536 693009064 716839745
1 925644145 810673780 506216753 965480107
1 660488542 743088673 870835072 775369876
1 963438564 562512135 830482514 645623233
1 936725275 840198671 516231986 665596508
1 913715807 564098463 668455380 963794738
1 788594833 856860558 567187394 534871462
1 754466686 865893303 719059509 818011325
1 520644498 884604483 828821709 883707111
1 984758324 901970826 907505584 552214370
1 783711484 996457826 601727284 974683057
1 817759728 541016685 708477703 694959072
1 605266462 877201470 535183209 787825382
1 725425392 539996652 574477938 585928336
1 872781783 702101454 889977335 541637231
1 724813975 666925929 949047182 551137801
1 952347830 604579507 765822572 601648505
1 678095865 926054588 694518402 685364795
1 529434919 527028289 601195441 863445172
1 916816596 578184915 734859823 546976870
1 995483523 927776860 727051266 977092229
1 500287555 837650246 794942964 761936688
1 509195546 782713265 641115481 838514820
1 620809886 894283932 548526508 781497820
1 885764456 652365776 898202270 941099621
1 759516118 875569733 788191257 608302467
1 596673496 573033853 951171448 688672516
1 553184764 869265627 772496146 500327816
1 996405299 654512255 885647280 661273073
1 642494924 622144114 550718480 852152256
1 988651972 561791711 574884403 549702780
1 682200759 780267256 629453468 505015813
1 522216862 532031785 836204776 510554383
1 773067346 549074317 885782235 642293456
1 699800474 572578416 926008239 753199469
1 625549888 798821801 795118467 809905522
1 521388493 828727539 742749519 667286070
1 691926993 934425550 814754027 691178088
1 606871039 877685116 597691550 750613093
1 694480074 955527814 533661147 747909533
1 720028105 547971016 584253804 991072252
1 944223733 783262733 666176674 660701570
1 590691613 887040461 713514187 915113434
1 935084823 842105561 703476836 688830795
1 605625044 943946623 616474866 526656970
1 941334375 562755235 542947129 566925490
1 550669682 787485982 651000184 867988666
1 518654086 599700155 782638413 831387683
1 658346307 836819120 808198658 781218787
1 951210849 647651140 700954471 582901598
1 531611355 607189511 763267636 581530743
1 992916109 580238408 743586799 763849129
1 597738656 525167391 770478830 639986309
1 907331518 656552620 555171740 828267207
1 801361058 961775067 740039332 556191291
1 810238004 948000621 719627463 613497625
1 890160688 646328584 976692082 718959672
1 928395715 835929052 681967203 919763209
1 603186556 559469425 842077699 673116309
1 650070941 894584492 763417825 920642236
1 501742561 638892043 691378873 563880810
1 940238752 704784265 611629394 671375716
1 712895420 623986883 936906920 609558392
1 672906571 775860484 570982712 916747842
1 553096192 504505846 546219369 692993228
1 554388067 884547121 809281479 503205042
1 734346933 837848497 857856194 646998151
1 536836348 589625375 545591617 603218653
1 915687680 730235196 513354243 641532096
1 531254020 627017760 708289987 521535160
1 726638727 888346309 833922469 802075875
1 741184230 954620300 782158636 962933933
1 800973966 843012453 600541274 819245799
1 783962267 976530253 794152550 642916994
1 960223880 888101067 531662696 716664235
1 854496064 689489091 522862742 987511373
1 793421339 669323448 719688583 720787033
1 939810526 552754708 752507748 727888483
1 574153558 843449540 525206536 658076303
1 744455495 734684151 571333889 651540152
1 818622486 724511477 538266805 930899591
1 576930906 567737157 504925212 840061020
1 973205844 802908965 515383286 652875303
1 942812805 771713395 533908665 863598485
1 657584400 510137959 833283699 556073655
1 808150562 589630309 650818090 784633070
1 684791068 811793634 978071845 573441914
1 896563178 519100832 687302545 991047483
1 649007407 592253712 668164668 971154504
1 748677250 788903492 923037795 706219884
1 694168625 787395561 939387799 598835968
1 520134049 631413324 815446081 859394870
1 693370164 947357243 623461834 627411470
1 971526565 802730961 738218223 882992421
1 705439391 929224654 893024241 539624987
1 962756949 637712146 858970072 952060016
1 897165353 516781642 690935428 715584611
1 977276209 817462208 763913634 636430913
1 623839064 962270911 535852673 985106741
1 953891320 846224096 739529050 757052893
1 610704180 790519410 644844894 725332402
1 622477788 678144939 972803917 863803701
1 688326508 817973583 852978618 553289758
1 566872626 834955485 601024546 901046533
1 770444900 688277025 532601408 688539937
1 504665642 711810423 944463886 541968974
1 850190366 874162068 603823730 849715598
1 535239841 899099195 612037929 578490699
1 553074526 809209247 846828590 881650858
1 783232461 957975574 690040682 975978208
1 557877628 630755196 719950936 637723528
1 560103994 846852890 580251216 526559964
1 534296356 726501461 735020940 626170483
1 776001838 681160887 844952951 583374124
1 679170062 896129012 538955007 501933566
1 862386572 971594167 729873959 532617361
1 817543059 987962675 845069399 779983492
1 607282469 924411967 744610387 842389024
1 984775147 822777107 839362798 518558139
1 578706104 863794893 510266961 988430273
1 529530953 809697546 893951672 949970420
1 761071783 652347812 798518171 893220463
1 583031295 958745268 903202199 654648196
1 764816515 680298538 630655842 816081450
1 800808844 781545910 925596119 669767997
1 810890098 757799211 524804537 655470517
1 542028153 945336441 865957665 880090832
1 770868909 557134870 905824440 529991932
1 947318650 961343345 989775716 512106733
1 795071268 819445220 989188880 853940777
1 892031490 910460191 814869884 754803534
1 858417260 948328256 758423424 503063172
1 533476231 697341528 607674732 902067809
1 606865123 513623328 862165542 852998424
1 548102910 709680856 763814993 989795869
1 779114643 732765315 583489208 862192595
1 931355869 697197352 946709890 877602662
1 644048994 909611950 568151246 528374012
1 705499478 924596223 626603731 836219491
1 890875640 557034005 912995697 706078251
1 949732846 867369369 501016397 881542496
1 761226485 562002808 590495356 662830002
1 602289960 663760411 888530235 971608841
1 954457457 997205373 640184015 611557631
1 858245750 532951616 593983470 682474368
1 849456194 763016394 759142730 635408646
1 865407637 740703154 943460093 908402647
1 522947846 871182170 754885876 535591754
1 926012027 874420710 853673682 850318904
1 688315191 548941704 850494004 886134291
1 516326929 982666203 652341748 713851233
1 811087408 811471444 943078654 960712708
1 621917049 693091244 927991308 991768257
1 670099446 757911631 865514629 532850167
1 508162549 958757906 974671601 602869347
1 953028796 883521359 922802632 530689012
1 788518248 607071472 545210484 516241313
1 573672306 638446984 760642206 937538129
1 855137424 767124672 846353409 973004711
1 530597344 928635451 644221106 974128359
1 822244472 943098076 846423818 613970724
1 554252677 612013485 812445191 951936685
1 773012163 953836899 633631531 567359061
1 867886040 999361751 697653720 513215323
1 981858780 967892696 634725068 758677339
1 840212768 763639295 562136952 991068968
1 924418564 695482377 857757872 770889117
1 841784443 836912257 763660761 705489217
1 518547396 840506713 600605629 596150451
1 670533007 667018166 766659928 666485554
1 543176799 978663979 803398138 945972270
1 972174288 598738582 771667524 888371388
1 770841905 521724435 876257841 777891004
1 891616656 676017385 707237629 541324271
1 884364108 714517056 773790948 568787942
1 789631245 943926980 556631816 705273814
1 834789179 793034124 530185009 738174558
1 813820194 530397497 994614087 798075840
1 678661276 922727923 933430128 915132983
1 763085014 507644570 514803468 782645775
1 605982606 824601874 748738435 675141465
1 739435619 858269302 573115226 949394920
1 513292778 929783828 749376780 712597850
1 765273341 608352849 945120176 615917169
1 667364706 982129917 658120259 997548935
1 776146429 870898546 686637337 560241649
1 942811166 886722332 772824982 841676920
1 772481370 756854414 776626141 699845614
1 587960636 658323682 813310936 511696898
1 774172026 569141611 688315033 838230709
1 583889682 593515254 982796610 926820571
1 799943016 816652141 738931819 877553835
1 920801695 580223187 668531066 990820871
1 848510425 891868389 741914829 540117968
1 574434509 928004429 934726878 925934973
1 701301357 821907971 907540749 974040970
1 923688236 942068694 936438810 556259814
1 735674752 974833071 855166894 870057132
1 568557063 815899515 590026322 622484441
1 965532958 569402758 682393081 961805699
1 828054532 789783517 840675313 756683464
1 765120596 576830421 863659321 781733253
1 653813138 730311888 587074628 633959426
1 591502386 907367275 718640845 711938777
1 762525365 940294382 820306545 545173278
1 703879840 810570279 529053999 963429292
1 642027675 747981024 654063913 574133850
1 591008175 569977273 501748940 848995767
1 545625894 974697793 726491892 891131669
1 782390984 963423932 675205074 654947860
1 553893627 599969301 902482900 578696537
1 836993279 714932236 538798256 956415301
1 777998336 592270381 635865798 811371116
1 835216943 715491090 951423234 914349376
1 703219613 534360642 986842007 656824106
1 758993763 684125581 993390100 839916258
1 912251572 826317297 606948960 512847241
1 967622199 922689094 552707640 687709727
1 874688202 526723974 660943567 923952518
1 750354363 551359675 541330754 998813239
1 951363018 985789435 622243427 627262567
1 617691613 925513383 705443931 502267601
1 949875266 919307527 692318092 797573316
1 970220530 683186427 780851290 569891699
1 996888851 901756699 665001189 883156459
1 803168189 605359970 622476106 979891267
1 688371291 789108327 796466116 858718709
1 537394130 928870890 838934728 909547813
1 829401642 905786140 951993491 841333640
1 613018090 667624835 917431189 915195483
1 814486061 635242474 999395124 981983209
1 626990106 823036431 844104466 911131114
1 684034947 971525967 771682972 669175717
1 980711297 692678938 538065303 990650365
1 903994176 862872112 982756595 770030479
1 656254687 955597629 800911585 809285406
1 794490165 599124069 884065116 859135597
1 714828055 909110933 585935484 692538671
1 957059189 720423974 924689848 926529609
1 847021574 555265890 979906627 823285209
1 835592995 768609126 944824664 773421929
1 520781405 971718155 501148462 505098749
1 885645939 902663311 677940504 674954229
1 969817831 749896081 996926004 880916332
1 906605142 509101702 690385660 885706790
1 605532332 862963028 771715198 774239406
1 631637852 659877693 618047805 637071222
1 761909853 820449342 987210585 942268661
1 664143450 510473192 536518400 651765140
1 730644978 995715294 920614274 815311585
1 887895772 560946345 530531366 699305485
1 871227200 716513730 629289566 557168804
1 888158012 676158856 730912866 527013635
1 930209145 854414929 612258720 788478423
1 671631693 976890741 666678905 987274342
1 525932199 590941714 534263230 580983447
1 762218161 636138493 881002374 879333404
1 904297400 996047956 795420394 941902239
1 846205136 521195811 830420071 693578914
1 808754531 553805536 864898350 508904860
1 847313109 620244723 802869872 867937927
1 597982398 852055924 856222816 532469746
1 974261845 931779213 543249459 727643689
1 679160630 997486344 514979647 613458874
1 990409405 656714778 869259665 932059882
1 647314860 638962022 678520818 672387310
1 500381715 766129496 893298453 839842333
1 757802534 661490396 754260323 581457068
1 609264678 955827813 503821048 709988261
1 812270524 842581334 567357071 636750140
1 922075023 542495726 881940493 620767684
1 514470372 974388489 550045189 665750372
1 722306928 754641266 522020661 722798651
1 589762204 685545078 738113578 675694235
1 984143664 733439140 577391620 760964806
1 814324332 523832606 812408026 558028508
1 684771781 630774854 893179573 922975317
1 738231553 986133644 894864883 776563393
1 812524092 660862519 867806909 788614639
1 689093253 519828101 573324862 669773026
1 839617137 900768276 966486191 507268828
1 536924662 514346660 889451007 655833350
1 752386959 607118628 617257869 506579909
1 827083263 976345456 878156228 539362975
1 772176321 598473717 747785531 500996671
1 677933109 632570575 713098300 946903435
1 728675522 932716885 970571019 797131709
1 838647733 769492991 509012204 631161819
1 517716951 715108720 553817810 987172541
1 750806288 552830386 785572565 774751709
1 530757641 628459638 607587298 674826718
1 861751194 837935631 956697636 852661621
1 717928789 687745756 512656283 995069395
1 547130426 798386390 578519868 580535598
1 781123905 856587761 746066019 726756360
1 945669750 699478562 537388961 740136048
1 891998740 950772396 849942885 641257191
1 903961422 812358320 781499123 616526422
1 775769953 701527197 796698549 884289749
1 511131354 881802978 554377276 820489935
1 725538992 555725763 777432449 690798600
1 942485260 519056156 862980747 912599698
1 567099712 911038333 612368942 690147835
1 605030686 774042344 755800168 611241630
1 917543458 724670673 687809029 820492305
1 794498838 609982797 704541853 962589238
1 732315393 910622082 985746540 505922836
1 991902346 740906322 931873585 967629299
1 631839523 634513443 759077684 902039474
1 664428036 759744538 545582269 691692334
1 527316326 993697663 870031496 964603987
1 579906410 734718775 994072567 759577201
1 893417123 670127381 877508122 579944912
1 689401128 612077388 899937811 885818994
1 811134306 984282123 701750529 709018885
1 535032540 732513147 818200283 649736190
1 673813289 538470410 856997329 640807675
1 903731138 589944637 570738979 807492352
1 716898942 644425148 905502348 687613482
1 979894436 637178271 649755177 780796111
1 680706838 934844778 930518966 649810289
1 846084303 642716360 555715438 956219419
1 724974801 693131748 863758565 581958595
1 726877773 598919100 931923810 617096419
1 545914414 811254840 814150415 523571785
1 919354902 893507754 599557448 766332967
1 726333622 723932141 786586909 676700772
1 824953885 519341145 887621665 743802656
1 971148896 512563584 740647057 954826273
1 526286604 820135640 707611015 513002553
1 758406424 641088414 919944093 925370701
1 955681182 644512520 961834245 760384669
1 766513808 911076708 599648561 537124421
1 713253554 849001825 892172774 762172707
1 549786955 857360180 957255496 917945229
1 905876049 633809497 812418484 818827718
1 657217006 652823527 756915835 666946297
1 550833438 606755298 773546164 645261172
1 877851287 917725386 518107404 966890472
1 649994235 665131269 541915504 668744371
1 888317854 657904594 668822345 979872587
1 954316125 523349719 732265947 539792647
1 615742483 576084572 585664193 796846215
1 500374744 521097121 923311047 603266225
1 583617217 892213359 606087325 869544711
1 667107951 786976384 773191708 673865807
1 559317301 534381286 711714575 696629940
1 968460685 974361366 559686734 570677961
1 642367651 524390514 541824913 864688220
1 543789788 939055743 801552115 630868748
1 952621761 572619880 796105364 537356170
1 594147639 841449134 736502981 811672248
1 585901865 836522805 749186692 930267289
1 701590692 959610220 808152811 696347908
1 692033170 839874358 861017086 506397506
1 986394084 800526921 900943442 982993952
1 778525718 607755479 605565047 789815295
1 887906143 797097995 648348421 918726632
1 697029121 794002996 967087162 993692400
1 842969362 952589786 634738268 920592826
1 806075844 966726142 859078209 969556129
1 517007577 878457157 946202913 815222956
1 541777740 530795361 541794626 751566826
1 702257512 813208330 997614752 940024693
1 675132795 966848590 650084728 585003741
1 505736725 926444184 983244609 941140349
1 701810923 516968265 857076263 891535842
1 871980100 657946654 873388834 790790953
1 839236859 875321491 706570385 613825929
1 656790280 541646667 753938412 590903213
1 583914046 928243308 848771331 526043398
1 655114962 995746248 748019900 587375708
1 797460781 896749835 729487976 821993171
1 630413762 890149309 713994078 644137026
1 877076300 743250679 666713981 848504872
1 862432839 863706105 665538818 741405682
1 729146881 700681264 832099286 877301621
1 645956995 913307611 734450248 949440653
1 861894142 812986747 678189477 638688094
1 978509126 690788244 875619364 639273288
1 978159947 977697158 819032710 636674231
1 710715780 972871718 826212390 732362004
1 872869726 655782404 774911387 676443539
1 952189604 743292524 994209721 680295557
1 569119941 739499040 613116735 594759281
1 847871368 650879172 856369840 708141561
1 578109880 817459070 904443677 549346505
1 896172187 923649290 696818968 931306281
1 779299780 928411302 517161137 701413595
1 635752649 722439456 595524912 576847159
1 639399924 793593943 806753766 886173588
1 867758400 608294038 742839860 609409110
1 839121001 696232685 797441351 519982703
1 605138542 551862638 770905669 960839725
1 659170252 641817080 524227448 900241018
1 779373243 533437862 745583634 831778803
1 703893608 969127489 860979845 955021402
1 990265250 717667313 849436998 548073956
1 992302733 870017527 759968185 636236090
1 628846631 954989362 945624621 827870234
1 576203724 550455692 611112693 617934078
1 537554487 523831447 702918126 851053408
1 552152030 537458458 758346946 898736689
1 930908535 692210825 627626028 531888867
1 553595717 580182567 591553531 554046592
1 594748426 959978509 813517422 525038902
1 743729906 864910952 791009144 898322979
1 861732598 890221355 713774384 923355374
1 740585103 516667391 549235842 570071199
1 948427846 753098360 512441909 830417042
1 562124249 639153120 513366452 925501734
1 549629284 787058861 937103919 902697900
1 576953072 706448651 749072553 613546784
1 805818628 703430936 801154001 673343257
1 726671873 533389652 788031633 645970615
1 518860237 945275222 756912844 938774130
1 617746844 657858708 779314217 974445680
1 536872231 805089376 755517101 600172371
1 591730403 799662207 534571674 659129428
1 566711858 791541305 721000430 568752330
1 587113007 634450031 605888607 653171916
1 683465262 856172437 688296933 827846955
1 864104876 792188522 560624743 665931904
1 557883512 807842905 603481628 659466205
1 652434941 794224656 779518248 573388904
1 769766285 666465786 519123791 508085150
1 943183352 670944052 820909353 507133328
1 966785196 660697747 999647566 827756343
1 734354543 818479214 549604478 865865635
1 545488866 909944273 631656660 552639014
1 940736586 573676321 784398988 659155793
1 858607157 907170412 628792978 551048319
1 918477643 683831050 611158181 619135562
1 667511623 748049133 747603314 869962244
1 832390116 907055857 671961683 587675538
1 574090726 722176342 919328442 522378041
1 520101175 813606376 936726580 510543905
1 864471313 660475404 963912455 763021726
1 687232574 640012856 789280375 927792899
1 947423565 872197209 926205339 936283261
1 631117075 810284119 818162467 604054634
1 911784622 749318002 618573571 636427386
1 581904085 511615426 613311749 500577822
1 654465022 723628197 749073216 949466103
1 819858043 520578867 998800334 533026212
1 996420761 532435827 981136451 684947510
1 960999115 663328332 798235700 561725769
1 627719253 792339017 836853847 604392145
1 673820105 548902518 545556624 563631596
1 654231294 991328191 987445302 694916895
1 637907245 592314480 803071985 839868334
1 750516090 610425862 530640799 887491487
1 669086070 948694386 802749821 912269944
1 715946429 741353762 562023334 694931357
1 526888431 662588405 723689159 725351402
1 673133188 738812472 925187542 937390033
1 779700571 750266145 978845375 763740313
1 968806366 517515374 849824911 928071702
1 638725188 525115501 775756568 814577689
1 650074829 691888631 693628863 683817798
1 559775033 714158812 852615997 849763358
1 518701722 926571885 845125357 580787476
1 798256436 573137883 650106547 618473796
1 648149517 758814193 815192564 536008412
1 582572236 559005233 680642079 747806008
1 886753938 631142465 911507387 947716580
1 916307791 522197992 583592820 991188122
1 838420929 746116078 885795259 657552843
1 821203414 816859692 642999400 896199097
1 576671768 727735842 653045910 652284735
1 855835909 561130135 990737558 792970286
1 837589573 893627914 537151808 784248740
1 607927622 855961717 996493563 887663576
1 623942514 686498128 895869629 729154718
1 988752713 851373543 763188362 523793873
1 535225973 889935311 854281648 931423689
1 934127932 965739576 703175164 760515898
1 821935038 737306453 542910523 553618460
1 970627480 729605587 527585420 961551491
1 649555287 676405434 837118816 662189033
1 657088800 652067053 501418645 609783180
1 700185902 556798696 913457998 950697046
1 899314364 892659374 565966404 841805968
1 878673396 644205208 686217210 804545988
1 734140467 969881094 912680084 690844993
1 631720465 637162226 908469918 621581499
1 687428924 547039076 919836924 800893053
1 520818481 742390818 881617573 914031061
1 716735979 960192387 855350995 639666985
1 868466951 879283691 648399563 617790461
1 629020792 981902148 851330346 556433796
1 543049778 689134748 506889056 849746290
1 819824600 603611859 893902668 557797969
1 611590146 861364589 729389936 635678409
1 503581321 877453565 824395463 944368027
1 805721582 765934081 799093303 517479806
1 651748268 867007295 679162175 648809032
1 887235407 804766054 582536824 609309619
1 599594951 768678660 907097702 890798661
1 556435986 752887326 691078249 630729050
1 519588270 526685404 719456723 961106733
1 943363923 710976992 949787209 758081111
1 974287478 970772729 567491661 841081822
1 999301490 575333427 618410417 671818009
1 986466775 782153955 688192286 886387998
1 620605632 653508025 739593572 993764862
1 700421927 924093736 704543335 982157063
1 628786410 939468837 980819518 648426123
1 508434194 860952320 701640057 706631405
1 719572492 692205291 709349039 900397443
1 676251933 665105706 810496062 742036247
1 934162575 551510636 870225011 675001494
1 623664268 725105181 768316947 864297428
1 946400857 769864844 816946797 811385726
1 842470238 971135097 522911278 673740664
1 603697308 698531596 597826184 984107722
1 626820721 885859593 727440544 769609946
1 600514658 803232408 505787435 920184962
1 687714198 959497833 905854653 633626909
1 908878200 910713413 540585676 749191887
1 994231170 835286494 515070069 504190279
1 567282136 775260881 923334266 817781678
1 983181215 717087270 636601068 911805244
1 864593223 983731701 521709758 900400688
1 546821957 902278804 886501862 688616128
1 891954473 546154157 569600844 876665190
1 788014659 594949451 986478751 588504672
1 575554669 860221644 767410014 902391218
1 688654197 643733152 670005900 901665193
1 967196176 959646602 618613411 503097976
1 929163176 834431177 512231155 775356822
1 865924408 620473243 958291386 730220559
1 775658043 822589451 595220138 781348801
1 765091295 944402056 690975357 969976752
1 604772911 879313724 639662826 935872351
1 722619760 778956600 522034970 572772083
1 897596899 885245813 775269645 853224114
1 727441498 559190254 790620267 581024797
1 819547731 551324437 612057010 794410301
1 898489859 810027975 737317371 519900169
1 881513388 719076426 839221543 915481226
1 740795117 512759552 701999289 958126647
1 785173450 544961061 939162237 995602840
1 761511273 506076068 592167500 972668341
1 661675690 935471392 970458854 598956331
1 971374240 601823986 862900596 555337839
1 627833314 550002569 708687015 759946483
1 559548436 946052967 716721181 569135850
1 501967340 578501186 902161777 868092930
1 766599548 846502636 916656128 883662845
1 612165121 959481394 897742263 737435413
1 713478750 522788496 821534027 988815825
1 639953279 684723739 762086470 926303262
1 696137904 904313929 779254055 886698155
1 575352284 607548973 928877032 517375625
1 816529419 758083355 628606392 591360508
1 753011737 524792069 705786710 647278731
1 926026478 633232616 829183383 804228752
1 978022086 782620787 847438453 613048149
1 600934063 652177209 501665936 875491678
1 925647309 911770301 574733737 788548323
1 763887271 724571479 906433166 531436602
