1000
0 799681078 950184987 860757231 823857571
1 680902918 731910693 714042673 622540179
0 867213689 919252292 797553795 938336611
1 931380152 983490700 907141733 904847989
1 567538693 813735401 963562394 595748042
0 908083625 809923596 720869093 989757636
1 597435630 805200181 800530205 732705069
1 752578221 911591089 895839085 602194063
1 601009400 734915761 991194285 844250162
0 708653721 789800241 809655912 762850944
1 578314519 917849212 887825525 654752946
0 760125352 837646781 923174800 874659183
0 756256053 829849177 748101184 830788588
0 764279616 912216625 982286011 911756635
1 967219824 815373312 762501891 879125602
1 665725304 855245526 788758502 685749539
1 882597923 993491336 778079834 792109215
1 970109048 987640798 879160757 661282952
1 644697885 772710180 753344192 821691035
0 582790242 758539393 904347105 824026316
1 974311152 981160636 833731521 657496587
0 902793725 991189214 864302532 631138992
0 864986639 935326702 889450812 854561417
1 630252341 894581156 772091304 913996173
0 943155955 888790397 941672429 800742137
0 761397786 866761330 837480769 887657704
1 858464295 865421937 815551160 575449873
1 925596022 826189644 897991092 768219727
0 991910591 951108399 878819024 643661853
0 872103313 765383912 752478800 921647970
0 571184791 819416771 903828123 782459926
1 614938829 948556897 943575553 665845918
0 637112906 738868748 821172444 828087185
0 812865580 944603978 901479416 696417685
1 815700419 943119311 874698210 638754751
1 793484433 892210661 835809667 849877251
0 918576940 958748072 730965543 822729911
1 593950834 778627285 932165561 919031352
1 604439468 761132861 829530694 991894375
0 832285681 731198921 814762861 598951920
0 745919941 922264835 906309918 783590559
1 875840387 864041339 929370130 654481923
1 927343832 833518829 849099565 697987135
0 619798765 819070072 810953486 936818941
0 905894258 795505899 886554329 706486246
1 575646384 787754545 851030713 864925585
1 659192162 996107152 810611234 737829523
1 579028422 766120610 805543242 593898463
0 652356847 909282759 856228059 967191804
1 977279692 876534066 720239425 647911435
0 644665795 980738199 771381833 602821037
0 836312155 886156763 882800192 628499512
0 949714162 776797005 904854647 871225943
1 762640094 914771498 732649461 863495528
1 796348602 991274881 986147924 990804113
1 843763439 783297153 894764256 670726213
1 698750189 990514292 904459897 739074622
1 586509149 831976699 775411905 722555975
1 591755001 803700698 924293691 612409044
1 579364284 770353313 808598557 777428724
1 696396908 968915691 932789157 705120055
0 996084555 777239820 895912631 984988309
0 847371777 861950022 900918957 960664165
0 877363806 807098874 741065540 786260158
0 780243255 825557769 754799265 998952953
1 862430314 983383204 805034678 847019280
1 631332352 742491906 816117279 598635718
0 568688295 962757392 740739146 943073081
0 930566852 855188922 872599678 628422523
0 668810261 906389868 886200634 934420404
0 648487698 789008588 819954958 693807996
1 769461678 887262179 951226121 639001659
1 551721742 947764065 895302017 578290599
0 867261828 749900075 726799709 849724746
0 694573115 783226278 917430742 963010203
1 753245225 776228349 995993411 880613673
1 911070816 914106904 937383160 763210636
0 657959862 871109127 839967840 933735232
1 577627441 938348615 858842144 918607836
0 612778327 939120696 998672932 905604133
1 981765702 905161105 824673071 695767576
1 883498527 778222387 847050968 705190271
1 904629237 751757537 788683401 912353374
1 825944810 803630382 949212921 733118397
0 639408553 749692353 976623668 895178139
0 966633989 935014851 820080855 717808209
1 865350640 804177788 738067980 913418900
0 818584675 849187367 783042340 712178538
1 839551668 821835687 848882005 909163486
0 653081814 770401769 734439488 833100487
0 595059064 740840090 749012330 603853422
1 853934755 874985798 930662660 723628446
0 977633374 954132594 821627793 688426516
1 668148837 965900092 966402050 876043076
1 847759763 895761305 885802354 626520563
0 955117364 967324836 877327061 758601578
1 833246207 845723512 925889941 737405385
1 557105115 814875388 838918353 965693124
0 749037082 885025916 833338747 658934113
0 704797066 849416284 737716472 978235372
0 855973510 900039984 961831434 971790294
1 701167881 807447775 955397754 696484362
1 634055180 773667450 791617269 973614969
0 785141830 850652397 878225800 651710703
0 554931358 805091545 945156274 968266283
1 830365293 926721855 736921919 717741107
0 550280666 969508438 701821859 680078831
1 854666636 922229076 986135092 767608054
1 837049933 883705848 752398373 611375237
1 646036135 801886026 739171926 826430073
1 971878895 791347109 870870269 927953775
0 990340749 956540839 737902155 879637228
0 934858359 864982926 957917793 674979088
0 746191542 801142953 773182156 912218160
0 710404437 806770947 964041293 794046855
0 801170183 948157898 833702205 920457831
0 601440134 763628272 952569846 894678253
1 886857542 971696417 856410881 655969924
0 664161943 896850350 767116179 728612927
0 944959828 870938670 733454462 802288384
1 977664249 930917150 775173331 936115661
1 570062468 912946725 711567266 998021717
0 857445755 754903129 798874646 796683947
0 614053706 975093573 813926900 977850413
1 909695826 780514972 738514569 913866461
1 912593947 937939465 885035341 915334569
1 916201439 869901819 755112575 799894336
1 782201755 986056928 803785524 672494260
0 543292585 857976771 984401860 825127520
0 820030625 789608793 836167925 671815118
0 602858796 916801390 752516101 730966127
1 945400324 908125441 781805516 647362733
1 981039667 878788089 746101029 881936933
0 928097646 839275152 855972804 735376302
1 727485247 890432568 736092734 876451573
1 993077599 860620177 934682718 905289616
0 806679094 742048173 944248170 865240301
0 614095801 799054681 738034722 617888125
1 869163724 938374389 814682791 829122678
0 673989866 895922323 945770941 821634344
1 929467207 943402204 788505995 903474657
1 847440233 939855986 867041473 597844894
1 651694543 987999618 844795375 647716082
1 670200613 738983559 825739098 952623441
0 963792017 842044831 776392310 576708498
1 654547458 807188772 899666315 646578166
1 896740893 758580652 741977019 836720255
0 564142609 903619984 907592200 624284619
1 881899354 900459362 928823356 685772652
1 641971919 991468877 940254479 768986952
0 868845477 810293160 721241572 919517888
0 792773124 938331647 813681087 587490864
1 828660067 957956671 863733017 969550200
0 655535459 784708325 715001008 996903315
0 651813702 810559096 836275689 994544011
0 958096888 773617261 724455439 852397706
0 621278078 970683249 894542365 825513729
0 952526312 812807900 996718998 983758148
0 746847208 776877780 855330699 898561745
1 768289725 954497613 744690461 803325263
1 628273611 848533050 987550477 869050362
1 551045949 741483867 945172211 708651421
1 965958373 800974534 877000781 815996513
0 867515261 765181136 804329688 644978519
0 691435792 811740453 982181349 824125514
1 752970077 991234662 907302414 858943566
0 830991281 740575205 942438322 697722124
0 919820844 832956950 847017193 766655278
0 669779591 995020988 737515463 812787195
1 598933574 815063473 743719097 714476916
1 596052779 878453059 879732333 745773112
1 543391738 762991636 946623350 881230932
1 751151861 945474795 865758708 802319645
1 611657689 895271000 773271404 883418277
0 731842561 937312071 823076966 772178288
1 586307656 806694744 869299140 824743602
0 640373607 931573819 999089985 610282612
1 985237354 866085765 852288490 974425866
1 794288552 870974004 903801924 875424034
0 786985876 794517647 751009753 591404047
0 859836648 753483568 703573996 782867109
1 725038940 956723405 765804573 726969685
0 835649360 933284504 933368908 806126941
0 632553982 753588208 899992966 840951401
1 961745391 840566452 834677201 707145585
0 560533694 772371579 767592061 589472723
0 988170360 958042278 869539559 674002683
0 742030878 883639351 838425524 946710728
1 791692081 766283450 900070651 887552340
0 617597190 932153932 955233252 882999255
1 830972996 937381748 735778113 737155912
0 781942391 819417011 826631232 912586747
1 992056389 958069603 897576497 939839704
0 582367613 923443082 869115390 681134369
0 905802039 844015894 991504385 983655333
0 798269237 766354095 839023131 969921807
1 804469010 767821724 845083479 991305967
0 799325910 886148490 742979893 984453656
1 834767486 843086305 855325877 909540451
1 972514251 850503573 949254433 638682169
1 763917261 768459278 782835886 716740861
0 965135930 988645269 789354120 725085380
0 903005567 738948561 813838268 956065261
1 678885871 983448558 848478070 627020848
0 640634086 931234613 722992036 745799679
0 567954627 992654066 959517047 790864517
0 989266249 829737739 753393661 702356637
1 657874198 754684715 969370178 587795949
1 979722181 826294946 902436471 580710301
0 579635884 970552706 886086971 828214966
0 705685433 784715059 725031596 964594504
0 689360672 759174360 753996443 954994557
0 802032747 914966761 921950034 989997541
0 918645575 931583131 892689278 957166611
1 957765823 996760560 991523009 950700417
0 826442311 977572283 762208456 601776915
0 729548412 739878540 982433894 845902362
0 945160067 949292054 876788373 842619724
1 771888786 978857771 892216044 628417306
1 916302340 743448857 992427303 841572964
1 675155356 897719341 978358300 838364534
0 647178621 912510522 790145351 802076760
0 546486609 935121452 822587369 917557479
1 614043456 816226898 917471995 846277152
1 962720443 894242248 836141676 960114197
0 688808460 921673974 928229617 598493090
1 722443522 984452245 814799761 884749945
1 554334954 912289072 776538756 998243983
1 944974456 946702263 809288807 986252923
0 598339350 958365690 965172197 846058495
0 853336477 785708941 817306208 666562781
0 944939558 793894492 961534900 980347678
1 885871468 925421676 986395232 677348817
1 845367208 945886615 975065967 676497890
1 921858528 819819414 773426526 941727934
0 606090574 991168489 806152255 667444222
0 753548683 783807603 912474529 964443541
0 799476157 937454594 855920184 839799819
1 691057146 881982103 917848595 809177790
1 979628032 805771247 986680256 613984785
1 732627144 836269476 837666249 894502610
1 930326601 798872614 954782913 775951224
1 924540487 797083154 987636584 886916057
1 829398197 968756441 955535439 740515653
0 924227691 928877301 820443979 952465765
0 746118926 811217047 758622756 797037143
0 816835573 796630983 887865014 608771389
1 957133204 809093375 879040921 888115138
1 821343554 853888247 803775501 640110710
1 546179952 738752847 885878747 728544978
0 752158173 768255888 749575887 860683820
1 721285743 871469517 720567034 692253988
0 929391909 986949957 941781273 902647436
0 694974141 912713780 911378507 811523186
1 766365769 933160203 823506054 756851237
1 875887078 910107546 774003453 605862187
1 862725321 760533256 775416321 918770225
0 856765933 935957568 889367942 889662461
1 697782019 861015531 791846374 761111188
1 722406184 767721994 865027603 873629185
0 628804792 856727061 814060125 805411755
1 607932052 977976688 808739284 977890391
0 802034799 831392655 770611883 904150086
0 926538751 770175749 893946679 917041440
0 576386924 749298604 849169446 947714597
0 765616328 977778390 728817824 851905853
0 560337567 906515106 943019994 661204446
0 568105502 954058630 948861756 666990545
1 726684670 824991867 701305992 851233895
1 848971490 787295807 729415295 640208725
0 785205831 959902273 733024606 871367538
0 570065062 806952620 859866001 708066274
0 629319329 961311002 914594032 960805345
1 990865659 955304318 748653928 814315856
1 561655494 743118664 998714826 783324330
1 590721748 866234364 735172786 778112449
0 735484915 923825845 716505977 773624856
0 800827943 844893639 721903338 912846996
0 642720648 991908325 753776333 864264255
0 640420546 794805509 859060436 691422323
0 776987881 866383645 919551258 649966850
0 861171711 786697733 746687324 700742882
0 707404974 737082803 940474787 648517378
0 667780535 973197394 875914668 628617174
1 942565661 739222159 723450342 611078193
0 668154017 769417140 875862900 722421381
0 691232767 818500081 818934445 977847915
1 697866834 989584204 929577579 902208263
1 881377492 750185411 938248003 680584572
0 937868375 748753079 980407253 946219745
1 991346932 817138593 775368126 816751035
0 770215631 930668806 941631996 618436180
1 933980177 931686462 938347616 727663513
1 714834807 935601635 918681322 801526537
0 815111451 885227633 971886610 640744638
1 878695706 736562607 874483945 971181151
1 798131465 760903929 970254487 701541116
1 922375147 876423650 964044360 782143341
0 689793217 804240125 971752073 701487641
1 894985357 883203099 707757419 624207194
0 769481650 761857791 827816776 933941551
0 853196295 886884330 772594288 973468809
1 957714419 960146283 865098641 877650749
1 819316364 830861723 863637752 967195765
1 816043810 920819411 857117868 949430148
0 968164496 913741740 934846879 613571024
0 746678150 932190957 715604802 666998846
1 673996541 851194784 781037145 871576647
0 781777848 742487000 923002663 712515383
1 718034953 806661085 909933941 909150222
0 552443640 908506787 857054581 794430941
1 540594024 729073753 700264594 570963469
1 669377665 839544036 983840481 592392621
1 772560710 755549863 707511933 595614981
1 697825543 913772295 831208608 922410699
0 602936333 808509822 937321974 676417807
1 561384947 897816905 748061810 715480581
1 833637744 968933948 876084648 793277037
1 721011338 803777945 861124774 917275854
1 895178407 881835518 940363767 651119344
1 855365459 944959471 953771708 651284064
1 985568722 986079249 863237425 979850326
0 804272402 823064203 873783686 905089854
0 623753397 901146806 972545755 954933552
0 634800970 922433619 812177642 958029917
0 829707407 868356898 762781867 786026379
1 585477369 856559796 882208947 817944320
1 653007863 830892626 729128716 755635277
1 893417126 965787250 909833133 572574616
0 745028064 934819672 884435830 666540591
1 684786590 883942140 895051275 739767595
1 722150047 993000280 766922258 832172363
1 572890116 900308170 766200040 746739639
0 924773422 949216534 838225581 774246555
1 993619033 770086410 963672005 945122422
0 775036900 961628244 954210301 573791327
0 657183166 820272850 764494191 779181989
1 634658138 910140623 753718321 599565750
0 616372854 805930966 884575700 634591890
1 593868796 964567802 782170257 889213757
1 805409258 921348981 776609050 843234878
0 707748876 734869654 939670462 802492036
1 946304811 947681896 714947946 894953730
1 762017979 941609904 887768600 622337158
1 658752579 948805628 777398349 952070416
1 551933659 875980948 719055412 758811751
1 611545262 983720216 997616830 771442237
0 567168317 958694201 767616058 938399891
1 974694092 992950064 740710283 900405645
1 902985392 785859437 799646539 586236816
1 639520219 929362179 930066663 890766239
1 999708308 948141019 730058683 821843552
1 583197305 912233452 939191805 650505947
0 992460429 937787859 756288181 979446576
0 760904767 987320813 868581878 793874896
1 852661672 975102474 753570245 947563277
1 597262553 942752793 904887887 705433098
1 685056685 961854362 836018098 981675489
1 690094233 778144825 866260345 850446084
0 610677383 868282883 777300077 733647988
0 735437153 925573311 734194181 715387290
1 768349394 988988618 789402343 860748468
1 963504838 932439155 959439174 674542497
1 703911103 944831778 986240383 970384009
0 682929185 871918659 841518309 575993586
0 895269079 820943569 832948470 764194550
1 897607140 803267583 786241825 893312633
1 780232629 922685676 821273635 876900805
1 673461350 774966571 993882961 872785834
1 597164947 808164342 843342320 826950760
1 879902587 738294222 729153536 738909521
0 650884875 941043285 913272988 616787284
1 745786411 912517308 964957870 766519530
1 969869369 916381599 804513248 976856169
1 841159814 735879864 826173055 694791178
1 803755516 918103020 927395930 899388695
0 561736752 737379317 726837095 616101785
1 809104263 880257900 741878473 773291504
1 765424940 785807797 730494044 600308904
0 597167352 906347650 875366794 583121842
1 812364895 808204177 745420039 639599231
1 915933292 884190001 980364412 927089355
1 697509649 802295755 947278231 615005482
1 799263958 979886647 936138448 985459151
1 991892735 875393513 738756152 850973182
0 744749084 819549496 859440915 621141989
0 890105961 743537948 728902002 980413428
1 719321290 920708021 810093866 884072933
1 808391333 854717784 745248278 941780201
0 830309941 841364645 840047253 681996113
0 664569086 981887860 913253555 716834569
1 764260445 801904979 737914596 731895454
0 742055213 896902901 755586783 656979465
0 993052965 813241168 769899677 675252473
1 605159817 962613447 819627744 832590129
0 986463322 997139547 733701373 843470454
0 820952752 883831756 928649509 810991586
1 803606555 944940231 887982981 803572016
0 640307287 767132505 815522833 791320324
0 549257546 746896316 984613063 669277182
0 699765219 803816837 785174711 960330444
1 574429229 780944817 957839844 851702584
0 873987666 971370684 907818669 991260673
0 623760208 859078672 987198548 931993985
0 724888977 787733036 935068537 686403252
0 616598924 927001900 956857238 902256585
0 739428884 872412718 740855360 720966860
0 561295958 974408047 887891978 755855498
0 875917247 958748023 812730393 975305918
1 932482382 759154503 740865548 766148616
0 574450117 993416600 771056173 817147269
0 721868072 922233963 936602116 868907605
1 824611987 833913995 848025474 996527182
0 809398612 903917641 788346222 672800105
0 924268576 987512208 757192616 863917055
1 669973237 749815458 725657338 647066225
0 950103494 928867896 953764844 761071551
0 963674869 794782264 717092230 963430333
0 575486699 865957655 966686066 957607973
0 606475586 732087863 937601759 885203645
0 768915514 846756760 846365105 999305189
0 674863300 858626243 743383268 824325889
1 871969499 739241644 922991770 950410504
0 895502969 925276722 958512983 852138627
1 788881533 891254364 942733292 757434141
1 781485113 827383577 911057898 831825565
0 906631586 876513800 754988268 695435991
1 823223049 958667315 998361627 967208094
0 893845201 979123743 768216755 647842756
1 741178677 813332432 801438610 970372157
0 562265584 983035800 713791200 718833297
1 628489314 993692562 724252725 974606802
0 683583589 910365761 891997522 907957276
1 691682582 944774031 962803720 677897648
1 970820830 998580334 842780021 758509575
1 884434656 870526578 719998758 867188510
1 834364811 962166453 933854705 966524038
1 661363044 831684227 956424083 697511032
0 555668844 839580584 898513136 682456584
0 713710918 906134362 718743876 948288501
0 562820607 821485931 887007375 630639445
0 751016986 874529790 921267358 878427404
1 878128715 782571416 989179222 679728639
0 841446361 967112723 718365441 841756434
1 669506273 893573271 992253064 904058622
0 890386735 804858939 716904590 659023394
0 638796021 761482802 778281452 940630672
1 974500682 772752661 836915081 763470563
1 713744341 777038680 977617630 945141378
1 927139552 922938924 968648380 699702561
0 893207817 789157617 881205493 596328763
1 623826490 863602361 792806921 679485223
0 917766581 974438938 781400070 829503043
1 848793046 866636244 870597167 695321060
1 560134860 805673114 842246079 903059268
1 618216193 789822232 983550602 648163248
0 656579157 907251532 884371209 948212034
0 595790336 838015461 749544964 767677576
0 687591093 756874607 752173718 927704585
0 843293939 918383099 829925617 831188566
1 871722999 985148771 907600935 805335247
0 670325000 805483636 872754747 617986066
0 806077830 938875341 863124119 743869031
0 720711268 992094184 892388290 647765713
0 931120836 747408565 865060273 915111141
1 748175844 753981400 955807341 756265527
0 569232821 742222486 821999961 866273138
1 663837200 853963740 847492619 738956811
0 734165604 987990439 893957728 805362362
1 579718824 989332886 763533357 950079111
1 604237936 870459440 760421940 946030424
1 758365398 940351012 721267019 851074403
1 894547375 982358272 748511300 895825921
1 779380548 793686232 911247620 913824655
0 893151297 818817885 989811223 876316502
0 760650266 870221618 978949003 920369967
1 588944026 750280483 941498496 627382467
0 566330512 917015217 918721174 736143814
0 599395863 981593337 796390499 596327883
0 642066141 895059542 870950659 847555012
1 963095805 912250929 793514417 633485793
1 697279722 890126371 922746836 830915392
0 928886954 736302247 998052884 719523867
1 577314898 902288570 745506644 822990325
1 604415300 987324709 856327408 915980765
1 929509242 947104209 859591695 753930850
0 563869400 768696364 736235976 739023713
1 624813028 918831813 910963531 862408316
1 651899813 798052990 931218690 902882565
1 867472105 955251757 768404738 753150407
1 748480370 997816586 998347323 874106577
0 812479510 915902113 927764144 861377584
0 937732696 860880184 780476627 675163202
0 692629020 919269099 732882780 687654682
0 549049893 955840575 946132116 804433231
1 565143727 937067910 767270563 869594000
1 810071148 861009923 927176294 685869911
0 926210887 805874564 840062857 937340282
0 851115782 926417691 945671214 622218162
0 629454814 758073541 731117865 715012858
0 877787425 919674811 835089488 854316868
0 590564686 889260301 984552138 614188369
0 945323509 947927382 932404304 605944894
1 824347731 846458797 791158613 742437581
0 716049158 839647254 854601845 604486271
0 756757605 824060901 859627328 836508841
1 632959140 861755007 861465270 836160254
0 817098057 901219521 997028732 596098032
1 598575591 888196481 737603150 746115437
1 927045334 809516850 796417606 734900030
0 839179119 956918982 975232175 846267247
1 924556532 917034455 833082557 985104764
1 693865678 822618540 751896000 987823290
1 913669411 826091789 791093143 741449378
0 918679078 821252923 845992298 608348403
1 898746720 907430611 796141778 994347346
0 626570485 905164825 904489810 617137701
0 581830759 903698001 918008382 602783823
0 825123686 849440820 996707157 921246783
1 567699099 989417562 833645071 659799759
0 978367882 808385049 708350049 591119185
1 769902628 943834808 956337461 610127457
1 611471655 836734283 721994645 730600698
0 932397001 762120312 903953968 765563902
1 772145012 731911431 730426916 837710936
0 595723342 904033694 838184055 981641997
1 903166602 892640406 942882399 859928671
1 762910687 935259674 850860290 992157401
1 713324574 988399578 735946759 672072834
1 712359984 967608652 980271651 897649963
0 839420850 771350726 983587144 931507947
1 905653753 741688485 846641492 619911245
0 581181403 854965384 817988701 841056430
1 944113154 742207094 944172943 896799722
0 581666230 768747320 934878486 857797973
1 965390803 991631957 826090033 907923469
0 907829272 762064542 713510542 594632977
1 876124441 867150645 955264979 811514935
1 829309174 762446919 931879446 804634532
0 592491194 974030822 862202083 722180607
0 547608524 956499704 727320778 844145021
1 675660558 774938518 776193289 897374173
0 691779061 807896016 875972929 877243896
0 920724836 935187487 921259690 843510719
0 675007117 987012903 956839766 862699476
1 985602792 817045314 835447731 923472871
1 594352934 996132340 759382099 834442929
1 777158028 830069282 870210178 857025858
0 768491115 852455766 989371433 976921954
1 626617199 872029100 924317667 748030772
0 914722447 938132281 918153331 645003675
0 951104891 892049262 911215578 688832749
1 661930461 731210357 811293939 613582790
1 932337019 910197766 973310213 829489638
1 659980273 943618706 780277108 592862820
0 949281285 967781965 928715251 711493351
0 715994958 835069886 940821040 646958618
0 645887786 858988212 966146180 813212584
1 558933754 914847955 935156176 810157993
0 727290851 810185438 846960642 957385278
1 752849241 857656283 846955786 660153447
1 620922365 966339535 987212027 919478152
1 873664291 789834565 876191137 913032617
1 820734298 885123884 911673293 766282799
0 847475945 734759190 723062436 735822046
1 878906355 812846395 826292185 605052678
0 610110952 786244448 864509041 671960437
1 684969938 888518541 936481305 804500297
1 558139730 916404798 731548037 929957481
0 730288310 925098625 834760941 868028875
1 961456172 943615108 965657998 864748651
1 915282756 736355675 815352365 838328802
1 817035376 772459929 895492234 854727614
1 751483951 811174102 734789648 930103267
0 705407299 761437431 904583779 717324986
1 570150060 975670791 835447271 783461718
0 958397097 955605500 911451323 760258291
1 744358143 773528202 764764075 645188000
1 733684826 979490242 947262680 643873104
1 913422509 958673329 844587841 984320850
1 874037722 931960725 840047908 868656349
0 687347045 899590314 915305654 858113276
1 894718601 835813484 810721554 925291111
1 666467690 911770521 826273406 716301606
0 714230705 774073250 766039356 911922517
1 547949361 840596807 793210797 932567874
0 886259000 818896157 925315647 606023419
0 551973739 922808018 996345776 903675244
1 552797986 793453631 772274653 615825810
1 805529722 813104989 751811610 638704622
0 852684167 872782180 761629739 645180532
0 696662179 979770817 748271602 587901975
1 894277105 832709780 894125178 699785620
1 750573553 981320061 950240284 960385789
0 770270234 814370210 740835863 658955681
1 550538761 835925746 717411712 980212576
0 571587405 873054197 940187490 706612067
1 657526833 818570251 913615411 676041450
0 947762404 841076909 709429384 929357594
0 742861700 972545787 711400159 730097936
0 840139427 930858680 947971098 916000698
0 592934010 745360312 907389080 730121991
1 854930986 819588958 746402168 743345063
1 685861643 835361760 795675676 707755848
0 628048160 753825802 762579114 590525085
0 568917629 895502385 873619430 987863372
1 874305375 919529467 836004242 689388154
1 562971852 858658405 822167693 909594128
1 648569992 831332211 801646520 891784895
0 885205366 826980814 754676162 944168931
0 938165107 766005966 830234231 838989585
0 979741832 798211575 812285463 814528797
0 998599625 991802861 707921840 694529728
1 891499980 798562716 803172671 646085395
0 570061342 737438491 937742933 913417141
1 734530129 762954148 744317140 950266335
1 683399271 973417849 756748146 802982813
0 846248222 847346596 971742397 764035946
0 651396281 843346926 900006157 692739572
0 621095893 887968149 986731302 654189791
1 875669781 896424354 984241171 742074431
0 645997508 762813433 974408435 804710783
1 985384952 778607179 796779097 790301685
0 946017726 730718747 830536321 941509722
1 591423974 901480655 754829280 890371876
1 939252344 849026870 844169433 907789816
1 797373038 863327260 713745803 635335730
1 575305790 903478672 834241668 573873973
1 869102494 773425389 913075345 789225885
1 970182313 779203110 729116240 596595612
1 792189316 942444487 802249801 890098029
1 682207269 933261090 844526670 800035543
1 612970717 944958028 843658072 576030157
1 599249092 811475098 966289389 797806878
0 708757252 781082421 907034934 937925688
1 595947119 749588195 726143675 818370177
1 820882531 739459613 914355663 669910560
1 720213814 924655919 976527010 607624769
1 814345987 817568221 921349029 996317691
0 960860222 970048419 956597231 767226077
0 690875982 749120594 755348523 691253281
0 745275563 740697933 716308163 621407946
0 628373185 736417598 822952404 833567706
0 805100879 933379548 835574987 993923211
1 787343159 860827582 880586189 866369857
1 613947465 946831113 772091925 599331565
1 875056839 903097792 805806881 741459305
0 730975893 898276725 998954056 988463751
1 633794469 791241817 903632464 928820422
1 705941663 937688859 928292322 713684969
0 614186975 757200564 958616459 981622454
0 624053704 732124145 994451701 861490106
1 811548594 895715749 975979350 579715229
0 801334680 999279337 744514658 884110315
0 567705262 793528415 911941532 908977802
0 701021476 794325413 704784316 951631025
1 845511246 889849068 951048005 740311396
0 985283843 947502091 905340209 918226935
0 736285014 940728684 850465957 818128253
0 705330167 865084261 861675502 972465160
1 852103751 797246319 880479077 818399060
0 558496105 874768141 861771667 696329174
0 691246305 888863463 712894165 995597541
0 666497800 809941175 936710219 818073848
0 805045998 738741600 785058666 739290116
1 821514287 778516280 997415667 596084533
0 973558841 975233626 833218514 678344051
1 712368577 997465070 926359249 778986550
0 863037263 903438961 775962839 950091009
0 878864473 913382160 773417543 715073377
1 639011795 764665531 965046016 831391997
0 764685737 943180296 745678212 697740150
0 607512146 948874827 850123930 930474016
0 968325961 865749175 749668585 863345633
0 743868987 783950316 802809630 719052325
0 717136237 938605161 729600632 785818396
1 684632726 970731489 939555973 778080931
1 832425775 844545873 996963216 958068071
1 741771211 852191330 735220926 851330757
0 804107017 799909590 944578120 817587798
0 700360947 949935938 737952395 972372420
0 851285756 914271470 796400859 969995679
0 826656887 907766831 827355784 686968665
0 609678730 976536203 827314069 839368812
1 563053294 761073858 935409311 823334844
1 839795599 779944636 894212619 764287054
0 659291378 738655593 897236507 940702621
0 842632645 885685062 957280662 601719335
0 887788483 934474857 884789439 742770949
0 910230420 878161114 742182719 681408800
0 756935531 989661616 734541691 786704396
0 725489181 888915089 783639006 985865903
0 752790022 760616138 914628858 861342377
1 845319398 843049374 761953563 794944328
0 832190372 767958051 775941699 907609498
1 749037337 945323307 997326254 717910749
0 665658750 807523950 851118912 811010177
0 822899456 741775448 896784254 590534975
0 862070983 781078740 806066771 750841394
1 854481765 921659440 821533418 716448230
1 717810085 984709247 809481196 641376375
0 868212837 885920893 979892101 888456224
1 774759713 943005688 859861287 574531409
1 821564494 804240077 966386622 942128661
1 783108720 813875045 835476400 713151240
0 702305713 809403437 807448610 615116146
1 816382990 953854808 899928743 627463917
1 976591181 806781893 890443735 709619361
0 861570869 958206196 911888718 803570687
1 626052002 910399276 924927138 764690392
0 687908307 921679866 967516213 577013415
0 999736202 921575774 798737797 816139997
0 810561454 891923092 976750542 782142408
1 856004233 773280101 821279027 952886140
0 609090324 942823328 729189293 804048150
0 605211598 932586389 756686074 720102046
0 896251338 732039200 911870060 933131489
1 951797199 795607266 764795645 914882841
1 783858399 893562616 972874526 740527357
0 823515420 875564550 916972977 619595548
0 563618141 970679416 992511430 903451468
1 946011395 763690006 992363069 904429254
0 830392311 978736074 998136288 708961077
0 734031233 939613036 821136775 822375045
0 689935356 901655183 908155481 623694079
1 841889936 854634435 786722835 993908548
1 857833283 971920302 992560087 790057116
0 689970701 878871295 840159001 914420305
0 791878047 939751189 725026203 627439915
1 725361606 972680756 977620845 801028592
0 823078752 923534875 739474844 629806052
0 696436388 831884977 969227247 642384985
1 747829099 749529189 729168112 702379282
0 948496585 979831029 728816845 962637962
1 808635737 919129689 796331745 824947194
1 891824543 946403528 735601599 641021512
0 695931244 891308392 726532037 940527442
0 961669037 744129437 885778956 860995071
1 839107440 777119032 973833341 598277275
1 719334599 750838728 782775718 716414253
1 579291808 984129689 967746441 895903531
0 740003701 732642723 811026277 731743760
1 560664251 958639670 746491409 932999750
0 981542913 810557998 864168715 868297443
0 806299690 895915080 806405972 769959568
0 648096049 810133670 815207970 743128505
0 974698948 853030070 733718180 785379188
1 994583015 736089125 925100966 883695099
1 755187550 738208031 759664217 659911459
1 921997515 864852012 845590403 924277779
0 969373636 743681859 770253885 664372283
0 977957985 756419861 956895194 691094389
1 547913640 814085215 779178104 769479028
0 632004885 949915444 875051926 992635558
1 936564626 843252521 828540062 754725031
1 664616373 988455551 778965605 752282027
1 919120494 835768836 863642311 680777862
0 988330870 898233452 749258776 733858536
0 612710143 859203925 928884274 699617724
0 807832425 939340938 989310299 653637365
1 554121002 993234173 909921124 667626303
1 958319796 736183139 861138325 640888504
0 956703820 904189232 773937123 585390826
1 681827050 842557762 939490135 915580623
1 593149409 866247789 854367004 877891967
1 991929687 729186952 787678021 752611264
0 699544138 933054679 710941674 700285012
0 558016349 819405187 730826026 859402591
1 926005987 990626365 715184376 995048372
1 979818905 883564609 959459622 786671451
0 939662088 743789782 976730403 964576669
1 606560706 800665954 765498483 810690016
0 639745226 962502287 777626546 677317245
0 777249999 771347453 871390924 793988728
0 624095666 818913872 769909001 863669182
0 743075657 985079261 732554311 983473880
1 958915973 991173868 923367710 846526246
1 586970342 820261731 849251599 638854937
1 946548856 905309825 955523296 579423270
0 953224893 938918214 761275041 700154074
1 940405869 785898376 915327621 801228942
0 972319536 748682136 792629792 666851152
0 804446092 877598117 860052687 975876545
0 656089584 890672659 992724168 846496925
1 754786696 978305241 975351454 618333030
1 926047162 924470734 844293805 816615854
1 858301845 895716262 924538569 824926930
0 798449321 786366793 929635153 725888740
1 768203100 769045683 780222043 670605571
0 903868957 822342527 865948648 837611331
0 986590338 851735825 807630074 854533505
0 760809574 866423477 807125971 952038335
1 824634550 768215854 815839434 817738423
1 696253765 860414558 868115375 789537787
0 805596922 819532073 996980270 878114589
1 574204284 737332425 796673457 641217429
1 795066896 928717302 904705484 866818725
0 708406914 820538718 802508867 632294541
1 973459438 951297011 997405184 793478347
1 595738545 856799141 854151061 700969472
0 918218285 827406699 997975527 960844452
1 726492283 824065329 828852288 814020490
0 896255544 883325353 705332673 999790789
0 657255941 879812124 829325675 691504562
0 742548774 895924039 782084506 826857676
0 614066579 841866074 942074467 667036638
0 949663845 985512560 812270607 863231312
1 991382158 886409147 969735850 687854160
0 548342670 876996763 860484845 626900938
1 696800417 778844115 874989403 978780532
0 845135609 745759033 734595764 737600335
0 624947992 948242469 841491345 913429326
0 782840326 855587425 997064051 636473654
1 929102901 884558616 727690456 783164325
0 880810440 996449987 967521353 966130009
0 607877818 955945937 723133720 615102236
0 578561696 798926891 801723012 920648288
1 817709206 737205338 900386978 602185585
1 792402623 783291047 976575155 828720703
0 566848844 975306754 812785351 986409236
1 963509597 755561523 760559905 648381617
1 662026039 740624822 718998471 750673789
1 556418888 799107771 970363307 919333663
0 866394479 954440646 801765256 623896585
0 548956639 965367897 962852441 711205085
0 801200613 833063691 911329462 776526890
0 795132163 904274192 757863015 766565794
1 684043097 785080744 798239520 903317357
0 786023677 902643465 821195574 863912912
0 944853783 732017456 888239086 800865513
1 805671631 792199852 819842351 764677187
0 627779265 789757975 847301003 667308665
1 570253496 764229786 918731157 826374513
1 722982822 907702067 749229592 935129873
1 868533258 980805961 723203650 980128262
1 961217304 973624020 785608613 684082720
0 813286030 909604192 846051116 688232420
0 607879415 921486218 844602271 571425320
1 826389674 990050484 886643544 588893483
1 738394175 736677432 923490523 941309091
0 870202909 849852154 894092496 916726738
0 592237233 967972070 858929886 653473874
1 607096290 746045511 999281179 642805024
1 878676774 780643243 856157489 848532640
0 730568838 886568780 928851557 573536728
1 636759918 823867428 709894277 771341241
1 813368795 809357895 872051493 899478474
0 657648411 991090318 893631720 882642686
0 983424008 780272335 828370734 781055860
1 930522457 913393066 750720795 972008219
0 614562294 767726110 926796665 896422756
1 541350393 841039875 778193931 600826643
0 779448377 959907308 960787071 958307556
1 677262313 754056336 871403582 735111983
0 703163049 971482418 761240135 821837939
1 787034754 918338463 796550455 790453034
1 947840319 896367525 721776804 693462560
0 747592517 864833580 876440628 863913248
1 911297002 981491524 739395651 633180192
0 982679292 766825359 823160955 854651389
0 942401290 845522532 758718340 976299472
0 716526656 732612372 756284248 988639708
1 950608178 853105179 938747123 952718189
1 897859469 881764863 827329186 693459857
1 903552663 900983178 715741333 832789028
1 948978986 843698161 974513781 663044974
0 605365936 803129590 995167785 630344361
0 764183346 798678132 796954222 705475669
1 795876535 769184633 750236216 632594366
0 841303709 935427406 807639040 786925185
1 691420177 934122254 917129786 710986191
0 592609215 863426380 899839741 976680358
1 546968861 989454074 800004241 874592844
0 986967434 937129613 817424831 820570560
0 966494722 960904145 937942916 583646231
0 592077694 834662089 727154709 745899170
0 573878112 877853985 883382642 769747819
1 620486734 910538770 859034754 777387452
0 886542782 881418272 839546084 757890681
1 627379797 745180730 742279039 967638768
1 592287800 822159204 872138985 980045485
0 776606479 795399254 887788963 818247420
0 616130114 967012778 952161457 966255756
0 967415360 942766866 943481479 734978049
1 586353811 960298839 755501479 731598880
0 930075084 746992381 765639167 684552472
0 576346152 827546006 702273841 717993483
1 659240172 819270639 820388768 980408035
1 667525046 833210802 927934366 974162269
1 672423359 998736096 914127646 771141989
1 775116908 861741278 746069097 937215772
0 664804308 828403788 703577991 666400501
0 561589443 915487673 865455284 628960625
0 794500530 745858380 822591098 866337775
1 645590505 740891614 851158109 722809416
1 791625132 781142039 799737651 630626960
1 619613570 935497148 922707636 746131932
0 900973444 969681698 852009464 837953208
0 622655217 787860561 787798810 760701740
0 602042393 835795268 918125934 768160585
0 741726109 767717997 998884685 827225233
0 862078034 940521845 736290551 888537094
1 742269278 906000916 750205102 913220956
1 948368978 755179768 952167445 891696316
0 892652159 794190828 917287295 775128415
0 789301122 979077167 897555017 702250684
0 681765572 799666969 953633647 685064375
1 629765723 796530798 882099188 890220955
0 706149035 828057614 947153650 907735651
1 683927086 817786684 863866328 827423906
0 785702926 749576950 765747513 648575752
0 603303476 977687734 851174329 729892553
0 810341051 838326666 789361900 835712639
1 941455279 864144804 934472267 913532381
0 960185152 881457236 756018636 633207416
1 612770147 777449217 729899217 960978515
0 607470474 784367987 808064762 962001761
0 584976123 985016230 914871139 925080008
0 984291954 891474528 789816813 663423113
1 932242198 818156975 977165055 707915838
0 913115222 886400593 911507087 881414594
1 674945052 797418768 789716486 680416142
1 574409067 976183868 805890277 684260108
1 755898432 934616113 779404146 912793127
1 729183423 930464575 827763418 731867272
0 702792111 864432848 745867366 676002881
1 908588058 917487719 888827187 577140208
0 662545876 777780806 877900017 793085902
1 584876088 781167878 765911364 922122585
0 852231064 945124390 790566352 689227772
0 622002854 950446033 783488175 855704309
1 593093844 869961354 755349112 966356896
1 826916882 829935385 942205451 891649545
0 613305715 873492343 846298930 588948278
1 964865526 781002625 834162228 692978387
1 883404733 914527755 968476936 995510269
0 552670020 796797007 950751721 947864331
1 916846020 791752956 749237010 811061708
0 828627885 824822583 923406346 966260264
1 741216504 904723075 746807769 931820735
0 574129997 931751853 865759477 811201289
1 701576196 939020801 751398343 760205515
1 726720742 729580289 836816938 589495381
0 771181100 761037241 892210648 966660985
1 630919818 783193289 769471465 751628343
1 867716130 960519046 763475125 843196497
1 636381182 862885482 921564610 890177545
0 826435427 769349719 845692123 719501680
1 974694112 917736352 817102572 685270808
1 561707629 813305129 727558456 607356267
1 906276157 787160983 955916582 965352492
1 952745393 914784989 796063362 572225245
0 789591569 864546408 738826149 711462189
1 730020678 804103602 752571625 643260717
1 657363623 981992104 786580511 924738990
1 627506706 783599221 992590873 911828361
0 874862953 874816887 725293307 750086408
1 597722203 961945614 832692478 865047182
1 714097138 844472525 946642536 579759286
0 963734604 919924541 740285719 830099856
0 621026581 883787170 738390591 943239067
1 628204753 901459389 893568337 686847367
0 646884755 925649526 875042027 939126268
1 834189960 947837488 967632655 793776455
0 917445145 756347423 780399113 864660738
0 697495653 836691196 913834514 708044008
0 886062768 928858810 948021506 799500511
1 967751839 970868149 732186134 912571858
1 889778880 845847196 817124177 586942097
1 966672090 806989188 972132267 787228292
0 553004251 776669521 794762642 937109371
1 890695201 831579598 967465254 668755954
0 814079639 870184301 818349379 727553667
1 924375701 858876081 881813700 929024868
1 963583542 761036018 891616636 661301115
0 989495506 913214363 851554731 777697372
1 541245922 793106970 723692553 699097768
0 584611682 912071939 800661280 977835028
0 848390904 997120334 872431609 621226160
0 785701456 875432501 960137607 708676324
1 828397135 915465718 719209620 593674628
1 769177613 774473888 976183742 843952706
1 836352702 992456283 736499246 970025481
0 983857921 824093579 931396743 777177983
1 745236767 836810809 824531797 995689489
1 638161077 839630776 727436863 895005588
0 552595215 878939490 704619777 791370697
1 683083500 794583400 867594168 966401042
0 664483454 904901279 712986737 697556154
0 614418194 869866088 953896156 755058678
0 737270002 765646768 958865223 654380341
0 676059159 846019595 911097362 714629261
1 934452020 760918464 902459661 748456242
0 715276200 819283416 819247448 758099162
1 749845376 944972137 943080869 768939815
0 629301874 994399189 878143959 710090445
0 768162308 982431142 764141326 625243337
0 935889762 832382637 973632328 833637659
1 801711120 754902649 908867759 600846356
0 631461505 968567335 834502420 914797546
