974
0 143293087 978043835 545378368 254497983
0 856162030 962041813 648556178 655583551
0 55610117 962770875 850917448 948478535
0 668130599 433601149 333134446 446053991
0 893728210 635555190 737286737 24135173
0 921358637 767871906 150769492 56570462
0 45383594 753532304 260258786 927118087
1 321130428 551731044 153443405 911158874
0 516430544 617289863 536234713 888970095
0 284322805 774981866 275497029 963003537
0 79874761 999597591 472550031 708524373
0 669039528 164285023 90299338 598602680
0 797313086 374483679 125128506 941178348
0 484843478 415940412 400425236 608151750
0 749702950 989436483 937928595 184232675
0 376584561 595059916 631572549 361524989
1 71146788 904840852 589949112 821960717
1 609618021 163101933 481083377 965867050
0 738511917 641058158 987942994 118950723
0 222246619 468551443 532824543 151887146
0 766663533 535479393 580126970 614047369
0 517984955 705705874 438951441 136856752
1 201341547 983217107 508550872 669168239
0 479368051 242457371 109093889 424205382
0 748757098 681084452 40627853 857993913
0 496513015 525599367 998594093 885041553
0 145133074 341645587 898539602 850642753
0 590165768 914949331 2938325 410810328
0 185808719 874213216 742038369 528058652
0 447705015 750440299 965053699 877717446
0 441097593 131254961 459492243 506061308
0 216586796 545237163 180676811 750552431
0 113324469 950215609 842445642 477664724
0 332789923 313571490 941923796 836954768
0 541576602 136025238 714175376 202182849
0 347731127 514549784 840477974 308913434
0 67401751 235471226 860973696 994716968
0 757149411 615682002 573968100 407641585
0 124237459 397268365 519666148 704270875
1 415761476 436231187 311928877 235631088
0 300764757 178987538 516865055 706009600
0 412053155 907510886 482452478 648196400
0 302918181 52885960 93827917 25790324
0 888241843 881922971 736173898 259786378
0 55847987 555309714 163054248 311492204
0 260691606 682169358 156650221 248226649
0 538505272 647517017 911794733 710106013
0 269378725 677712430 539079662 190745988
0 932855259 888814129 903553150 219425310
0 245924464 799310141 515382276 79390139
0 391207765 61907130 199116042 161976138
0 499223043 442391124 486651995 55856128
1 945825879 283436232 586755690 487909610
0 181096299 134266794 989453975 968119912
0 735282986 203403590 859590926 601599892
0 406685304 734427669 936730137 383635490
1 610655768 433176407 38571032 278598989
0 518753475 456586447 488963968 764596920
0 458812170 51746237 536608391 176186997
0 773099506 117043069 868233842 504988565
0 111542130 799990910 900958360 46871780
0 426436154 957233773 624592283 674610118
0 603744362 982982340 495625576 830668623
1 742158629 559618847 177653493 80807940
0 868466973 340328196 778730205 363854064
1 374876821 868352774 512527946 643096305
0 966780262 433355107 414371271 86241638
0 879750664 262290063 646637046 125675938
1 139551926 473287252 617017409 631990489
1 578566172 45184098 231361521 865208413
0 563316025 829448581 24308829 770706529
1 69904981 766322919 524047116 618671011
0 178734395 804378875 595726591 238335656
0 295448350 456595467 931186299 898120560
0 900555464 870429307 296347401 577979085
0 971056653 443416899 840682899 418639552
0 562435987 556028204 459992248 108209547
0 394170475 253471184 213379539 215861077
1 727151896 28723065 527027533 137875098
0 575968754 950670661 387708200 831355319
0 237329668 314615612 876297455 640265300
0 832757720 565792838 742555756 227321724
1 546362324 613807128 374927567 732940188
1 113723916 858959249 426170416 280260041
0 262169531 339992102 704133005 85328891
0 208175295 886499138 44042170 299414552
0 413510600 562990803 762536922 66907147
0 416785957 203801682 180597328 353020731
0 216020808 695493639 923053917 88948248
0 244545660 56421984 779414199 260982432
0 9120616 826524554 416616922 47531779
0 595371597 548525492 552484086 75664853
0 883947295 381977763 797256337 81744233
0 101414129 626145663 170518623 650419790
0 402487626 994741761 364443108 177805573
1 305569110 639368295 543554511 373480294
1 106122008 847530463 102813499 503194194
0 555936514 139523907 776949812 516459171
0 405531303 636664930 629030699 647258740
0 293628248 96690723 443650383 815761981
0 602466799 553277509 561651669 41022296
0 996929818 48276882 728688826 912586721
0 17455582 729130423 739703180 186187289
0 572418607 184478750 392870700 592908210
1 39585733 943632259 569675194 260552613
0 132785573 501680664 793261052 435240335
1 246875378 66982001 137971715 107316128
0 221073912 476837271 656620771 762623643
0 56538781 990659308 128915370 204730760
1 960228244 687082691 531872261 373777657
0 13192711 593503460 272793908 752502809
0 127453592 319109199 153353266 154805207
0 231553248 836268021 582407754 800063730
0 513094876 824335943 658830696 826604974
0 360373224 337694664 351619555 224205431
0 225338165 922032395 273073052 796929735
1 294202329 934603961 286486690 351235577
1 382756087 721791130 384007097 73192448
1 523277956 571403450 783637372 998746132
0 887654586 684347923 109262569 149613007
0 352917562 298971254 682838173 607540568
0 112990049 871567737 476259858 175392647
1 443304301 798111417 332391564 78251819
1 582037079 358363574 188378018 725144282
0 511074966 442400270 454504844 15175917
1 932814876 586534114 235243407 626853278
0 817649240 734720169 181078341 458681693
0 365183743 318929092 282428313 611600852
0 888311268 963026055 167270052 192551995
0 755488300 677766552 505478098 898636261
0 801817503 745136083 734565374 629876781
0 658155241 69057298 242729311 550104365
0 580151810 200459147 305160571 512672998
0 976129052 607780771 150775168 448954045
0 923452098 539135075 102727089 5301124
0 182732304 934587386 549621453 121441372
0 669518896 73880041 767186575 668938553
0 746385016 734561485 721175745 597615567
1 41764065 722075625 743123068 385322541
0 747194035 76331736 456880508 566020186
0 828916113 938069010 301907391 527069347
0 878724689 28856613 856134084 743872134
0 458428740 700374489 233184288 479360090
0 536360917 452827534 58326348 583653923
0 922199469 781410460 815850191 988841525
0 691986364 577667456 295715129 701000848
0 7329236 527181835 438113925 919428125
0 364271550 771265793 953031905 624884537
0 586519794 808277699 108679145 498738982
0 520422483 964030963 513982677 26241633
0 918613407 178549051 165002292 294854128
0 534682232 642668441 430674977 725230625
0 76171054 938223843 668466199 358611279
1 299409330 865534554 717001681 934621615
0 458521943 73993098 719890651 284684590
0 36217939 131636165 632546999 999886051
0 101501463 150406911 918057418 726252464
0 150810107 767952085 937678188 895205367
0 113640404 9977595 285559757 895026839
1 701817953 367266421 224753299 546860430
0 536437699 280134461 564269398 937789673
0 195395667 902749765 796346212 695080695
0 47871629 215416311 970975871 343328464
0 833562362 309289374 536954472 547156658
0 332331312 848366696 926046067 90080706
0 381796195 450278100 492872833 322813746
0 409027619 440232393 170983693 677938401
0 650069562 741494970 182473773 920240612
1 813447357 394423917 963042238 254635427
0 427096023 790450282 43828491 610261103
0 673962711 100249891 365123763 205075637
0 796678782 882079557 562269085 749960253
0 730388655 326868190 816502070 712287004
0 985824994 762607416 871333710 164880442
0 735708431 634398872 302033491 149202333
0 667733739 925293377 243056311 590623451
1 67549614 762217842 584474815 790087775
0 957043385 635166769 291392029 301300322
0 939706325 751353119 468763893 264902862
0 348992999 733046195 884859966 107068255
0 648090949 744377475 486779810 248257985
0 302272787 842122124 172367693 465531257
1 303953751 760300182 321520707 752606
0 201507230 984135459 789821497 344808558
0 956660325 253468558 656824331 549601853
0 76094384 22456644 771469365 433528151
0 550733160 504690749 60455177 363367243
0 805567102 201944096 938224756 227115056
0 657824226 353493431 441078154 844905968
0 956369103 280407448 277739060 157695896
0 260355070 887260471 869956539 141102836
0 474486203 151834554 99413246 984286932
0 192802548 219555394 275797395 721925278
0 615403957 655557003 107209003 334277657
0 564688818 280755981 825587439 838018205
0 562256844 274473990 228989098 296155402
1 716892600 807863579 327687678 217991212
0 234009389 983341413 790390783 867852671
0 253630019 532308522 462753758 962881648
0 221061868 486576286 900727182 150563975
0 969790893 707834703 441735 857397540
0 642596867 542273840 813742361 233433008
0 122845459 809968735 994170088 657892727
0 644998042 506427678 756174726 887607941
0 316168248 397752209 691407951 557552436
0 476295048 610332987 608716517 275139159
1 32554920 848404321 883741197 88239139
1 517269785 990822312 737895602 45788736
0 74513184 723499190 758421081 569325487
1 761197585 879228059 686727766 351284068
0 565154349 8342342 342723956 553366216
0 277689841 806059873 666730995 834259322
1 277143826 967767609 911750670 121765898
1 620259704 866650021 220180832 823517066
0 496689646 524586252 479989736 22513694
1 934660204 705114866 625502066 269911287
0 872964638 753048248 751518905 372392032
1 386677145 122116214 575181181 510231232
0 898534879 808784658 179505493 419209154
0 371432218 17428232 288299802 406279426
0 748415032 346106997 213810444 316206063
0 356296918 502773611 968029225 103930561
0 415434518 545377181 699534160 933272243
0 135445837 823562452 728921369 434811879
0 465588152 695268309 213741978 766205337
0 824985748 630608809 885591910 396381580
0 224825677 249943381 93198733 441842133
1 164557214 233700491 735029859 548060791
0 973791706 439853540 863124314 423720548
0 941919164 158333846 521615929 776561636
0 457242977 191502789 630903910 762448497
0 865508966 122540007 657724719 811268743
0 778834751 826215632 221195306 226766330
0 486878523 921640286 582805803 373257168
1 972282837 534395358 218096987 811042483
1 70204998 103744676 452468600 988804464
0 493376107 179397226 148484938 732803370
0 655827074 3711343 114121416 920474396
1 872833872 642268276 268380044 18234411
1 322050719 914034436 734412669 405605009
0 270449733 312876712 219586013 37373541
1 399540742 295402237 684241955 458418135
0 325817626 754154688 689849409 971170381
0 417294363 422245964 658732609 372542409
0 726382745 379148325 458960748 770793025
0 702609857 745268863 171064657 324913363
1 323328419 781298908 276954467 753667313
0 699089698 353270084 163291147 922220029
0 378768537 945062560 436895330 76729338
0 48714671 196787248 951166953 337839657
0 72266493 360175690 109565440 923860691
0 109738086 797854907 448393447 826010008
1 30936408 305625465 799384720 50510316
0 708711506 592696975 622247307 777366450
0 64869213 485537390 174066378 328614420
0 602550616 966131713 549118756 201384198
0 249190990 364341303 385177515 599701530
0 133175599 703031519 713959510 533189006
0 643975582 717368079 818119833 207636151
0 395334320 17716588 778727381 712662840
0 69386711 83351812 511225801 651935915
0 707700047 156971944 872122735 155231393
0 575987133 342372570 621907173 367200037
0 529252585 548451027 909373776 635197987
1 551175091 732206383 952268776 28469351
0 739863999 458395444 153024897 91260177
0 746585950 491300831 71092300 849748649
0 917070530 640788502 611234737 310319424
1 697005448 359358889 893536871 654933822
0 381828624 934030354 557308216 135455946
0 167111238 73905170 925463314 755649013
1 94006206 821461908 777737560 648525326
0 114738523 123816329 375349643 805189825
0 32240855 973300119 652604869 408494074
0 159988447 478359499 699895708 920842140
1 624586405 788646578 94214503 432477836
0 51974683 674293384 257065468 621991079
0 923456046 774431320 641455453 36416917
0 859444919 820207686 92325620 40758421
1 138257921 269101147 661909061 556501439
0 975369750 700701574 361809733 564922186
0 805911090 902219954 837816250 55415762
1 7956225 302565412 44283720 975074494
0 867656354 710220667 523055645 368655922
0 74456962 917243651 472603735 958691879
0 759658371 136002 686904984 17092779
0 931279122 164075497 508764267 203244887
0 758203930 389591427 866156896 136090737
0 780776182 742678950 506878470 805320290
0 65221575 419325805 731675705 527310433
0 388190949 761033852 381434451 973153155
0 39711042 514287336 317393215 145108365
0 987431406 724740282 566864779 186358591
0 998904870 854604761 551459810 703084535
0 245740952 480279977 687514009 634371787
1 308103347 364248484 734122033 452872091
0 662103370 859604140 220399360 724289706
0 670605263 236269810 109129820 755224498
1 524848621 307557026 464814076 757914010
0 895045454 477104564 345356915 621356597
0 287661519 26316174 466394087 740682672
0 941390450 541795174 465420916 548273567
0 126824650 549679226 101717726 707700673
0 40673461 870718360 57436291 55468791
0 891209892 606033303 92909988 867299076
0 650837701 573025961 80539515 936611853
0 676943801 430413481 139737541 364730101
0 643779023 557362902 137797029 470930947
0 512862679 439186849 643224062 100581755
0 917712640 915062642 579594694 48098318
1 191164264 674396555 901516508 988617036
1 989561160 547311222 891564126 985409662
0 454983382 795323306 906761122 526140560
1 161306464 890131516 841819951 888838651
1 160517674 858868448 16450927 608787396
1 856599054 792185223 855059707 923274000
0 778413814 864179539 311074976 335942369
1 97590439 667238342 776465810 822790125
0 523074677 922885710 626263154 946185916
1 602130389 691651481 600367115 386113640
0 189744112 705496676 112745196 433187504
0 588449946 466946964 753846097 905744453
0 135297378 808834010 491858683 853700217
0 964635540 916788546 902641377 409214390
0 729620575 309677894 311506654 898066530
1 543857282 851452011 433598929 637110308
1 203192625 753143411 175883972 982803875
0 201777158 981989530 999009811 262719279
0 714288195 529752967 194338738 333205764
1 236101548 397170905 918521339 752245747
1 81959362 574561383 757200554 183232453
1 155064362 624849342 111633918 836948621
0 190929280 30869594 34819081 471234241
1 97073129 579187115 933237435 346928093
0 816591132 353946092 742443312 530836432
0 678051780 172902736 545629503 275599244
0 883563616 972885268 107567207 480223085
0 936352783 89859188 197479812 197789264
0 748760041 839515033 612215549 466631832
0 268805082 276478197 965974331 695435374
0 377132045 434066864 625953715 269895933
0 891770485 844133901 55855307 54314624
0 532483064 457953002 855207257 175693654
0 273185591 57806294 451120280 285593720
0 146136344 812013900 625381305 136550413
0 375271803 3221263 904703624 176770276
0 722955451 407415999 912892084 568582180
0 785684203 160814880 972011458 235797107
1 548441077 967179946 874152363 647221337
0 380396032 736812123 757818552 498531255
1 834248135 251863005 172745504 848612996
1 624686792 349277316 827666279 850745644
0 159282556 412655280 521143452 962678596
0 622821354 723275667 643570141 184943992
0 858015062 980282219 532706514 278014938
1 279527399 169857719 407144187 767077876
0 723188074 72199400 328580100 698386004
0 54671522 1273246 953899388 556647274
0 555163848 263728503 699025061 201976813
1 443590434 618982387 836371765 130474784
0 567283422 357807105 730143807 646898099
0 842319765 92930344 782945438 90323477
1 407427357 362372463 622272662 415892842
1 916057495 185470580 297784464 725160586
0 866353372 136344140 782246670 279343280
0 415610548 783650591 551121488 67059651
0 27708285 519369896 505376841 517719649
0 342359339 57284861 837131211 929936910
0 249175757 2704960 318303252 651933756
0 125549812 806068535 20863523 741914884
0 29824944 540005083 742680451 215345350
0 61512452 202225488 625671786 591594510
0 948915965 647892214 11727193 449824622
0 32720591 524754535 856629420 153655083
0 233517734 45938851 436105902 495480561
0 29608462 252180665 269652786 524005871
0 963510556 342508717 351793611 712752639
0 997705410 892920682 541219845 202576590
1 870558961 543715328 270594392 372510238
0 709540216 382232196 564590768 520587418
1 630979262 205915463 433267640 741734095
0 799535565 702495039 907053130 336808521
0 682920262 829298390 728996020 261130478
0 815915828 340854402 585184691 77709564
1 580387291 798591179 282486614 286155870
0 947727350 295550890 961972253 683841596
1 714506496 603593583 378904599 210036197
0 827423354 643115913 58674126 157965958
0 618988367 527557601 539830588 212322643
0 771022022 897860528 3854115 537543177
1 388090013 12200693 155627900 486724586
0 287535173 649770481 294382551 984026029
1 211267931 157931609 76754662 735704825
0 580670410 753374751 230464645 677252183
0 856938559 605809657 325483009 913534665
0 586500052 608024599 53205099 258155
0 281556002 782121380 922229044 394283453
0 397162259 984513540 574602096 90214802
1 229983275 913260783 393109608 719994804
0 237497643 701754589 397527655 443928252
0 628683309 145644377 609144043 35346353
0 674112439 941114674 657722261 760186472
0 464299341 402722991 388131735 717102014
1 477799312 223240744 245010288 446583074
0 85819624 332607922 605998387 931673356
0 794060878 968803522 24876457 611229261
0 339523507 315675894 643710232 40728671
1 7391246 425456993 985374317 653535010
0 173362979 820843532 733100055 242592424
0 787081077 754635149 221458406 834329080
0 594143502 906875107 862839705 528770035
1 955676149 806001653 853770247 461854149
0 299647889 127227243 66962696 328350851
1 276324430 841840308 783319689 16631780
0 455433524 294420346 691844462 314136635
0 447416152 638191573 205689136 94975000
0 479761740 978512627 707890010 664973374
1 641750270 840707097 232887378 5137104
0 131462816 12669988 382713098 45581530
0 291396493 732586999 267782041 608978860
0 915115087 773232 69955270 585166241
0 963511086 582070499 72869639 712314431
0 312729328 962194733 760812425 326104536
0 419933617 134973139 718242362 677617942
0 654342139 445081807 777123815 564537109
0 533773451 553579518 735430129 185547001
0 920959846 163334213 313614122 611070499
0 336697121 691690214 681042894 403825264
0 605831571 831908515 56668861 889259560
0 519593799 417828504 623635549 985458056
0 806478696 846063360 629258189 789641738
0 465946626 168817458 733547348 781218774
0 560017599 540140705 411086637 47490061
0 877645461 128008870 302266396 399333052
0 304566529 685022038 634235769 788372928
0 251059131 148186044 232020111 976583659
0 501211149 38029860 46338942 692129305
1 824945456 436739421 764041219 592335400
0 314719581 457321507 380646105 840314847
0 915300214 901004813 920520839 973854801
0 47479147 533862313 275868893 387792456
0 761782741 849977785 633339500 72302754
0 104531281 714695080 615568313 792055778
0 58764450 202633138 353923590 284980276
1 769245359 931912020 730933722 773993909
0 72800196 966964473 609775539 293580999
1 981493712 443558408 841059214 185059497
0 532131699 868468412 829749788 706599104
0 437616143 923337066 571050217 962992421
0 864704835 783670048 25552059 141783924
0 580172407 383249356 851471340 823573753
0 495288673 502787137 287037596 377858982
0 435914409 903900373 272412386 661503357
0 398491675 110276470 458448743 759308366
0 14897154 488948832 130720525 792407546
0 540417957 646599897 521845917 608335260
1 908353276 81387939 804328834 877267527
0 34528793 537334534 145646880 807677499
1 916521684 667441300 202691665 730064823
1 569527231 154116385 484016377 244148954
0 784743277 458193799 155000296 340461618
0 874197902 737476894 226099029 598192615
0 674222964 133593371 543673016 788078497
0 642062835 541625404 361235665 94847389
0 98533060 839856215 123940120 872961423
0 105205200 287686609 882150391 23116352
0 488532746 386810127 193990506 873500428
0 117907398 564612685 154286599 480893095
0 835429036 926014604 318013051 332286677
0 830762935 399682680 308833273 930773755
1 959540198 54867051 57151535 604259761
0 415611014 918366462 102045634 497993661
0 259198006 606117829 503820381 730339101
0 253832736 597849645 720048598 177989901
0 245182970 91154064 692448760 767594027
0 716630976 359796220 224981230 302685736
0 577053782 683517764 492262510 825203366
0 767466094 962187342 554497034 263224114
0 986308443 821309121 44820820 943476858
0 731864008 740848504 978778297 855732021
0 645728357 134628463 391640130 899060050
0 152792836 78891776 393133976 819077737
0 624343236 805276326 842905339 671982723
0 585444916 59454119 387901719 913805493
0 398807709 240475472 745305553 917464360
0 735993804 16141226 738201731 656706677
0 743822866 130824909 967587399 691856525
0 848012897 507949123 298101567 937582461
0 485708448 965335318 832096759 779506896
1 99030707 23526773 633464405 665738846
0 840175305 409697060 30738870 338334661
0 618369517 773135113 996201005 201951719
1 338271730 46283922 547545845 410184730
0 413057578 464690131 152176283 822306542
0 768734349 284916609 626972010 162195643
0 963644731 403176505 906415902 501689424
0 379277434 720043707 176302830 542424695
0 225368487 167124725 490223974 272255797
0 414942634 214600730 124839336 622441443
0 413128178 722544153 653240854 924613528
0 729383173 705308970 101733483 196541310
0 452677666 934157907 943624139 617255686
0 421008270 262033421 984327517 574187029
0 181297022 803112562 495321181 637353893
0 402685379 333966495 84148440 105346921
0 846634648 211152681 458036324 467744631
0 217872201 211016153 37327508 309703950
0 105983374 654433553 660737277 565744608
0 6939336 539733882 225546501 531279253
0 304843404 135158516 324434382 309985637
0 277884436 137239011 926650625 457994733
0 735102100 372789320 533612358 744488374
0 711207564 516592194 386966437 69910278
0 369969793 327724024 290173225 466462702
0 681108423 219086579 973992057 195908534
0 145551432 146447722 170772811 245542680
1 44554348 568233506 901938642 979892448
0 83419265 732338621 704643739 723964660
1 142788448 891599540 587538295 66624466
1 473878565 163667794 605663331 89455355
0 819366183 285271911 291082631 262635247
0 576565401 60724622 347112909 85823905
0 300515715 65488439 770234265 644709005
0 907816939 631522013 548945832 479292889
0 155950945 81772035 598298661 906291744
0 189764954 359511289 753881196 507618014
0 175719157 15321200 576036385 157569431
0 524238363 444169579 847805563 718587951
0 379332131 744269325 278965487 872800518
0 329662554 27820625 412243113 875194330
0 119103264 289760440 747361398 89190532
1 379310206 992930658 359956734 321448701
0 705348953 725180479 69584269 547837526
0 348747441 894790447 417972154 557172873
0 754147987 607884105 886737568 873338700
0 939041951 399413419 574984856 738494025
0 467905619 530826359 110848653 46895979
0 747769725 422106349 554296919 101640226
0 109796223 783087045 503600591 20392651
1 482562636 903272243 55998069 415173532
0 746042436 411035190 516011485 310522562
1 362585694 748472106 567446845 975562144
0 707141178 952566704 486531284 696621890
1 31980057 153834347 357261828 642282115
1 918525126 494216484 911133011 541911679
0 73895930 354946121 86427054 113403459
0 459332032 823415025 744443045 952143060
0 824586716 397355721 346856823 896945423
1 633278037 861789066 600735525 1794791
1 479946362 314154993 971886064 858182668
0 789318701 432794709 47357662 696852490
1 761297714 729680453 589350470 102382166
1 115487951 113072342 198583409 160492772
0 258938379 732638094 201506762 399065156
0 360594756 38833676 553752635 949112912
0 820928505 142104797 833777580 195854575
1 304673786 641497115 76093366 969443460
0 458547551 266205903 592904458 438116853
0 10598123 243783210 884251936 70768758
0 643518676 901533713 641578281 847340922
1 33865726 241060494 435180377 929605498
0 887767593 438206502 317880833 163277935
1 63262637 135773479 252425233 417708847
1 396029867 15454311 337617662 822420246
0 969701863 835838986 302685730 654930332
0 122285477 764303179 316339204 594714053
0 267995959 413461088 571043897 998802325
0 426393128 875018216 64222388 68253161
1 315593252 901942157 890883516 226337635
0 360976141 936078777 927894509 281153869
0 758449371 744084628 587076583 326721955
0 161233978 761093281 679312277 707820444
0 243488011 797069753 506891064 218052718
0 145846821 901982000 570811545 234390564
0 276261392 381289063 587347213 169355962
0 715110038 694996260 831795505 55406044
0 868472147 75680596 566985610 474447359
0 686954928 896491057 559182696 247599528
0 5037807 970909922 611916224 462451741
0 560732465 784157444 931609051 500165850
0 171133080 151765448 136404491 823279484
0 320063480 60661893 356650176 482154492
1 238827704 395550705 516517563 92567412
1 67813831 668760412 842194730 65736652
0 562815450 442512291 971682549 859305199
1 563167050 927252407 370180746 854762119
0 480988235 132905188 793545691 790596429
0 11191896 888483657 851269241 827672426
0 378498558 240341784 600204778 438072711
0 473289335 572708245 846414515 208664693
1 334184112 65712366 596644 746034070
0 932829605 15033451 86047078 709839986
0 223532620 450532989 277530222 366662165
0 937364309 323373235 243249069 981556533
0 933013391 867350953 259521722 722166309
0 531114935 243461992 153081942 553918500
1 414834927 462485195 777530472 153526672
0 743134524 230253287 272039147 439959289
1 161441720 766722961 398824041 555365680
1 465519193 373478506 289593072 66110150
0 217614712 443870241 311863461 582695313
0 540834698 844747726 729322344 694235961
0 779796381 136897668 15121695 510592469
0 237261721 595343772 165831838 358008865
0 142017372 930683458 791995221 658335448
0 479009823 849283398 563223585 385277232
0 18970579 937150536 855909356 512981139
1 200312907 22780336 33364239 610681858
0 135192689 616783122 788993164 811697605
1 146628066 690592754 92552854 524962909
1 744712597 890690309 660174857 733324239
1 809803398 272869980 429138104 626905786
0 519922549 517636892 820149954 631429855
0 986210618 308226489 218611533 971152132
0 430128961 818015175 538626894 929422417
0 51243556 564629720 980670798 563363743
1 601412743 588000271 320228692 389054801
0 882435733 734172743 645558863 427448491
0 381790936 478749437 701531321 488859588
0 498465606 895399009 154875981 968297865
0 987386284 636740924 196525825 825000296
0 657453284 31931275 829462954 738944157
0 428098178 201153277 281126638 944188729
0 718068943 933103290 670397300 348634453
0 891145547 761396250 114348653 124659990
0 58848285 157005879 681874413 509474922
0 396926216 932436094 694784178 612583332
1 284446948 209881254 620342087 555169382
0 586699441 314482883 812268193 229063794
0 482054072 635507780 312853679 113606245
1 593853529 993407772 700022639 856816734
0 158978418 150245999 316202892 828245279
0 30947470 819862644 667995017 101126710
0 223493939 995578731 926583048 642198565
1 773302277 24995799 814272948 365500833
0 351266984 314053730 855291854 543544682
1 386920311 623964689 436933749 236909632
0 675370126 284068268 513339925 247919364
0 773249989 189580180 824720306 248203536
0 118448504 744588113 768025053 670369076
1 655363170 66231966 790386329 186811409
0 707117776 765990859 509501305 493152419
0 250830833 444661147 514012096 464188460
0 814347291 911854351 404080716 759775470
0 638383916 725351367 900927884 380944721
0 704972928 506938830 526864343 369271652
0 440139784 941709335 144643799 837531871
1 862298250 398009080 235877106 659457038
0 245635350 297379929 600206797 489244233
0 813533740 321943425 1686873 489279215
1 825396524 536928409 773750550 567666677
0 496448261 493552742 15824234 568077708
0 741243716 805121735 594929465 893023335
0 408240358 693036786 780105772 810002606
0 845127331 486669462 838033471 893544862
0 740352144 137820477 369017235 667581541
0 267689277 646966182 166554006 794966206
0 529026241 120180469 397894913 350036560
0 963824727 405867492 458394168 184145902
1 842751345 133911648 465037328 737408540
0 445982062 465432625 455131916 181820547
0 321450328 40360864 200622990 479062089
0 472168279 679285569 17078156 36725086
0 344922036 43520569 552307912 869999924
0 398772647 583382725 709580967 758317457
0 46232136 590880464 383293707 645071953
1 318473300 475242188 295272936 356484936
0 955248039 357052725 873299815 592035767
0 232538524 407130982 718929110 518104294
1 848516530 602379939 357351606 544433633
1 167057445 835719306 728445086 54418542
1 459149406 527163974 816673244 684626354
0 400288613 436611641 852577775 46968100
0 99822266 932599292 295239247 201516217
0 500291139 394816226 692860709 927518579
0 880895536 847819103 775965913 60301238
0 484205566 991482888 959763113 779725073
0 887767562 743255811 625393820 577602909
0 703497038 49526561 373140886 475967328
0 378763064 520168956 615688279 442119513
0 248318408 71715009 973064352 793658391
0 847079503 941277602 828858854 422165395
0 9681286 365508599 141031729 290346017
0 753880021 10585495 365955087 814314419
0 733522694 25835511 738132180 496851141
0 975444667 969510921 797899387 187717862
0 984745810 364214777 300716758 323177222
1 550277418 656250932 475611649 631417826
0 725658209 592140127 343203370 658343243
0 997850498 175188778 532098858 432453926
1 762000829 147474973 493014925 733260611
0 735415199 146270422 419232497 545962886
1 921680229 47280981 199463914 854955010
1 439027805 362091837 810000330 936947942
0 276258036 909318720 790747390 563263599
1 77285726 920378375 454840037 680734533
0 434554625 734864725 261985855 746272738
0 283693834 785972798 240796083 963495421
1 471841481 597945763 644340218 257299209
1 186610902 992697940 375924648 842223432
0 71293451 645440130 671697082 91898635
1 207142857 678868074 611633219 845212166
0 640818483 426267498 789394160 498226414
0 838690620 666038991 541219147 167665084
0 865117114 774287906 270794448 533447997
0 499765217 439993542 196042074 499497695
0 740863180 29392156 840266872 906182628
0 90760965 535249804 451960990 95024979
0 497559082 690763295 251614295 993937503
0 437772825 267164056 579445214 120283438
1 367740241 82572582 424187852 781365779
0 638858862 519533092 844242875 323790272
0 399644892 627285896 527379981 752410363
1 555175743 872285420 6450232 300705495
0 29590566 286952280 82067274 393234567
0 161472500 620834869 772200060 546515006
0 291167027 78137102 165534225 738084032
0 497314981 747290896 818547925 200012167
0 732788431 772538726 424101107 520297903
0 292055260 170872799 462922496 886827530
0 49371895 330402183 359328360 844789503
0 80800414 842889496 558839463 685221677
0 745683832 234941800 171292911 846904801
0 18481068 210433096 76343850 229455076
0 526436054 799205487 266700665 475001135
0 218998022 863098203 443941794 506455163
0 44583791 574337626 455995399 480150996
1 400061104 324476441 837536802 821038483
0 177430750 519213666 430904465 317675882
1 747356087 64071155 11324735 283907945
0 112699812 378424477 999201322 954521380
0 280920182 743257088 415852754 400140894
0 130159365 397285283 169934944 641669357
0 261874965 404428609 251120892 730799027
1 3499823 743021684 549701864 687519953
0 544575570 570002732 59611241 235217811
0 175102369 60022425 133397371 92961948
0 555909251 243020904 486947545 417000790
0 102450122 436196488 498109434 139384256
1 256094939 585481172 29794780 922579971
1 504622064 549881932 589590744 828533115
0 40906988 110340045 981666268 207025943
0 96836691 407367781 839460280 373544249
1 307123820 890605488 219471712 300382084
0 214990994 690830060 114602580 446420790
0 842948411 502131613 37509262 118355708
0 305586508 696333051 794687393 456371559
0 369382820 55894654 424613618 511352686
0 567284746 779965003 912566576 561889946
1 142744802 18674247 367392125 379456208
0 798356827 91312413 705990871 702799323
0 374046182 559028351 46419663 11722015
0 812857152 704520798 296355984 110428186
1 50679895 166572798 517715896 983956131
0 470355914 876641285 438719136 9608714
0 579145178 853460727 749696508 341597815
1 860403713 578842047 772134395 279357515
1 32204691 169330232 38616918 556001096
0 116096264 21772750 433331430 363171274
0 529507306 539847856 547847359 87104604
0 236508030 647814702 641936862 179005032
0 882052241 669648433 864601071 515824342
0 44197158 787853817 850835128 295342041
1 350413510 349011575 296049955 340601144
1 575076553 265645835 189778953 646174414
0 819089877 721274729 881151265 308098856
0 859140698 548823017 642190023 788498518
0 301455841 41605022 221408121 643956598
0 905936731 714585054 353992240 108929
0 453101794 495481634 748935436 957214301
0 760009087 721708902 184824298 719783750
0 665949169 451582073 847481554 405825032
0 660883857 315234512 427114091 382602918
0 791825603 47479267 702516439 590169432
0 248001684 387498270 795321242 848409872
1 795619698 859903713 468232581 941677796
1 770389290 36410159 59148214 149106439
0 484508803 258087928 986909993 997030976
0 915073337 392589599 500377719 617361153
0 452002084 610141364 821906863 676993410
0 251312075 50759662 257282162 7499410
0 448126389 813588975 549119664 901284098
0 227850549 307919199 540132545 510795210
0 6743689 110914130 118449582 227305312
0 595936635 674864162 69138658 268214490
0 145575661 735458076 681545885 249596874
0 324209394 119884340 677473503 216462845
1 102224488 17331490 503419557 871199358
0 586940711 909663622 493278639 712622484
0 454934084 519809046 567770406 344358798
0 541018111 232169180 778482140 213428371
0 41500493 189785611 140825852 648609250
0 161899807 111096056 104672869 21342492
0 509669848 387359544 931615747 226360451
1 400831885 825444343 497937893 86603624
0 350535686 77035003 331363549 357914134
0 1329047 612020986 993327604 491602158
0 338992201 931886881 681229554 912479909
1 749848307 940995080 667291852 761715133
0 812260903 914383460 622514360 881238437
0 999600423 933534770 449242927 880720941
1 881517374 930218292 193865268 197072948
1 735226923 221144567 611321480 969087158
1 347844231 394032058 84878271 448044449
1 864768844 841281514 1838416 420310047
0 790411742 349136409 241154829 531690545
0 319385170 700969873 789398963 673474010
0 175142849 424281078 892780651 550432800
0 508484836 625329808 965519474 411725998
1 599550807 759618618 15465031 121320678
0 527313963 457537543 43215370 136998294
0 292220596 955847446 569066741 734204090
0 252682934 595848759 317203990 640076009
1 333898587 58561095 550588592 241060443
0 65460381 250522731 178244849 35375546
1 144178436 652942234 663689182 675973389
0 236468712 208717589 166863263 940723585
1 194377374 497309106 256858007 880739553
0 787955505 589912118 587457517 364966906
0 288176534 928966921 240580712 293222202
0 461019783 956499971 144702678 403277132
1 560027993 74003252 176836435 411156363
0 975500437 583510469 863697191 510269038
1 294485784 396153962 498797850 467383909
0 933254147 60381952 692867174 748685254
0 615644106 755751238 465580476 508305584
0 483199259 67975383 984375280 162242066
0 239898743 234560715 737891903 628105528
0 8894383 418424750 254419040 799640971
1 623921842 813030569 847734960 357635179
0 325019450 676162321 363436855 23695687
0 809428326 44423102 932959336 168372320
1 18860869 118404051 316684985 758865118
0 604185045 977995487 661308048 910756635
0 997682188 32104570 603441173 750814288
1 132899550 408740311 218335974 545822479
0 490327905 623616986 77655496 139836966
0 273354878 959074991 396902592 649710563
0 576740303 382795775 452806722 936016854
0 72259480 533585711 287661649 27129209
1 219841537 888260944 328367304 773305451
0 451141624 172042405 33655338 839016747
1 267550309 986644464 290860188 662395749
0 350770325 467775972 121635587 510714199
1 264262411 230206823 289447516 590597085
0 152458774 89500559 991782332 756413213
0 384831443 290565249 363055527 380056557
0 101735319 640088215 615853982 434372199
0 616788679 353988982 455718662 79729742
0 836751276 817195777 446866661 358306345
0 766316741 795609674 431584264 104258625
1 954246565 42560748 723537282 128435945
1 404955233 625193334 536880558 755022771
1 881397011 211055058 998872092 397910913
1 345195785 273879752 948475657 165408667
0 47361419 231541773 806246232 565456419
0 696554089 485775495 793601057 88588454
0 863965865 171899037 960703321 204033438
0 261001231 222960346 624443673 188280854
0 1043031 94808360 983014794 744057055
0 152594770 645037417 562222480 828470503
0 725694799 785507393 160762010 609065657
0 870300528 667406148 939229257 702124339
0 213700573 372712428 709169352 335231464
0 945011190 576356099 527158541 654616534
0 851559145 12909153 232426080 254060883
0 178536292 719057711 341971663 460366933
1 863174964 138495248 662483588 800184976
1 751153680 47614176 689093649 955889403
0 149769954 761726949 835264047 976503981
0 756294474 781993127 512105863 488379717
1 190033207 977733325 148559735 500014893
0 189941952 290288045 602945273 988195455
0 335397029 57625463 700035345 15938896
1 298206756 957497628 748553837 328317614
0 9819910 180505439 324514330 876364184
0 306817291 907515837 827916676 788273072
0 813783589 915596295 597958164 606529415
0 982695192 356183521 75198244 978477729
1 456887426 930058119 295302958 451140524
0 46109785 899836293 648938327 528580993
0 767214678 690517832 572573895 680891360
0 547730416 720261808 86136178 506866963
0 163615444 519121676 603324980 765786061
0 966462197 801453088 866088569 754138887
0 719309233 159237680 637865921 343011759
1 879113627 500986917 969944513 869315163
1 156928742 970458421 440344054 424140638
0 331592849 818107339 472767959 450193405
0 787715252 774885756 869049114 808838539
0 663048362 97902654 344362400 223803828
0 370749928 669167440 531045116 352666953
0 857603263 192235626 117368257 481763137
1 999674464 928137770 393687280 938425295
0 512960467 310589665 429727296 178464705
0 472790989 491574575 27257880 919036540
0 990671737 641338882 913095787 726576469
0 83978937 341105148 946900452 543664410
0 45609586 727992918 521326840 997640452
0 656251851 486434214 55554267 113635430
0 994386841 270688573 992395885 468094687
0 83068234 274161660 377943450 619998416
0 381387523 247444937 35691970 496678501
0 595543775 409079054 911271453 530014078
0 348931426 628098537 67962180 554621225
0 834526622 684941555 760413501 839989142
0 608582569 552019914 518413243 805173169
0 738206791 936167877 161379961 317754300
0 118605557 388600185 914031055 434594465
0 472983496 585371632 205926904 683082201
0 801015979 889004236 31569319 632194585
1 378071046 430306988 994880206 904643358
0 391639773 153899394 914535634 888578906
0 465210076 786703559 10102142 535264840
0 431427313 812717481 711183466 826943663
1 655540067 568323495 224875711 541185061
0 131048068 495700543 662639990 495430538
0 34994547 327432847 965089411 743494742
0 96780427 678734364 508587408 150776044
0 839937898 790378017 820198196 772103253
0 934476987 101237006 433308103 280573962
1 258880555 809254435 393602368 150101689
0 373730602 182968133 892985798 271652141
0 665870697 327512453 288775383 195431609
0 469630006 354647281 36088117 468934873
0 227245605 141486754 463920115 761810414
0 569475237 141801001 81961310 342526257
1 474921332 277375942 476673176 473134172
0 117624334 43511054 340928275 769610137
1 785760646 311508464 188120924 772174514
0 531621750 25510960 929720527 177701533
0 268343011 590757848 360942634 652032209
0 136933949 87104304 571233563 317933584
0 41639414 168729907 839732546 165571210
0 680475963 701944741 261077811 965416312
0 909496015 495837748 60518531 923648171
0 134194725 909576259 408530409 427620521
0 382922020 620261718 581965036 32259132
0 359833909 134010426 315963592 329554095
1 654684312 207093592 997902432 294128646
0 207822090 895685851 667200891 417126641
0 562532671 186357129 430176169 723771476
1 140648652 807851905 57423216 202289810
0 250034273 877343813 406975678 680941309
1 500764819 997929902 535759800 499837466
0 124630398 766787519 587181384 382524320
1 356903945 81601908 195944240 946958165
0 209835410 554133759 629292898 694561329
1 457990989 762855445 22036709 499686779
0 96089754 441057070 296894112 40438709
0 403409946 687540461 85092020 988742544
0 107202902 722830097 727029587 319203657
0 75071272 633784464 246084145 946865421
0 19048271 449741011 784518154 429825384
0 965744593 766084143 938036170 845422272
0 153281819 46729222 889230682 965258092
1 689566712 537035071 245796395 554887152
0 129659103 573418475 117854690 829368661
0 475515430 691854171 632266210 299891652
0 890500372 155964913 291538569 552188360
0 671250933 65660009 323475270 992488676
0 353299342 448259707 333836041 655248475
1 800708785 977769212 306851477 868205920
1 253432506 665383398 146505905 876818447
0 6788155 569496825 636978780 82710737
0 190309159 620357578 298945382 788284957
1 13731376 787831932 282977307 561582269
0 779632967 998682751 272518378 335961333
0 715415371 451540732 639889704 947114815
0 843789173 796174050 295354976 930988931
1 414962951 770811564 607794643 339150311
1 793188921 869635160 170874895 656255667
1 482928520 945641508 862728394 717279454
0 842574539 491937554 299754854 459271479
