804
1 641592681 94527469 572498238 437035004
1 304418868 159777014 805210500 253940323
1 468827469 85394743 681722660 939129991
0 998206150 944675148 176427679 838945126
1 763884722 438125144 699081746 196060481
1 685720641 971634675 357342837 677571758
1 149588549 442202019 664012940 576670071
0 278651665 79788240 769203057 871154239
1 747181536 978189406 770538201 4258808
1 752692251 690755399 124594058 443576495
1 462994739 68031469 348052638 244665664
1 83725821 71971841 74320512 849063912
0 542325409 743238959 748882120 947170776
0 950436506 85272302 450046053 652411949
1 416663655 225565735 233567151 222576380
1 28381397 1339277 100743262 166490970
1 380553219 173098463 334207864 804167549
0 888252059 675344234 421908906 192003183
1 382153683 140454536 428720314 668410089
1 139254567 915455720 483516131 336521038
1 727092475 625108453 252961123 326629608
1 870014336 170293312 470265732 645010115
1 17309068 933987306 656593373 576384744
1 914029894 45724361 139289003 504785605
1 489001697 974632352 341138540 486022652
1 894001071 218499705 893420575 31039227
1 305141836 180905547 680046809 86862593
0 24055499 833684395 155507859 171762049
1 487715826 240622285 134003284 525402882
1 942134543 991547170 893045803 903818731
0 900423667 576191820 38144918 551540189
0 559235856 633669709 917781568 963187849
1 796983757 370991378 433523014 366824742
0 941024654 127946700 873220960 847282668
1 401289217 635401909 48188061 359921994
1 358906804 917846578 540684952 390147241
1 31394295 730570871 457993292 884837111
1 901803421 599081228 447187700 918309724
0 939251230 208681199 136642460 221361339
0 201595162 778598946 952958278 164111599
1 340463703 512969192 794896343 709077227
0 435988146 363050748 271783462 934012188
1 859558035 289642888 286582246 986168774
1 539782377 805215399 412871738 335495984
0 922169274 618732980 322730043 86992345
1 114239941 910519737 554818231 216839440
1 516683470 965222835 615608048 397939876
1 244589197 903000209 887078951 147197057
1 848181328 122906129 685095472 740119421
1 489209811 327299043 256337772 919489699
1 849896930 718628549 79825621 318767284
1 32394165 691088243 768826116 707758014
1 183341101 593000341 800781650 484964087
1 70769246 916402464 615069838 873739072
1 123122948 903863481 22428371 426225912
1 175512787 586896931 754456716 554326022
0 842549193 63972286 838144674 983370572
1 852013036 242315928 535610473 949944026
1 89828367 108535981 777565132 69671062
0 514716063 375558974 523472574 942598460
1 226180737 51346796 926945028 279587812
1 44541060 218985338 536111056 385805925
0 861252097 663507811 625333958 38339928
1 872529300 686268321 683531869 844635784
1 639283987 591919970 154075071 558036234
1 730474036 735546230 797908631 590838362
1 403929980 678711233 436717931 240230445
1 452148338 327930609 193807216 470032084
1 84363302 64189640 61936384 421876335
1 28631949 553247042 809185816 72789303
1 733628230 269603153 958907018 197855654
1 921529018 826419733 947387843 402506064
1 85958336 515590572 707746391 591870888
1 824472101 102196502 138690991 584311805
1 297570505 104592066 892654228 600887929
1 84633141 988066230 910255461 8139759
0 688920270 385727868 469620535 814678187
0 871406356 291320623 422220094 664171697
0 235042964 761014373 962807328 427506690
1 186457710 795514566 94232872 171998696
1 888078239 118546829 70893946 393623126
1 874135415 105445455 514728874 89965787
1 561659608 683420336 973475943 323859133
1 156970291 443254518 281044773 385044021
0 661630569 161286040 484694492 968911592
1 131216625 341098043 445993819 532082185
0 209650667 242739903 888853960 268918989
0 9151256 112009022 765503285 343312407
1 828939459 871057975 424217211 216095366
1 450060325 629051452 827792576 965101645
0 739358921 642940110 850668613 366321272
1 275240435 843605593 564090232 816218512
1 767812905 456160621 24399198 98546616
1 882610493 138615199 447605961 990045371
1 324860302 143232192 7263749 377478825
1 521577313 171935046 246773970 314935271
0 700854652 972828443 892911850 270001129
0 43100774 253969973 97081195 198467053
1 294657021 900505755 230812624 825674093
0 272418112 461344712 718031721 232736808
1 289181055 17395084 225483374 274250730
1 439598674 267594964 546155040 2036351
1 545617404 413528330 771677590 979885174
1 651377203 671537895 313942825 543535522
1 972594011 589653482 979589273 198603887
1 624003764 442504147 180501092 59642770
1 210088982 694771674 979097320 473911707
0 81004577 6797677 618214464 820744295
1 80529436 722086598 765061118 293889680
1 337223879 702229394 867967033 655267661
1 985171447 272222845 661176189 566272342
1 690192566 425903210 179134370 91307983
1 485467697 13031060 481558423 962530890
0 199892424 859868400 49994404 608428887
1 118076148 803821706 452689327 194620228
1 332463073 134167985 975494022 719965429
0 999320048 270381100 781886271 308014844
1 520146295 400623571 100575789 82222431
0 859743360 184667706 641833212 795736233
1 353357908 887709273 113852390 624409400
1 401456655 611051339 614277175 789188074
1 205247642 397071268 942092131 837069205
1 159233720 594165997 116622981 893628650
1 235245064 363316028 577788675 137933500
1 603337260 225440016 300741538 338152638
0 447025019 658947536 117033814 591525166
1 800558808 601484707 994183570 686601232
0 961828534 413817723 246809056 802361063
0 469523783 432859775 511308552 354583554
1 603584101 305380424 367804955 97555171
0 810433476 3440516 915196427 390456652
1 661010014 567279864 883397826 68227300
1 592741955 706982657 72565463 30651303
0 232367146 214041090 215764812 910691186
1 336521344 126699609 118923521 471288685
1 10830788 869148890 174212534 917224995
1 246321768 35879650 495989469 522992512
1 821007520 496794485 277150853 708415004
1 316779704 258920208 171611427 73439083
0 856766190 675369997 15925003 13387991
1 208366052 595696594 626954960 664015304
1 786527519 355393825 601973224 870698789
1 633172281 285982779 789441353 983153888
1 684152232 374546367 562997715 92095606
1 510035525 780423013 130341062 353384856
1 871723269 46870533 280122522 304006744
1 786165878 544641169 191747821 516527754
1 986414080 992862180 107596391 754070077
0 525364992 259265427 81777597 997391218
1 883879474 133042215 114708292 889173376
0 711895812 439931756 706629293 253132491
1 507411658 565412275 559513312 608770986
1 388209134 229546808 260459028 470864825
1 857822604 365903632 57950867 752668912
1 753526814 632601418 954058955 281729065
1 844992028 133921320 250808735 984822016
1 632910794 865526933 133236240 303847734
1 903819132 138058317 573962680 346525180
1 347370017 51157069 523582893 154324430
1 926410195 712831616 528825285 135157190
1 230693556 56269 230844504 892602261
1 218830448 949165039 987859176 575523710
0 530763537 138826939 426004573 69645832
0 734591501 375482559 512672699 55995208
0 39183537 829755241 988647034 424117221
1 190305623 536006412 114117597 849966162
1 415599379 634705278 914227977 427680970
1 208492461 379829293 611788204 7953685
0 103165480 403294421 796944228 203421980
1 891901992 456618556 337828947 914332122
1 946991857 341444772 748033924 543623210
1 209498843 158825940 333256710 266756479
1 220309606 837351136 40693739 372997777
1 102086747 564313628 591565964 490291834
1 427743385 25358304 454579140 944111329
1 55004033 197955332 844345853 384587806
0 838694427 387044928 968612679 927665280
0 8549230 300675534 89835981 947057181
1 217475998 153766151 126528098 488285390
1 834411983 103634896 371813896 273796173
0 588352475 627070476 886638485 844802698
0 934027617 759346551 3446494 520519854
1 349563830 582142101 957834525 857636211
0 407746231 805618063 168050786 633841579
1 653237919 813182016 346903636 255556658
1 856743738 928080576 19212430 268346016
1 964733242 428136486 971062615 959700598
0 883209329 434499931 165998986 698575004
1 865675329 381889596 635857129 542665057
1 920003459 937626454 574517293 178938215
1 130787753 319690493 117601942 838148642
1 132750073 159178389 842168003 799339718
0 748541443 249150789 599713563 697698018
0 342555335 230291819 444163601 933248509
1 444720165 555963008 332532484 169033188
1 584637068 131668831 935592597 451274644
1 790699785 978646787 722946455 959763175
0 288047128 545282098 576518673 800612702
0 485906420 672656569 237534704 647925966
0 999850031 95812384 186212170 278777526
1 414791898 881895938 857366637 221813122
1 517492108 652287078 527660557 205308684
0 923526912 205545687 841863243 654140951
0 852317224 575224580 113266546 503594655
1 541282275 307815985 640976273 395682093
1 885849275 799694020 614494308 395779979
0 543514200 528217003 4719916 138367896
1 732025987 186817658 987933280 961884934
0 402414580 870902117 637863259 47081283
0 73695555 309136524 485485180 144525542
1 772728493 32342060 348061773 522265681
1 795412366 649198004 859830442 503537510
1 733835968 52863447 438219527 920329860
0 326213444 598673924 247981885 294430504
1 725570262 730292723 129399435 16695522
1 767165021 51706410 61508780 829031806
1 521847394 961084578 621870390 269624725
1 575888357 330459893 325339030 559925476
1 617177676 641089471 323043945 715402770
1 221228359 665349911 156686598 732002769
1 731839443 103154246 409234539 170784125
1 555909581 311102764 178354423 994218414
1 686075822 331680243 521817742 637717324
0 219394662 683986427 665139482 850317862
1 781527925 956616488 879644047 326669866
0 919769514 448647930 852857302 292298912
0 539680063 33936659 886430274 977831197
1 746665499 757074199 9556879 764825097
0 760883595 189929487 136056430 905876714
1 291059374 229438901 882624554 386493142
0 24263011 371082315 244867573 920350647
1 107148681 34907124 953395921 78598473
1 906941630 924633257 666611256 990578930
1 668881676 43434549 861662195 770327538
0 939939109 151495144 146845113 49248626
1 456539413 903973852 916904334 873659512
1 611212442 275778564 619783169 306939355
1 57690752 319551831 491982256 494577305
0 688885428 636239324 679231427 35375429
1 453227756 309317727 612197690 698230126
1 619018766 343048469 538306880 880690207
1 364292292 593928318 652475111 102747379
1 896175074 943157822 278125293 908836177
1 62206845 633801680 155188876 535373766
1 152536560 851723060 57566292 464756641
0 793089052 414675469 665836192 7983
1 891135140 245883336 573856055 947539287
1 552706043 892427718 860191231 98068832
1 171290999 125573790 873391866 708707874
1 725192651 585264622 282915306 102635005
0 82947476 354830423 608489538 36282684
0 226763996 514384284 781320786 850761437
1 442074815 609071858 293614808 744944077
0 550143644 475379726 355764309 49098002
1 264413298 511716207 546493907 393719692
1 912404572 31117040 499228936 450600998
0 828987720 848488373 641926646 633050540
0 654887258 349163230 664652919 977047975
0 536789151 760533173 739159638 162886133
1 294675707 818477607 233712873 853258470
1 673197687 445231822 971046208 768889904
1 455249751 263311828 436089448 615266043
1 47189920 826655347 860523353 963552711
0 849258491 515454184 395659903 195620619
1 464389652 534634250 78866181 661007789
0 205261033 887677928 626358853 604508365
0 770017185 661071895 764657676 417003643
1 68889571 632953501 543224986 270749001
1 387395787 284809369 758487419 374372571
1 896749544 795421719 181963952 403291618
1 150428655 473827508 537200072 267386921
1 924080383 908310773 108273869 8592791
1 825977515 301107599 945688376 8934230
1 678150706 490809828 834329422 862075013
1 767462781 656210303 137671813 431864848
1 797090781 662091877 545770478 866367407
1 642544554 504624228 16909754 73340447
1 116447784 742303186 703346504 340747521
1 939420000 964242515 952251234 788062994
0 319789009 901974690 103354522 780772242
0 796398622 652488821 995552225 147478042
1 841357614 766468075 302376395 329420841
1 644883283 503885870 994911521 320020021
0 531064690 223561512 241052078 216968706
1 720207685 710318208 903673968 968431758
1 697311790 541136956 469129864 256532946
0 205265972 996191154 826490023 594803491
0 810923291 938965942 934652623 227636487
1 747559870 116214060 951251599 172445096
1 166242838 790670166 278306356 887744851
1 71138437 894199717 861027201 300583595
1 249512811 66184400 379166435 403749483
1 251112974 622785919 936719436 252844280
1 339543125 287719631 329557257 673917451
1 885880556 67921265 962176602 553989950
0 786604997 402078268 127602326 159521854
1 174696221 702176614 472512789 80058865
0 180359010 997971903 99381059 360715227
1 575175859 649562532 120112006 428289906
1 249683665 591532421 974834390 812073298
1 961335478 575612976 341854271 496760429
1 95430965 561016644 202550181 795599784
1 801134664 636566129 947227003 775807619
1 153989881 124617851 207349592 590211519
1 66917386 661383443 76875651 386528040
1 57461196 76546814 345815537 323902427
1 998069694 595775022 671685458 352114381
0 157143277 382330289 368210193 760510305
1 478130222 70212006 519123323 264040512
1 637169064 271836563 255707507 148418272
1 681218379 312259028 524558666 986999891
0 824760351 777414910 307148989 199112789
1 909265048 12817509 654625322 478494140
1 663725133 756027180 145027959 740618154
0 322355656 749766530 947668806 274079035
1 134712648 115638269 691694939 798531968
1 62580134 741336881 32282993 919220737
1 497850053 445311990 830320078 570482734
0 544360244 777325306 287710026 127283280
0 294756577 572042893 233525934 510524168
1 576725783 983099853 930104219 291813982
0 665770526 349992611 811361102 598201827
0 856876849 128403491 573190657 657913215
1 24623531 965365073 873933246 234976984
1 296161423 304957026 698368466 634327426
1 463310311 624475878 415235151 389541960
1 882226566 170770309 997757242 525533786
0 849086760 133913648 765267797 950678305
1 117660696 351759356 106099367 784196096
0 470975671 704728571 354033966 733240158
1 706884763 680992464 683194982 541163160
1 578904095 642880726 389612675 450799828
1 905334940 459458314 279023758 756536530
1 285235367 329431324 69051597 817019434
1 232797696 646030165 270650140 33480339
1 946145564 766537522 165069595 883613736
1 474708076 237187554 500127327 16404435
1 154677203 878307853 671660817 981835573
0 922813158 171421323 798988694 24253896
1 735597805 3423222 180593203 588963098
1 370439100 793633082 840479703 342219844
0 921818844 331437969 984444771 867192076
1 526741668 140183692 987849009 473552731
1 797725478 117891354 33991848 149663208
1 681733924 387770032 396023317 356637512
0 195336552 4559858 68524848 819576511
0 834734387 154331285 135376625 486710928
1 484804254 555088474 280305047 189429141
0 694912544 923978564 213941277 120835687
1 410107553 78503293 607277673 345082982
1 435762611 908949385 405948922 946789203
1 644691440 952551347 436073701 497440873
0 935587217 145733593 812440920 909613071
1 257238962 752190723 459320836 501683095
1 62319332 431959151 32525848 303764657
0 383686651 719418858 307507129 61738606
1 692180027 454105527 296669714 168154638
1 412406862 825974874 978958457 58012658
1 563311534 614649584 950903352 483093341
1 42764386 746185477 962247421 206819828
0 950186309 58978060 186259963 1372698
1 842693929 443403994 1488965 695375254
0 232205721 50802138 920421101 74556460
1 265321997 972241615 529163232 974562829
1 1423548 674152294 193479847 43683913
1 580661884 456865761 223914090 371913128
1 312021845 431706527 6664940 726744217
0 942038950 79322456 848917078 653871378
1 623804431 876390970 489627150 817085849
0 849064581 85010255 54549229 53271251
0 45620020 905944790 66230160 228560194
0 265041437 435642739 257232278 441779996
1 42841748 674078049 414661900 582909033
1 886629893 767723019 617431383 248386499
0 872367531 68050617 798334295 382315112
1 697305381 683178295 310866075 660271243
1 623519234 290891158 658741730 192192766
0 443685056 539406972 114561333 804567465
1 36681685 677181862 565780578 422465651
0 668734900 114498687 95897253 38618755
0 466788597 41789689 169212083 349881855
1 566453760 64066320 875830936 340104890
0 698095088 960559519 573306105 598398060
1 320358023 842703722 907650997 3342698
1 358504814 405820815 778951176 859373818
1 110349587 908816056 850303126 545840816
0 579613661 285280969 218443781 973458050
1 736006300 880259291 651005204 880245100
0 109449552 755824063 422861133 985962717
1 511664584 960555370 881560519 461558087
1 582695844 597486065 717098389 771423878
1 977299381 733629178 619003852 292611831
1 39522020 738780374 760282961 14260349
1 448251126 322502814 459645128 184088769
0 474393070 89062658 245565274 548333166
0 121383132 439087025 596056877 983771967
1 395410774 293177732 858582218 33342738
0 820613366 683929554 463197884 772356195
0 666318473 167247760 960927018 886722773
1 82692314 987098927 732204362 226562235
0 522850101 984053341 653897423 332781241
0 214570532 87390982 194316230 739630838
1 146027752 580488016 927409536 119048057
1 51253950 101116521 721581433 575714726
1 321790199 828353626 465419612 106052337
0 260132193 376482625 511620496 148255559
0 467806369 93308061 584409594 664601020
1 327700572 837244308 889106647 575901311
1 84976499 272131925 13356497 215962911
1 702313620 958518538 649352135 216051879
1 806306285 676689141 549912026 602710821
1 817979083 211900076 263262402 269842057
0 369832549 788588688 839092595 637000458
1 479728932 87092975 181606044 424803179
1 293854251 639190906 673706630 287803356
0 254392550 725565425 151492445 291752012
0 672294125 156796719 290637802 756321631
1 780678272 798892034 525335364 838377325
0 495364701 34745714 441858569 177027377
1 799794124 271642725 926542351 913223186
1 113492496 613867705 232639938 657659950
1 646507159 720388694 871692921 92434569
0 499908009 782382280 544579471 728977429
1 527454049 616817231 318492676 530411627
0 533507894 801026459 268523242 912455531
1 754051680 695214470 954136824 41123617
1 998204377 14462088 866460652 896191391
0 67776203 149812666 513207979 460474537
1 937453738 226272165 46795063 693100398
1 917367892 340619567 270553089 537366682
1 468802523 567386470 350002710 517155720
0 197923061 133209847 286965814 443827045
1 921830429 610266762 542505186 389256051
0 77627119 999382898 380690906 739384797
1 900923971 672503352 858596263 485262511
1 620054799 239355159 419446301 98247928
1 600082212 952983653 600680710 603516955
0 86453554 28512627 772573772 293529046
1 736572356 657335416 146616668 876630935
1 296974092 356072561 237570971 726879235
1 650801077 570706991 502181411 111992809
0 101154084 283634652 956834084 823519736
0 341257659 378768067 643029912 274543844
0 316938274 390755618 2758191 256236007
0 921206446 475893322 208769694 109662150
0 138671692 380046682 277289652 598438584
1 134442660 536933724 247738082 960635874
0 596716878 843138440 260216861 273195342
1 155894862 9637113 388371262 818805118
0 412393529 646368031 432207439 820666382
1 610966690 703816361 637515874 588295422
1 797527501 160768710 403275499 40399008
1 849629882 178841829 486660017 519667265
1 779673339 63568223 758827728 233767927
1 851890683 187410869 41079400 81839690
1 611195812 120127812 456540644 600968847
1 619459194 938779546 306809605 385356067
0 327480743 802733011 207804692 387643125
0 96273818 658130605 561887462 846387197
0 814857754 440498476 875345560 800003724
0 676267769 313572871 756729903 73198492
0 891888342 731785785 659789435 904967821
1 921277324 362944355 544843249 360810737
1 881537592 988960494 527212890 25973071
1 63935752 553062658 780057224 395369992
1 30209318 777576145 921624427 617359304
1 365848963 926002126 36975683 714584868
0 926083920 244411836 788562881 331040083
1 479994715 374119362 729630794 194757159
0 103596984 785786594 297168333 534457779
1 624011606 622469256 153602492 591410231
1 951677299 318327823 577366823 328839511
0 632255242 424163939 51109143 657555870
1 882099888 279884083 328411534 316475359
0 447288703 572836175 368035805 729003506
0 170569721 442672672 457778477 854240990
1 651042322 903647845 160614515 42830453
0 685749689 119525522 619151135 648936673
1 989135259 429219716 202851915 125980862
1 913185277 201306224 538163253 741030576
1 362896338 704598829 557658693 326355352
0 898798206 666419793 566054902 443768019
1 676118766 878593711 323696466 607524393
1 758874335 880616001 825080295 357636439
0 945683854 913484931 559361882 687103830
1 188923186 507004611 600435467 564671441
0 687232733 392083705 283616351 482003814
1 49760960 573265434 166479277 408418211
0 113550064 144667411 343663074 330649573
0 854414089 766502852 862312796 751223933
1 999481201 611087792 36345989 978870730
0 720046345 549638726 513013558 506370342
0 493154946 216679148 676409841 261545947
0 459015357 737111343 554040937 342475900
1 233863131 688743878 651578105 41934672
1 657592548 501971798 677212406 76795577
1 549510196 640300548 229702143 318015158
1 822832394 128558949 537860792 367468791
0 440966890 880514643 551083926 894625046
1 120772033 118646427 866487973 709979381
0 790331356 478007985 313036649 943209302
1 146706225 72474572 228762706 723944731
1 877102998 934480143 60123482 637650910
1 397954003 56007341 314595260 866546875
1 621153713 150887985 679607534 6683262
1 96075641 148677966 150576452 648203929
1 827437433 360492761 303146215 853377678
0 804675217 227616742 41979899 789715373
1 196997328 262582563 735117106 187135830
0 476435881 426516694 213378080 769370150
1 586584401 781597746 945061635 409028784
1 394156341 293368040 822734310 584947890
0 61554616 28985356 761850686 386888172
1 90185616 82616279 157700217 608397308
1 231238016 77242306 233813784 650455795
1 816086336 316092179 818096963 808996982
1 432755917 530359252 239313662 226259886
1 157605246 271971524 398644586 371248728
1 997972620 112597202 750807989 287271848
0 52297972 535446287 319361949 376425959
1 970363096 138815558 437515201 51230193
1 976239816 45644185 922360336 420919802
1 557370271 804349905 608073483 791460165
0 685267929 320998217 19800772 853628601
0 708300165 597150355 425375421 505044590
1 466817095 736804945 322824203 517448872
1 191547655 878572752 753039216 557279974
1 884208440 788835437 375472459 20052963
1 47244771 359244752 199427977 233431999
1 251967705 417764717 555043841 612697515
1 717244599 419632133 869239776 520343239
1 4255395 820429297 564218121 697899040
1 274745064 1643379 324627617 42187239
0 370574815 331342451 425032220 347517008
0 599025349 743316556 458328695 915690187
1 407546475 166231179 930473369 253103216
0 112251883 474234330 443749350 999919303
1 932836798 803006573 166104199 90595944
1 167506922 135900577 174702840 998679288
0 427504680 956911285 910025433 40150164
0 501856552 973308612 92953883 273906346
1 982097502 195819622 254810100 35242184
0 82088453 742508967 677572425 158572025
1 24519990 794953520 852435311 913205141
0 362829376 856035797 282809449 987710650
1 828738990 293829617 495611417 894722506
1 980173976 441497124 471049717 931500443
1 307472690 57558397 222960959 949848125
1 752483510 233546519 167688412 301462408
0 752589342 398637986 49691694 236064714
1 598505801 102790019 502570152 888914256
1 865316992 490379878 985192438 67923356
1 66317939 309893492 310652131 592820616
1 156118819 504513938 21530481 902360491
1 189701731 615706960 719585463 532806831
0 854062792 15541363 796315523 861172101
1 127877698 428177725 117983956 969670034
1 667676598 111545823 855691682 939022672
1 909643603 982369472 965897110 604450289
1 409730421 417703542 806425752 700748046
0 71647829 672035494 362430309 158429539
1 807337173 56787241 107874695 592960546
0 778503979 40263462 884973407 491888246
1 994922549 908318720 445390125 934403348
1 879652030 653647943 846094388 846784026
1 218745345 522876695 317175145 196361616
0 331900706 97214079 147013458 391152958
0 903191932 717077481 429140222 839411380
1 226556407 474871708 850178625 791638715
0 73363903 758896848 86218133 502598539
1 154380561 570686439 973464655 554548593
1 960206080 972781260 709738504 966486483
1 638109019 894188934 270340719 153815727
0 495559191 979696003 121511133 96283910
1 575187447 796792866 543023453 527212760
1 465669694 72423816 243542288 614435736
1 188577194 949098697 983692806 388809282
1 81959704 196913375 377578260 381654140
1 792908919 586063892 625332775 462948961
1 272244468 501014464 162192412 418636012
1 577783177 210121868 789854516 473190180
1 110793554 770490779 329523094 139188329
0 692068181 219287881 862652794 471989406
0 66919845 10680924 426229495 700905217
1 745372159 863143644 304160647 557936873
1 653699162 529974767 957499325 594009040
0 916065789 759860334 628705225 176684615
1 639192088 24832518 976936881 444999112
0 126690042 982669096 470835316 150739337
1 467671881 28977177 994735981 998768820
1 200888060 7404501 111832489 442322099
1 136385497 137095086 756178717 280932985
1 251034056 450333382 487954388 220255712
1 616568638 457416922 333725065 974601887
1 762290308 547907574 485493333 615623779
0 331550903 817968391 104453970 603839503
1 825506206 659220333 713921122 728648751
0 520376279 38993398 397330043 251594526
1 77779181 441872360 811008555 467666296
1 999308612 488062727 72898603 293477833
1 728715797 856168889 304721982 460794521
1 599052732 41313976 401049776 801130562
1 221345582 913391084 668985132 119227960
0 879290713 371509355 254422983 176191915
1 828693927 751873963 672289133 247687079
0 707392277 371076203 673346842 215052576
0 591994728 611731939 761830272 632642957
1 881741455 823559216 181728009 145133819
1 661417014 241261350 744694870 504087749
1 77601806 656111330 23668140 423957586
1 67728220 895123411 852658672 362706309
1 603696326 422233115 152774680 411051716
0 399497606 442202227 117440070 180576962
0 801026394 209284849 477481442 47628405
0 250706159 563201638 203336298 7365587
0 341891746 493521203 633530592 654571606
1 737129918 832223934 17705965 646593108
0 103940781 964275953 152816950 608024233
1 637666477 705230186 690415233 470975565
1 165447689 953831489 318908304 322212292
0 419889132 164502678 530877407 924946578
0 191194433 916537664 994207660 490907412
1 765066308 344468562 759609323 559546732
1 118141094 913226327 863192859 796245092
1 235156094 971722353 171249941 279328632
1 175956050 473182911 195349063 938290527
1 896020740 714268339 232238849 747809999
0 160964201 802778438 644880823 920761171
1 246920137 426206502 274671465 374235750
1 849824674 721301330 365217681 178933559
1 136122982 359753416 591496514 363473848
1 903482885 472450598 989420896 573725167
1 161902725 634709617 460964893 234195105
1 773755894 871648868 937576471 288279757
1 17143938 143694831 100846032 690624909
1 85324657 618173394 748347478 708417627
0 203792974 547736434 937032277 598662609
0 722395542 879677792 787670763 832199511
0 956505751 970461994 609620977 126864472
0 331686504 284967785 409274266 588005886
1 512052261 227951918 26822552 489587330
1 691397329 488591929 752960545 914746253
1 98796935 681762207 977005455 723341128
1 279828713 441821391 642355062 885456388
1 648131310 683800845 185504851 153118371
1 646221431 65299427 842638162 356532780
1 815856216 534727960 702395321 356715822
0 675896247 284371241 582085106 838395867
0 401550320 421281626 10180694 211450377
1 57663581 642931927 778544668 65072246
1 797538996 279669892 878561568 358176001
1 115883225 512656741 984483679 519009720
0 784370520 942828486 627063637 113386221
0 156928989 685133715 682153119 769769137
1 891748713 699023476 171631771 340039770
1 827888667 763371184 43429072 71293712
1 111430326 293482982 954896744 132245610
1 579538003 819807000 770012673 294029988
0 29232875 452501407 999255971 550814200
1 216511884 274067709 533678748 576847135
0 633334653 860470192 876052363 693808384
1 998314401 303874410 293477611 447063581
1 558957517 335606110 815108823 704689726
0 91835391 72543109 767791838 100249444
1 73693575 591573506 999094303 245488916
0 399189675 782108692 664943627 948373869
1 850303308 268854832 456813178 245733296
0 306708874 710029121 990254069 82969123
1 901410704 68241179 654339431 948205934
0 615415260 343831713 287619216 484832233
1 999669700 645130296 511276784 894063994
1 884452361 657639794 627755780 212272354
1 979236790 582206240 585415180 734241209
1 507562912 547892516 740734641 936951915
0 274411320 558904762 319875909 720369129
1 186298268 568609818 553596019 568236268
0 645373952 672396953 124635034 133915398
1 339576552 380072113 473505318 984205776
0 718027726 870293410 583049637 821335791
0 675312420 978485888 655272556 323908561
0 713333459 916760817 548555520 878355529
0 605561257 655709153 737186989 655485816
1 395986513 751635964 710979557 637530275
0 480135370 399929776 659598175 89290212
1 32958334 792395001 245188884 830062299
1 436890461 195945810 239100551 589076425
0 169052846 523415677 665085433 486223807
1 10043001 778128633 797381246 816422587
1 993500336 814385509 463686925 580731126
0 461359488 416710693 787782392 268061868
1 758161527 220531961 993906300 296635937
0 116340831 362404461 889187394 176656819
1 527885564 586634573 47328519 959401020
1 488399892 808441471 409433802 712349198
0 135085923 429487082 570267435 133615434
1 939641712 925576548 119941348 500949098
1 785187164 798044846 344757378 298668081
1 22104094 693687816 316905162 645016673
1 519432652 266429168 460543850 587021026
1 334134243 990698745 447593189 376390467
1 207118763 292886247 175715044 859068092
1 313145894 201603183 172286026 568839960
1 49252655 303192395 332030141 813878066
1 316566963 695801995 154133894 913464805
1 227641130 343299900 905885170 487877802
1 156817083 558204387 935944094 198155566
1 519003311 819283555 432817488 355660200
1 742042399 161257534 199696208 29066684
1 890642172 201306455 693430363 106374187
0 372229869 49132955 227773087 97730464
0 258828179 686611009 881472112 920538967
1 191077162 39064440 60283022 229272183
1 836860073 625436098 904487981 965922643
1 253499601 706141776 365719339 119970286
1 301603268 305741331 577153296 760338292
0 381072923 645273956 910885838 612100232
0 738812063 173039726 123264862 854498458
1 616967169 384065726 890886562 543828638
1 487372880 536455340 384650309 810160090
0 188466174 285901682 749699684 228547495
1 98193580 108236590 125541956 25129309
1 448721433 435061287 679914347 773643705
1 224334826 625948929 560049098 647218567
1 690555170 888383445 209951463 264826704
1 204294789 158011453 321504797 279656539
1 5851451 250493647 646395757 722066765
1 262837095 472819885 404649597 764301085
0 646920346 570836484 426979250 309452096
1 999217219 991578292 706720136 368237112
1 993216140 6457473 427610262 386526697
1 921472066 310805102 663848160 42974562
0 512346300 118621497 120763236 508662779
1 501880545 133262613 176944906 246544381
1 554877621 507615496 210267224 550716708
0 444864281 686081701 657399705 384840128
1 942896548 100839669 633470817 83757897
0 571405503 675732931 876567435 803154326
1 216599650 904356023 807860519 615780374
1 36137517 611439066 680818162 16457413
1 831302578 440009082 32711758 300302517
1 361797154 535221639 655222998 237101651
1 894658246 693671138 326757628 676797404
1 844167654 767602486 1288793 571079332
0 649066504 908322895 603894936 505946125
1 913520049 10391053 956442652 61770087
0 621845526 242357347 737588181 454924313
1 311900493 754530056 882993377 899142067
0 18050317 837334208 775287022 801166309
0 595576058 215275108 525877362 470146668
0 717132297 495725590 402918962 171411824
1 62690961 827523905 243032512 650766059
1 534129900 428948060 351227075 467238932
1 968321259 231375234 872228686 121780189
1 824538207 861943644 336795034 358239755
0 963765635 779614711 683243471 728840811
1 815195670 802833269 548923597 506641460
1 966215769 283368126 499206414 961959323
0 189504343 960046236 274174740 854885399
1 926748697 781198822 766849293 87335925
0 250499004 644948899 356326281 405733414
1 503193724 96369748 57554801 352172393
0 240213558 736282557 104405934 250600517
1 256789742 576724202 94169884 651630448
1 100242517 921912385 973183924 21308556
1 41438065 330894821 483358235 110069616
1 254271431 889621678 530193146 899211851
1 327926208 196438150 368711619 887166820
0 748396062 480433391 26141907 635675982
0 89063607 812602612 244929302 302759100
1 223376598 895745503 774536076 955892577
1 360032241 219654752 575305066 208240001
1 80941973 549221902 285817260 778398230
1 7781810 894153578 364791628 518695868
1 983622324 372533445 462125949 381538501
1 407024391 384283842 696220065 380165912
0 804099070 901039431 281739467 322198739
1 278420012 118951442 628511502 141109446
1 639833526 630698073 346156779 608279095
1 594490669 233682715 299549593 181718432
1 8176094 245736453 125484798 256639034
0 16144079 74136862 961128592 82256528
1 386153398 291769242 951366263 422103677
1 130276272 229422716 978100393 380523827
0 802686850 278151158 377951706 585791040
1 829539244 45231776 684307050 967953080
1 25776272 388119046 927640517 728595936
1 720610690 420584988 304918218 187813646
1 143439737 803880334 475546675 135839905
0 967842487 570438930 891470872 678129726
0 701899430 58168869 516662271 927695534
0 9000377 485128149 295282972 615822868
0 958161686 107297411 836808871 618526045
0 591421000 484842959 644628603 116836357
1 341751133 290562047 497790035 418048950
0 638938129 805079716 817714271 554102092
1 828914415 621109842 464417301 8251701
1 542891931 172199831 262978647 165397333
0 620393886 990456736 58504816 558981839
0 10411878 519981868 113447803 546431583
1 23934817 679216313 998469150 698581042
1 945005393 375902991 309114579 336478300
0 898571862 981452187 913295629 684741969
0 100062780 754576436 847439864 243903515
1 871415561 728966715 190438315 537786911
