633
1 331574864 110945738 889990660 723655772
1 212227693 544585088 212552033 692188672
1 296281501 892091966 470761270 202308642
0 383888144 619042005 247012208 5631175
0 58592449 777664898 22148942 880693045
1 662145863 555571212 627730388 340487687
0 848948279 905236409 122640027 740197728
1 91044769 705563370 171363861 876341150
0 821146232 99656550 740512642 462263810
1 633568992 945297303 607569441 18510881
1 279435444 890150469 182338668 567096356
1 833498571 992058773 895560029 315462420
1 639464127 703148376 870389506 639944141
0 451198530 91254765 155519740 291923540
1 47031369 798458431 578766487 737812629
0 692549522 705464490 392659860 833605335
0 86349138 476685772 847727078 426834295
0 930912778 15537035 455225326 61659800
0 168320988 933252054 731704316 175376875
1 887655374 812117491 28756253 503282124
0 286014177 697242189 183987319 119774772
1 471128810 874151460 555952593 951418201
0 125363847 373263247 938247920 253880566
1 588306090 224405932 273904364 27693192
0 195597201 391212537 344531381 271909387
0 747547688 512459550 649868117 43939320
1 842032665 45894847 920350651 389371030
1 956955173 876032261 716611852 989087701
1 773470076 973105664 692522962 26844759
0 329866268 883293718 300294527 340988746
1 439702932 690316308 595354906 514717248
0 345737364 735804068 314958107 459092788
1 541526828 376109608 605915829 748044361
1 318288054 60949336 321495077 279729687
0 581294000 414092301 96493245 950437504
1 395751198 71298848 599044809 467862869
0 457252388 204420940 106850936 33300835
0 858965493 81373287 371935859 98357660
1 135949655 273504637 28645322 900134769
0 1599551 381596039 904965213 340273312
1 832552791 835837912 187039211 519243262
1 572093041 193453179 84453736 114472458
0 802954279 191284748 769089881 216914246
0 8944198 164730329 60215600 932345775
1 494450095 46657103 911020814 962144197
0 996612050 528185598 458800730 493257476
1 205889267 972060854 263182581 410115269
1 801859030 222813578 487049263 34134481
0 772838535 73937862 718897562 318143544
0 186424662 70540814 792080238 48582181
0 218816578 712915530 593392929 534669767
1 999171177 7908356 808381533 34513289
1 795866674 831967846 149905785 37096234
0 130627663 133215999 909765153 405909880
0 311507663 267863020 161094609 897411002
0 795807432 264229667 812556623 44744974
1 898012274 173178861 854182730 961268548
0 729900195 260100310 750747074 611391486
0 133579783 481703315 97590509 297663519
1 345171348 325035447 101894574 384093897
1 9789697 72194094 389354206 559747200
0 354570570 556540110 32114677 176089132
1 577293966 508455051 441970898 732927756
0 144630721 116567045 640084921 373774297
0 670589964 623026572 448699326 403415214
1 568783060 958832343 680841521 602337898
0 556894394 595940853 955764432 812610474
1 668736789 951412806 570363328 764486290
1 469592242 235654531 362823586 261323762
1 228256225 632448018 685072195 627420053
0 479143190 849182018 828126125 857833656
1 526716590 832353063 994495658 991777529
0 713120649 454325024 263207163 327269700
0 72501670 5330774 295300553 274774909
1 925655265 297318588 427117600 197562118
1 572876665 714004552 172596336 900547402
0 520797978 870880643 653031274 762305774
1 910646894 928012207 254401720 896035176
0 126559885 877546494 454842711 191130107
0 549355708 715645117 562926239 190598259
0 769902176 219325540 205632583 899910930
0 477684759 226575577 121605335 49757837
1 596911680 368812662 792306034 673758224
1 375428748 533989776 50202330 778208918
0 640579917 40410252 557436699 723216418
1 875340433 987597257 216528449 527909530
1 696494166 601370602 39149573 509658451
1 11288152 296685116 78427478 244236683
1 939026246 937316951 245141030 185299814
1 812109923 229748517 233540327 715745327
0 590575069 918430448 414359706 494386661
0 539546972 26848052 886599005 412214619
0 632769954 701236281 641238746 392188793
0 938295078 995416519 357867276 658385761
0 765359383 680479092 708634413 816242812
1 759438127 501635162 34764747 433121990
0 689398318 833620277 672451677 389510348
0 396834823 158252349 56453063 189960248
1 792281084 925289270 330342574 226682082
1 627038262 101201288 772820884 9216958
1 560508331 374345063 111021067 128382498
1 342490185 118810700 680675204 521300273
0 990813365 341509705 959126914 425647220
1 72891950 839057675 723714108 968477162
0 132457039 712566396 45756402 262375186
1 590974401 456060265 359155331 603305916
1 369816098 996187542 494767107 621343907
1 391764646 660238882 728598109 148027172
0 263050304 700158005 200036693 886489225
1 658130264 669281086 50843992 669450431
1 789549141 737806167 328200955 536394614
1 741352834 184950147 687994405 781956091
0 811066908 716904680 360169258 534590277
1 829737869 13783851 326222697 903311121
1 917738261 740157340 983447597 586521607
1 405804922 289901015 150075861 116795954
0 792527732 12934655 461692572 723149915
1 344901872 781750211 158287732 923617280
0 356616796 375643849 251826892 911890178
0 105877656 902138426 802944067 20627263
1 974246221 465242230 814982025 233440177
0 994721960 155438923 641838598 504678348
0 800686297 547807766 508384770 800184617
1 156166334 87355068 355509081 705950925
1 719343261 769566049 168869636 215625349
0 673132270 420357694 622676996 230926377
1 307027055 63851022 62023531 507918290
0 925743134 570327266 492542612 818987834
1 644505812 978835556 970061780 556386788
1 544000912 277982667 745019174 810738881
1 978035380 286614800 328813975 846282087
0 516966336 366590501 793494917 443561498
1 351546448 980879417 61552372 560081716
1 91099759 62069845 29688439 910153648
1 443670899 914065873 518412939 377381861
1 805932543 754975345 224482899 658131634
0 931841255 643982126 549680657 17647274
0 803141633 114827250 275618007 154352134
1 801749802 698347992 760153664 373245790
1 588482828 964751528 541838392 605446781
0 528814690 577286564 103457807 86458325
0 512060880 478939885 716077433 11897929
1 16658829 808022017 872197923 887917175
1 177745258 257337629 485620736 455882155
1 232272636 668916369 756178308 383704081
1 970058488 614653509 138800741 287064304
0 148770305 985688827 820972692 968940778
1 629630064 578396186 664007309 327740829
1 662205927 156114943 385315644 111272725
0 519104173 428564523 735916791 950033641
0 904573474 787687370 394804583 778185221
1 69589194 611254362 689793877 17701227
0 258505671 257356683 229468339 41457510
1 634625715 815288968 502975070 533022739
1 651807805 663173189 625527910 969206570
0 833630968 874657679 839770338 698976350
0 556438325 752273638 326276254 709830369
1 584737252 961628533 782007326 195361733
0 565457879 278180249 420305100 82447437
1 542347726 561603293 581200721 724949622
1 85353789 745487448 507525986 232117045
0 706737326 651872192 311002766 288119109
1 411320356 656056516 143950027 206517369
0 660773619 958715741 808354516 994595045
1 207127520 469189432 293641627 67365478
1 453678994 311232366 602988891 87837266
1 866220688 508290331 622361607 662853707
1 563595106 333408923 337677872 374114449
0 74916499 986900085 620412055 830693196
0 352775078 414973491 255421956 139638683
1 72430394 656843972 737290777 429636213
1 242420203 299547929 599018303 996335766
0 370677950 708068624 523035865 431122450
1 203360532 664335356 436747867 994851654
0 556321140 327470397 27667214 995479613
0 923566515 691015882 730971504 814889666
1 207054398 889108127 293650070 439823543
1 470804377 842814821 789974794 101613418
0 736037445 905966035 882175974 120268283
0 704836271 797797271 453140034 192407064
0 304384484 861039564 379644475 710911888
0 231529223 998774339 378195468 38879381
0 627320551 869098540 479361813 804048286
0 19609133 648772574 657414604 48552781
0 194775540 629294292 834590437 501008324
1 396343235 374351900 305025327 41973318
1 456834889 833595582 379036420 847653672
0 526868300 598520557 909261624 87443790
1 854730919 586789897 587186407 324753871
1 771050311 557943978 186330777 229977460
1 929429133 182942549 937032337 172579117
0 516947840 266798475 439787844 26583992
1 180589225 466461265 778676296 929541631
1 13536417 983302237 641147712 132950277
0 528394123 979752337 484536715 689779033
0 195859727 508891248 107943104 329282399
0 791266203 990395300 567945026 266346234
1 86671603 876619477 389298032 871227992
1 233026893 645477221 413253431 803820263
1 69217686 839497929 153523986 815758024
1 91293842 12394385 468660932 802988598
0 752614897 451351403 377612617 634037692
1 910360465 632703386 695452878 833177898
0 960046212 353642165 533570741 394935982
1 996704918 646971834 136682737 390760064
0 482021990 366918569 299031359 240430838
0 250005322 830175818 208312828 676005896
1 176505757 170097098 622673845 206974080
0 482787108 999112275 587070879 957182582
1 616572079 963675597 485523608 42930111
0 128353567 297294181 869878115 435639417
0 586600824 483273104 4715060 201759969
1 31312557 736353447 269381337 371174669
1 678661950 212458315 240413169 356152900
1 587156459 344546607 536889110 225724173
1 361960962 614906372 905246441 397902888
1 103614741 390769555 54466910 784258571
1 33105176 782584136 816089018 922239908
0 895556411 506140352 168635678 955060835
1 550274809 944665111 276024732 554895582
1 966026292 820135945 776204063 334485645
0 573446232 442010911 29542581 146340982
0 117567955 338630274 244477433 555046835
1 201743474 9069101 876571051 355779650
1 621375065 235919759 825403845 350382467
0 149238954 308167392 456366203 697737536
1 789329961 627934903 497990933 52245317
0 689840468 839156895 839081609 637313736
1 990940354 828394173 723489064 942260271
0 217695696 874361804 511621623 481691393
0 415919336 251362289 935670106 302581496
1 260449243 531413049 327759929 357867157
0 33269284 314466243 856061401 322273962
0 277665313 480585947 110539753 295720872
0 658740591 272279448 386039197 955175612
0 380974101 138491068 341823447 506267141
1 378438441 122163936 449233305 747398239
1 349263621 219371318 919795556 382326426
1 63325264 761076328 213944622 411137304
0 621930600 210100061 308155407 86608934
1 605323501 530849516 315054560 498720910
0 621078394 342986941 133524048 769417008
0 898392529 807601392 517719627 808305061
0 699964426 398713668 6708644 418106
0 348891521 151949263 558877783 236246218
1 229996178 999829633 123033065 106468150
0 718905454 982276627 495152298 593809296
0 844096392 790433807 221612011 591721273
0 820901993 516007175 881748318 168060796
0 126637555 556383563 794942270 632010606
0 188249941 869963659 224201715 563896860
0 992648000 770821196 743502157 458628684
1 450723101 859220519 488894087 111138910
1 994917461 7515668 614492595 502849547
0 949002472 836678753 871695428 29420318
1 449728486 715960834 61440969 439891795
1 496080779 485790034 378935577 146222336
0 473939976 467956875 402397567 321855798
1 511522111 398910838 516739243 374625663
0 120493315 946451753 480843119 785460832
1 115464851 363407812 68934286 369845574
1 102070635 942718354 155704879 945069965
1 167719587 542468606 802629039 928838590
1 158205809 538059309 86266086 751804218
1 613916298 968113737 631517461 136644071
0 585230198 438524865 693650721 464745119
0 526639124 149573632 100556232 27284075
1 546063329 864668271 910874087 455673819
1 786596792 471838660 293736464 748945136
1 561437745 639981538 906310666 592117617
1 332280261 567025367 445944290 120776877
1 301910357 52289732 576802751 940069107
1 965269210 406746538 977914007 192854080
1 151127866 851387763 665959281 476015868
0 341344666 795946932 426783711 317174973
0 893416358 102553588 559718865 316972642
1 45335456 593132676 156776436 126772745
1 35057732 922827047 375293233 507161260
0 980709297 417324569 201286930 551382121
1 457743359 768388412 834835474 636278721
0 627573552 483321457 516257829 843955541
0 683230610 382652261 585704699 166129378
1 474753238 733963359 185141444 851198866
1 330682208 179705549 514894219 783294682
1 10772641 734250401 739050590 728965247
0 241505920 591139527 580859601 706052468
1 466219789 258666545 136537266 843477166
1 233182492 595468362 889323739 776534060
1 559356289 966290651 733257092 783419318
1 761336315 497863837 850637708 108874792
0 214179340 107836687 11579277 22829894
1 754161499 329956686 78280882 640639336
0 944616016 178629112 469483186 785856381
0 81947907 950350184 781404504 77706044
1 220177854 655761612 1185145 208129145
0 950140825 979913188 742805591 174262262
0 358735107 968193125 636944312 167427886
1 648878896 715885919 873615923 183310305
0 481929921 223411217 778927246 512928632
1 669830437 147263245 500657187 512095089
1 902529922 962781605 389985687 385333106
0 78205739 928454893 272277617 550298811
0 808538345 143632088 595442522 920951816
1 165171107 54560574 254252548 396648487
0 178389034 444673485 343696134 163468490
0 417652016 829645105 716165435 670779491
0 827695035 229068017 520154462 152707843
1 528046986 575354079 750096891 538199962
1 976094795 562545671 117490416 563899914
0 180310931 695234684 953069835 932341221
1 722077427 396579968 504157580 788990167
0 600570023 963120333 860321438 896841985
1 456871594 96795407 340775668 812257496
0 784653623 834944727 428970545 284089666
0 81450238 221548157 718936784 907376133
1 957492376 204529368 375605655 713673160
1 382855169 138413497 363718628 881512498
0 360138264 808357498 476194641 348813807
1 793082752 106720562 910514308 420805027
1 436625746 191415366 765977123 133020171
0 236983675 30463849 786354246 818705637
1 623143875 546083414 948127715 791868757
0 1095120 340920001 277187321 814732763
1 602042268 34013774 996181907 868426527
1 880691000 278066841 813459158 609405974
1 433321433 456941196 1435826 486908751
1 257154935 810380188 10188277 872604778
0 648987026 386952350 886534094 874123274
0 19130575 777972055 801916674 392864701
0 163348624 220452596 810666590 570617519
1 962235573 693869835 506159920 628469026
1 579347746 777114070 536041422 567581190
1 885105607 642786756 190485356 476373797
1 987055921 536189335 522737626 492621752
0 601052924 150434218 858165974 152542312
1 160289938 100395531 214618142 138920194
0 381660188 601940118 699284588 943347054
0 850038939 317229365 250470126 738435749
0 234948467 714732007 425172488 481311158
0 464271608 74568517 466831203 470055969
1 368537281 285651350 70258828 967774219
1 695702975 840494528 729531061 3600929
0 794008436 586937992 852223835 46951450
0 794025664 927437824 947704016 976368696
0 830107160 354036259 523528458 767372101
1 468646946 142336735 45931552 913378254
1 85349646 121618723 371391319 817935542
0 712644139 994062255 408655536 692825684
0 420463227 885777838 190488153 16928437
1 269957214 396324972 332989554 337860798
1 226055555 743134373 295678201 432460094
1 989930442 595221812 12072672 321190962
1 298991287 817166396 709665952 348011470
0 612321440 234808567 544912835 746962941
1 586073035 109585356 656346161 289986173
1 702631175 450924394 72960849 761705158
0 314194060 512260327 169123385 441151057
1 158810924 227426880 491752317 841400069
1 746211600 141261741 69290085 560967888
1 356514972 129523100 486662795 540299445
0 383905070 188600413 965944372 445850838
0 193199829 796882880 675521250 922073671
1 748283184 400709166 251260652 930640553
1 279671577 40685578 824674341 627354330
0 352004551 619439455 654114513 363991882
1 34944389 147023649 345485699 430900649
1 487693631 122988173 234256276 183445773
1 420773730 509774955 272211790 968765124
0 607653363 268731716 187361802 618853739
1 306170555 267332802 436052426 397891331
1 105475586 843612631 373322525 805397527
1 36503855 288794214 731544903 150503734
1 826523714 192047731 666277895 719238990
1 655218184 860506676 761489266 797332641
0 992355444 365994866 105033148 256235891
0 901356939 881250328 217825255 129909927
0 283560633 22595308 965353895 946692570
0 904381329 671477439 904318985 353368004
1 57413700 884329364 68570009 652703459
0 109685078 416180369 235869718 604385728
0 902724945 358027456 777265918 330433867
0 755995280 154674142 14662005 350944545
0 487222870 425770953 28240721 44594878
0 561240515 468145238 974704210 866181088
0 306203255 588941460 414454225 48854959
0 287130579 311674302 78337644 32487264
1 584699710 988514673 69684340 502869612
0 738297562 153254369 375919917 229594523
1 555356554 532789283 741153308 752445804
1 511085115 83098564 646121722 676849566
0 58521032 97094719 832409096 809475819
0 347003383 90567196 73942988 249583927
0 297733985 477180089 303351948 773001144
1 153477439 260285188 851309823 329409003
0 814046579 538475195 574516484 377944397
1 14307913 458163434 142984297 822020397
1 316445378 371419064 141801222 370362656
1 3548519 672126666 185879726 585318861
0 25300720 328268481 652119766 973013304
1 603512660 782885791 216984787 582952110
1 526802668 944765207 341934878 228296194
0 572908241 896568085 47523088 320022716
1 750131880 63242240 337229790 747950436
1 431250288 986442626 604251881 76925468
1 945119246 256076254 946885281 783464210
0 705573294 873859863 934805119 441020580
1 207730484 520239740 401953264 300026400
1 412788807 295057490 489274659 577471372
1 922799053 585163947 661449739 415437785
1 748405446 424591798 433131307 407795302
1 894490594 597267725 912818902 801848270
0 371756379 253474494 93648137 361901387
1 610462146 559827504 304184081 333792561
0 994924528 317464078 533808024 804101206
1 676316471 827071454 610708172 658998115
0 705145981 560065772 771626425 501341782
1 982361082 255165874 544844057 178430410
0 665679003 885111277 990304542 352814782
0 840762728 680941294 400191234 470465256
1 293627991 737302259 793827941 995489504
0 403793268 147192204 97368509 309654697
0 305670729 234456662 256928360 882340954
1 990427871 267918482 152244254 789535227
1 556255972 388444000 984528083 84270288
0 517847719 631112106 469141324 367075748
0 383051022 860328959 222863350 834108635
1 56384188 380642289 395029175 1554511
0 640227314 366667189 579667419 458944576
0 413739001 683493903 200730441 274125287
0 16736789 486514130 812611739 249395556
0 185790289 836087687 232095195 133917223
0 314599335 517055717 376018413 449640447
1 581046345 296503631 260491498 320575601
0 886160411 778863472 389011455 980182288
0 289499301 419409314 275222922 266737375
0 44735737 838872538 62618504 368144400
0 35264870 838492949 762071450 293793431
1 870298098 884666793 126185758 211483498
1 273797363 384944360 433438520 459224419
1 866004532 122118640 15916484 894315049
0 167138453 29001374 663601527 16471681
1 775359744 341044485 388611271 9262323
0 850079016 91176656 456014927 441445046
0 328892793 837543287 824379081 444838453
0 21421839 276618045 529392596 357884841
0 678891453 340334142 742862365 840001439
1 18152808 104721956 927002795 876299373
1 65703225 58327092 256032854 812906706
0 684774016 156138709 180414905 720552287
0 832600632 488868036 246692634 357218648
0 612582281 766206853 413439772 611795249
1 470495421 955509728 512276027 661306836
0 910697354 648277602 781421150 523150151
0 83131027 118139192 113396999 504400506
1 471788950 379035623 22682087 295693633
1 324915362 91333800 939473119 984487104
0 366743616 726705776 799700404 611492312
1 529316227 339808753 930915078 634452053
0 553740365 799785232 998989638 182728429
1 703393621 233215915 97588666 370100562
1 187207851 711677346 89735900 963452639
1 289736401 307333498 513196680 587168687
1 628621218 560390174 287673827 421272348
0 836140443 94110079 385629148 222715383
0 81935176 938366253 620387501 145060346
1 365090779 765514002 685682647 546855743
1 247404858 265304574 333720417 465101767
1 161990412 26883757 443427429 942128724
0 18392968 636593498 872316466 948189982
0 414068243 641334058 329450637 429147187
0 473014513 82581493 529414355 274933372
0 350978707 132163633 177721611 788112829
1 507043919 481100295 396742442 549699858
1 843440511 971311595 563392027 366777515
1 540104532 255403035 763439427 13215964
0 143603952 923407867 121531543 438215103
0 675276406 695812903 759914631 128202737
1 650339640 335718829 406204484 319312443
0 764951592 731579867 838002221 802342685
0 689415478 351780720 501978472 489655446
1 42788170 229502781 763850479 394287532
1 721899 420412289 119492511 100254317
0 423973601 49922165 486776833 711503496
1 477521229 939250153 762024942 604531639
0 898788618 909339109 896866622 946940550
1 987708507 149497257 688420376 298853693
0 89038635 287936892 99088036 993334268
1 616613489 137117490 485035312 730693704
0 484313964 112855628 819023106 882591638
0 333036508 434018842 201616751 352536475
1 511803749 541872985 56990191 714197609
0 423295409 824863245 470216007 901687715
0 225868312 904047027 668949246 263584072
1 976829658 362597121 594353591 103159276
1 754497313 875417542 177595439 355818326
1 758171249 213466797 891171296 709287895
1 782958380 125066735 349052839 575112156
0 713561424 653948219 122428889 53236362
1 503290278 847150163 666665123 710659932
1 999925992 12016955 952444094 723202599
0 721451446 66110956 87197098 718726118
0 156886354 539633883 601309199 818115647
1 943230062 933581028 595793410 278387369
0 698754723 4363349 339418166 204824969
0 618874429 418224165 636244068 485667532
1 889990019 938831784 777672809 135003342
0 57149864 889322544 222735602 729877886
0 508279552 885119882 462323634 954569511
1 114114361 118376750 638113896 176426316
1 172575135 36857756 961615179 238694762
0 193551543 324713028 136817298 745043633
0 722671540 74115551 274739247 491236577
1 623369110 275194923 433247741 585766387
0 992099571 718974822 986129389 838666557
1 846538417 461886207 783843057 826916908
1 904987974 46815821 548657854 244040138
1 808861494 118394198 37415838 22670246
0 384757984 309745385 887145178 306163683
1 47826656 308444820 665701780 760380780
0 318081425 452707392 803876102 832166055
0 486583148 774587516 873584248 148890653
0 827150171 803675067 424326769 905678828
1 301669189 740415498 232777716 656968707
0 278575174 494549529 255093184 33290355
1 389478785 840842625 4138735 383799907
1 355696 888021415 703136615 180738397
1 223980816 830846399 376977406 596436502
1 891361639 778944429 450190650 108060894
0 453994802 388218071 997104921 831542104
0 823666107 378645803 914193219 711010864
0 760088361 724403681 978067089 285805791
1 705490893 952634053 804888021 258435273
1 470526768 525890059 893893441 497807407
0 482132717 86471675 502175969 684866767
0 685374635 603751156 293857283 918824748
1 98363300 145533852 420200071 355631819
1 623345567 312617017 394828901 987681520
1 82854989 668204924 488329968 26089117
0 764110691 917753423 263994013 176893406
0 990212330 968609124 826145114 967499183
1 967536279 210628754 157739193 524991735
0 443465780 867246921 722543732 689025645
0 732787285 11033758 180482842 936853612
0 930821619 622642881 839821803 739528948
1 643998886 132411613 840693794 691564915
1 648881296 938117042 857300804 746956041
1 215060023 41370721 814438188 873294173
1 748467688 41017420 710958060 316466508
0 85053260 823691252 890587836 119474152
1 908714338 448688696 596994189 401781676
0 626174453 612566124 55006199 25989329
0 780886851 482556177 495518114 943658781
0 11296638 223274562 89295189 267836589
0 991450944 279992339 76642637 865323656
0 390433067 776792165 784475284 160973561
0 583001684 951715601 925206119 621792003
0 661798948 849773644 971935215 994732399
1 694436819 575664300 996197593 45622594
1 636393134 910165322 720781456 873362587
1 56205247 831378369 71939881 473372748
0 707935900 949653797 508589634 642358188
0 842049626 409037859 764383063 62351729
1 845786884 875412968 330893930 106886543
0 404771580 746084489 535848170 566620026
0 977308980 785810168 368612407 578971961
0 477789734 693884874 748487237 562746658
0 164101350 495452516 654691864 518475076
1 314219734 893067079 57889086 282585797
1 673604531 541048193 205372526 103257277
0 959694620 216438439 820762864 65397079
1 47181253 466552246 486890882 120317243
1 174776301 228475593 38797520 303981206
1 443297233 319930004 94553273 945911860
0 915714614 168870902 34566910 345698435
1 325581379 767325737 189023494 105974667
0 825263412 182043990 614698461 751257102
0 178485178 788790933 953386143 356027244
0 400821762 350958501 725564133 566049551
1 549881014 154107357 239645683 281108828
0 164596339 71851302 331493559 421929853
0 642071695 512179967 696138202 217106571
1 765976353 441338583 522730609 741324249
1 317601192 214478917 855863054 341830508
1 481901254 493882085 372484163 743346923
0 357076196 667644638 700867289 816762503
1 812196041 277580898 702154050 997326512
1 65693273 344550314 123627280 788288141
1 438369052 579787316 331467899 236111506
1 855612227 656591188 934967103 676846508
1 957567300 756215120 121647947 639878361
1 68010299 363923365 408665381 622532132
0 893296824 326356008 49735918 687215969
1 859560104 330919447 297621090 66256410
0 583915119 634913122 860766036 423864205
1 707974773 21216681 789648750 334037164
1 579580852 459848649 335686459 689273211
1 111077636 360532465 601124301 151865413
1 377771580 926790024 122327417 131849336
0 959640162 405119863 734911872 14538289
0 693525881 437688981 864094105 310671542
1 620745659 310426431 121407934 266215283
1 260270896 883035242 222306730 988202044
0 728064527 964435879 596794083 544838870
0 160811849 201446650 484891474 782979357
0 92447269 143465075 847646120 554347073
1 691561189 2912994 117298729 504286444
0 7056832 604502566 362525077 153634639
1 262352054 843633887 761796420 579130734
1 569753104 802637459 933080755 44225311
0 405276810 55369344 988620303 142010001
1 346726251 863536818 805612164 395403624
1 154545703 664572956 268324959 370310045
1 869017660 661043639 436633655 126283983
0 587942238 505702917 302313926 128041897
1 668119355 758349664 23738903 606302332
1 195642202 440815357 315182121 940928847
1 949618398 511119246 468540997 893097706
1 186564920 333872104 520926096 640443811
0 838587406 423325463 602315430 153294334
1 177914332 679232195 605395261 681021536
1 140272670 775337434 511005214 735922267
0 727014658 333012692 744159743 895447908
0 215256056 503814675 528354045 297226228
1 886617491 911064611 332037575 83567966
1 484301977 237530351 794451641 471880161
0 639126329 505502248 88624251 387772869
1 529511614 23153762 375991006 831540086
1 592901941 388767173 944362506 58751499
1 251584479 467775544 501632321 857468050
1 184010351 372296821 633846208 152453138
1 40331868 558597738 241640315 364907316
1 954020046 557578950 252735706 713492958
1 164706550 342673586 160214933 699629651
