445
1 665334466 984666311 387093712 919743326
0 817814087 143919258 103596805 907704026
0 391286056 684130557 636336955 176398436
0 570787736 636788146 238131219 404931964
1 644138294 888811057 34472125 89121156
0 360719291 703412440 276520766 553024486
0 830998141 776304802 882523672 328293821
0 207352825 619481291 908546840 331400453
1 509789195 431013702 139059789 466577068
1 691514490 98272757 307473273 266645490
0 739244288 323423231 453925750 652329212
1 414317818 784943548 375530094 941078920
0 899508833 783398156 339218131 457133084
0 30949052 734391575 803796593 198580021
1 453941291 55909313 999499297 721408307
1 779995582 304136291 830208986 67603221
1 563328939 952513146 321933362 718167376
0 269535021 266324086 329620885 285133116
0 256363788 479320525 887222970 734920934
0 707875099 692015860 661781269 913384019
0 143442481 561462526 897682790 562477686
0 905871214 479813089 220400520 632198501
0 185564869 433161655 625016370 817717389
1 680179739 443452535 414527052 368640251
0 367238543 963896056 412374267 438189809
0 923809940 454217530 692905121 940461925
0 191232266 366812492 434552403 817924375
0 29502591 129161033 334209182 98985050
0 713472820 864915005 895150996 844409815
0 393429927 457959157 491047785 247288259
0 721670822 925581576 137364023 102306402
0 218513207 151829399 139822754 214433747
0 352027876 52995220 978845798 432111219
0 253975077 471512221 38890783 452008538
0 361074166 433429664 256101070 218589124
0 692349675 38596070 633110750 289412955
0 412309815 555139644 995965370 162076867
0 171089532 562346832 181418039 101559003
0 214464876 480590202 303870813 226851461
0 596004981 309001102 945190993 838432763
1 535797271 97292900 755168110 274399738
0 137960083 385374782 569947862 874883401
0 889570829 504251184 180313594 511896674
0 145393509 983380794 764389610 312223826
1 956407622 259001266 124196213 526101248
1 499973698 391311149 500411736 793047675
0 863964660 55714321 425482257 674621964
0 858154108 148006249 544914446 676528400
0 185015510 643589309 676962386 489388781
0 917704149 300224760 364228299 404483741
0 535599821 57274272 863923426 168052647
0 180026929 615487216 897030934 775810428
0 35165103 10954387 758123937 297010065
0 194133133 872443915 169791857 981597103
1 53916762 195924243 34505728 879837004
0 109997359 473782134 889097678 5541871
0 836027404 617229108 542085775 864828912
0 105717535 587401961 158947650 705560581
1 680158962 975904725 457376723 22678407
0 501176533 115412471 570110200 733581911
1 603030526 772514836 304871005 224787646
0 69215283 224165543 156702311 747875013
0 141530621 905734660 564040727 593047001
0 35757493 932191554 593690311 72337589
0 417539048 457800349 60711136 972514535
0 98782950 447867246 2824128 311909996
0 110424185 156609780 923702875 176575287
0 475375125 879022715 183783780 890066847
0 570990849 664933035 207998724 978056202
1 23720264 865471228 646836063 580642633
0 686399352 5068714 237317763 621706377
0 793847409 573403033 113629037 502563007
0 291501013 198479118 483440452 759758072
0 494782687 970852643 831376139 143335425
0 298811552 473374049 710894407 449223468
0 260739063 377502185 531089521 595455314
1 770733252 964184075 223357492 695672890
0 319187747 493604425 319970494 692335625
0 249271977 463128585 725625010 327192433
0 521285385 28509833 124654965 193220265
0 344627330 469329884 148245752 389682825
0 564954623 755860455 417145128 288151599
0 96340451 106717379 808358563 728591643
0 488000447 971325678 711761266 788617387
1 737547925 84597035 154142154 606025556
0 161903703 364321035 482499625 378970386
0 611168941 967056486 908905295 68926437
0 452886626 821974879 525672404 959820369
0 656903131 438278555 982489719 566865725
0 246479484 191018197 108902235 222012837
0 582470143 700019709 192395709 430642170
0 713226738 764147575 610831101 83012137
0 756231425 611670079 671473378 201626268
0 165409465 321096957 676982917 754424240
0 578150369 432018247 535974472 490852475
0 300858017 287642791 929120448 255916757
1 313216780 600159265 402361216 965254650
0 62746570 676347468 620873257 272954447
0 205839857 459097398 968158497 228494333
0 279570006 9052849 758410470 865076105
0 418698708 990952125 559658459 66737304
0 809071456 705583902 130801655 670618737
0 726572514 207894128 580342475 998823688
1 577193259 121625646 430275500 372574352
0 552112772 900882051 301570832 632140518
0 132849310 915079655 557525848 820723546
0 881531383 509539281 696652957 926867609
0 44012528 694796041 811550787 528090054
0 830813724 934424920 323989072 703685388
0 171888799 881828778 140017124 213019425
0 180332940 233603815 697485636 1451680
0 887715493 800837890 879062863 337929503
0 947962351 218320661 204103522 966145892
0 96761070 292216451 12662252 608515379
0 763812750 518674037 47572286 473680515
0 460607748 322523693 276010857 505017632
0 395684901 100051975 415257376 80797437
0 58922507 979623455 330180337 788457678
1 415201533 357036272 185168223 102062490
0 622854900 485015408 786689949 655655777
0 95046202 143109485 731408885 230644250
0 673919469 775623743 579786282 201443207
0 55976817 996093189 770331472 89249200
0 343009559 551820552 621466092 513494801
0 58144637 941122046 74857062 413038769
1 562683003 32704313 612408579 654461381
0 782835603 644708369 450127883 558862216
0 440122685 417986308 820700107 374244721
0 749549458 138807392 835752838 565798637
0 19432466 554676343 22996888 485983555
0 335493023 516441767 464249953 238613846
1 364241647 18529737 349860003 741503064
0 453165809 887557554 303190912 920262573
0 510722562 257254645 512256318 757356946
1 898081256 937667854 367659892 545280322
0 2801125 458078860 637807695 53789357
0 381837668 788396035 920604176 146621186
0 170506001 549862343 701005051 484846228
1 329451348 881273281 111898941 611556841
1 1845392 614210011 258066849 301665009
0 663684237 414152920 727180554 407395509
0 875795446 48075921 956311561 731961090
0 16944604 140620781 794724615 287204059
1 400556177 104134677 343482589 816317363
0 54962782 128242602 153936594 508451518
1 754837983 357558797 69192279 592125160
0 22556942 940642806 502579186 778869534
0 480776512 248888813 712494651 98785817
0 406268831 417616486 437559011 215917006
0 147590380 390566537 213358856 923480612
0 9227403 704769010 654126449 682261929
0 356134950 499663083 471630953 374199389
0 298231915 453794795 722911817 443770822
1 861588657 887523430 686706929 772539626
0 646689929 344025644 392103372 125104106
0 702712195 703917035 796589832 785648206
1 313069747 480594575 809737766 195137598
1 792725176 618080922 87977759 420005954
0 246017617 980863907 733515935 21108801
0 132866761 370383771 397651754 677046731
1 999354553 680097435 39969840 989799679
0 779367165 688467759 754649423 698841736
0 222787266 632092296 676830041 720073859
0 861756702 348931329 789670875 270484300
1 874189207 49549002 803170097 94665353
0 632064112 110997954 686491253 733902828
0 229313229 837571780 846340542 673799288
0 3996126 606032884 586190997 292431449
0 415154614 281660110 117603206 709838990
0 418378614 114702340 511420214 963878640
0 687935479 881687663 885771366 296327772
0 144385303 549382046 830871497 524321808
0 304865111 122742219 229345185 62448757
0 465130601 756760637 663338605 846876909
0 922993370 197556314 768124219 951404898
0 76205068 496525568 174682461 617954723
0 188176654 816705754 404139144 728437208
0 955478035 560922052 880326057 281401486
0 131700643 295963270 324454911 437798444
0 656199603 760059246 797860649 700005080
0 165834305 667121032 463752787 613014790
0 902343223 556333448 636563374 552602194
0 111971478 768262827 93601988 261496660
0 232568631 802780431 171099001 115580039
0 104915373 241436756 646732465 94863746
0 155286536 523119754 222538992 52849934
1 142952070 448554162 556426354 221277159
0 486447222 962368862 297183630 983869728
0 586413026 70523700 951247716 695444610
0 756823216 615442528 489458715 755335785
0 130809181 178730811 975497028 87604197
0 705890435 635528620 995074077 798662434
0 732156866 541767696 835546304 790903152
0 118236619 104686004 975230093 827352415
0 117805722 181140504 812763979 426727618
1 812757541 73521563 407265230 616999845
1 388359942 970011974 418839088 167578733
0 134596073 899400899 201871578 88057023
0 181327310 976544464 110118634 435817448
0 843073111 986775460 808017342 688641233
0 515911353 332603429 727539889 570948809
0 246464783 448791519 335877448 868252077
1 920427294 991940381 437607768 854297395
1 311646918 130878866 16341501 663433829
0 906719674 941115762 384567638 223415692
0 3963702 931138030 207224912 797227552
0 104768964 632714606 114688289 513088883
0 591052374 192748805 168577041 101813297
0 555360063 720677350 633557954 402920945
0 279340747 680846056 424614179 63569253
1 591552654 180553062 250522277 475948782
0 256332190 272846833 802526578 490692252
0 101917517 359284909 456773809 414058981
0 167736622 186656348 653299235 211551386
1 782861917 791343195 256294040 203230171
0 614762855 664348 312342540 716094750
0 463958337 745122792 355499119 959197324
1 796055347 805091820 635767653 971862836
0 735080616 843658200 731232384 948136679
0 772263216 870600867 355112128 758758599
0 287747658 542296364 131149663 127006397
0 190144420 222309836 902989110 887406458
0 161371126 637984795 383032122 650525620
0 260102573 557305973 933183458 650864311
0 698823660 586619393 198885493 693223297
0 763796412 261135687 868033683 65901831
0 760582759 384117912 834629494 727455574
0 461700932 666338518 698820028 308014756
1 185242750 52870245 673887164 914090136
0 264140717 706611514 985432495 371400012
0 763470892 694084212 442364470 111409876
0 17448078 286718686 974845706 65704791
0 117351341 609509190 62440658 753313011
1 124894491 663425175 277891185 282820619
0 195994635 956712202 512418643 811607981
1 964155100 367859960 677310333 788338479
0 282660087 21971211 60412775 113758523
0 383870880 393090276 90862835 225264605
0 788068828 515164266 33210872 22887504
0 148535472 919278947 95067704 783776924
0 188613681 973088780 175047106 329560649
0 480204102 230908601 23036420 585556141
0 495098638 599801301 315756837 573912738
0 132819519 880534708 711074902 576252069
0 816301570 387998997 351657276 37771692
0 141799184 720904262 159738279 348794939
0 306698019 409461314 688341037 504762492
0 730344438 488190546 702207842 400184675
1 86945893 955687400 960426690 591982630
0 742217073 616397770 20649874 360436379
0 524824111 374335708 407424824 16472619
0 424563954 620779769 736719325 52525699
0 958906667 693043127 226066263 132469807
0 241116370 829065757 991854512 915191987
0 66568541 262961026 392950210 269075183
0 211728774 98291000 318262715 284931016
0 735267959 202305454 841006224 140015729
0 800997905 642873639 959823008 729281728
0 818324842 705105222 121661210 641210236
0 507207609 181866995 381483750 693114759
0 662271296 46631783 478947606 420218442
0 303246589 68380774 819316275 794846417
0 45505832 165147887 557515492 667546747
0 167315909 26525921 230912954 202651946
0 356664274 766431603 16869671 470067277
0 96019675 986752877 494429169 322841419
0 452259837 351708023 892225944 206090
0 832882841 751883023 802459527 796943790
0 500442189 577307096 99794710 16266945
0 41760996 798464607 507245461 141666147
0 120874593 820766861 713088768 742511416
0 272384600 957470043 590122771 176873508
0 520698148 601523342 514514375 124551712
0 425045188 582941304 32622477 159409575
1 634237539 866368275 740161726 251427978
0 427360472 319676154 277222677 400170547
1 515697568 357258241 748219700 831073178
0 49623837 336409732 756367227 553068662
0 90987557 487718817 151374020 136623225
0 905464356 224169970 822439099 518305428
0 353293915 423096210 688393962 150232976
0 57244162 607572326 354760374 26050691
0 320129116 205049088 98405849 648111858
0 445313275 438896032 654766629 766544789
0 291653061 730748438 160807564 437718553
0 929683836 994210451 45604554 645293398
0 919072977 783113905 561373723 408017620
0 558134094 409696052 486265063 265327511
0 692342947 209435733 419019343 785997696
0 537775113 837976212 785076723 783882698
0 18007266 200401764 699541368 371617397
0 721188038 163225649 26983563 633831824
0 877270666 287102348 375802749 543191747
0 463678744 511712136 551749030 968536208
0 99381761 290143105 273041971 953015326
0 685328187 878954222 561489677 687977866
1 366192232 357393388 297548018 815071766
0 69028238 676931999 943693065 721587371
0 834193972 404836258 122464614 236228746
0 886751038 677383959 846531933 715256610
0 937359100 733464345 993389986 743059806
0 652094531 544678816 150101878 701646323
1 764491924 137848087 560756602 644363627
0 927974544 278583340 496199648 794806794
1 439817561 179764907 908697361 783484087
0 263079046 649166692 603956476 316837778
0 665382862 757688416 604021936 796228069
0 606170793 519296512 755204336 45116551
0 24828775 513091760 272002521 44113135
0 671466645 497909336 865707742 148797577
0 698851493 884464567 746590107 442835729
0 506966322 104790331 763114839 593321459
0 652535394 915593256 847474728 755743240
0 76471846 735213055 54099474 479485484
0 553155693 491914628 929538468 114352252
0 617194635 891786201 318507224 981180732
0 84210521 639526792 475477055 320502713
1 592008929 168331886 911058370 89516194
0 22222738 636916966 686971781 439996581
0 523585094 842128297 964050087 922261860
1 454608304 535854392 217302772 544957934
0 454916324 494308559 955783631 13123942
0 858980367 107935281 591313870 437537154
0 530310570 33341135 266204139 236652543
1 147710367 885872149 479977521 185211716
0 778021694 911629278 387583305 998451657
0 190168567 940758890 320343396 816520444
0 300663857 107820099 825598531 423551416
0 81380528 877112815 34418547 599086478
0 132633716 282969199 807805688 866301805
0 797273584 518521037 850913277 3527534
0 360999434 371638352 259183678 17380044
0 507772485 518103564 839486539 575285331
0 650664702 299006438 816043478 630364363
0 537410995 842299208 657824421 981948970
0 809988759 285937941 474420705 891265933
0 650801679 832440739 23408864 793589069
0 10000843 904491709 461276051 828662190
0 622751886 327291645 815113275 967215604
0 588456176 322432775 72852262 478310112
1 138164888 944853090 563426924 410918635
0 821405881 421124866 134191376 943652790
0 466457058 935606212 176518644 366718341
0 186435167 484675437 3328631 804079295
1 983916475 827563753 733723067 365776080
0 121568542 168355542 346206436 678954199
0 187129764 772594086 908540376 715207177
0 24141026 367730915 151135543 168086200
0 320692006 768450893 553927599 484614738
0 793982530 168298223 282161114 541219287
0 190379232 67264355 475327296 569523105
0 301415341 394413528 158246969 459017837
0 334516959 66886550 595199422 489129723
0 663291874 304294678 990496625 349195475
0 170694706 948897517 810953567 637312482
0 234718629 876605712 57918535 419714066
1 868103100 782616129 65100914 324083980
0 647494319 823842986 105300059 178994106
0 338509387 728834539 48346549 876478037
0 28863461 315489314 404274332 497918706
0 72210409 749629118 978632680 696047093
0 645719245 791970076 490369790 136032976
0 19605106 555173943 260634781 725001973
0 735230525 553856506 549812074 285399019
0 913238374 311206387 872678994 213984478
0 796655188 186086513 660528630 94550317
0 415005440 299791968 523220417 757854900
0 400506286 511253337 424829526 33809901
1 124891783 735320759 771852405 234822946
0 312097235 593189315 988082833 755902268
1 856783331 593495081 729729696 588562422
0 620588271 15753552 444868855 748070014
0 707434098 57376856 367871019 451025102
0 506045640 586052544 500171601 548586300
0 186728220 293522184 255059215 840604435
0 56461547 979974089 598922586 401197113
0 719292324 524132118 51959011 897426215
0 844723753 8335145 464022638 461195202
0 988071745 786720936 13883317 904761561
0 84977985 112610814 43388033 236185930
0 877852269 113362085 551224860 884357409
0 465894110 222421845 16953938 668852277
0 270910971 909854567 541066893 507185929
0 548538051 721341184 11866335 26148852
0 502753135 676960431 524474349 595808232
0 737121348 527520427 39451675 404251473
0 879534217 209038553 796239720 955159254
0 699459063 225941041 537528541 570497291
0 488578083 84830032 750758784 725667675
0 928485035 826455851 72165916 440920485
0 351265852 843631171 998180456 239594345
0 895098777 127101898 983504217 623934074
0 447553363 208742296 175373715 74172556
0 928460249 664922342 24092252 141558805
1 207101689 75083041 764745351 683232351
0 177871127 426016086 203259426 244954559
0 550970273 731130381 28715254 849952321
0 185433478 296626817 931057429 271631960
0 995029946 424719264 480331278 295667273
1 819486996 705994293 693639293 944099434
0 851406335 586378022 547940111 56919926
0 511350238 56703415 752944438 228487547
0 642942733 515530532 545020702 113683755
0 710089189 266231834 624853923 782965410
0 987332149 667715025 360018521 454164441
0 367023618 211088340 415310562 596324444
0 661388691 695796420 262638634 886001405
0 465879063 239197582 678744896 64995743
0 573005663 42485741 562850528 88649805
0 594811527 680542778 285352431 448018479
0 916142210 500915657 975287419 999549997
0 153787623 926525034 17209334 917817393
0 482505836 14771409 701937350 191667047
0 326043637 759200992 255980136 176213757
0 563748900 643402803 668187819 691619867
0 928160456 465883745 416890840 852911416
1 350786720 671294916 344030402 200506868
1 937105225 204193486 23652107 30842400
1 627412566 529174324 166103850 784230812
0 258650081 384682356 162278639 915465257
0 833342482 3526274 952175260 501175665
0 320079475 359098018 1461708 789622985
0 194445066 49390514 266618045 995274104
0 984042124 393316475 447747001 954205072
0 679691311 331827645 890977202 606533266
0 983573209 439200014 28559952 559765114
1 939330245 7849161 887078137 1983724
0 561873881 162632099 587985317 34645896
1 83033141 75953562 847105911 672903612
0 286951378 26163031 627176563 107768716
0 957092641 422636615 254338764 577789993
0 834037768 312655083 163257752 834672708
0 402005945 524572208 298704366 156374922
0 279387436 5720536 425779907 895863723
0 6548300 821435183 803414261 263640275
0 754104595 650145958 708990059 414519434
1 639568674 162744333 509321267 532117835
0 470319527 652725373 362439426 415115860
0 519352456 19263543 957311623 119915138
1 840391458 817104892 656484202 62472243
0 708570667 292755120 438309106 885963650
0 221351800 712145224 316112039 959764830
0 604353193 844858953 927954282 33046340
0 183269140 389473128 993972438 205198509
0 279967845 129639696 232536814 207503461
