50
1 656643155 601147250 594720833 510183076
1 854991241 682870391 698624218 682330493
1 522616341 737032332 513479859 608489879
1 541978177 979668483 548600704 942520392
0 987802940 718756639 535364396 619134195
0 851177570 640330519 709845490 662922867
0 955438832 749731584 620186701 953970860
1 794760127 507392828 551645480 824842553
0 530938271 598147537 903376011 776227492
0 765909218 500833745 870583172 614599028
1 940777826 843002213 907374917 862680265
1 969881296 765179853 848015689 904007137
0 657182514 832773334 572882156 983740023
0 689974523 972680867 597830567 670818251
1 993214165 591486577 949782140 519526057
0 687411012 712755879 652456538 947817978
0 841329214 597418821 677319314 738133247
1 596441268 926753408 929217448 617788346
1 617622054 975338057 621930747 500129138
0 951285629 712188035 547813778 778732354
0 688029208 620884953 686144024 763762505
0 913202428 557653887 724456882 983664465
1 784783753 557977055 675741590 726911933
0 616233164 577377265 547669755 957590866
1 754636921 960105103 501293697 922058052
0 875056361 980015140 989742440 621238357
1 511969128 506216541 980862126 947259234
1 682614653 805859024 660840371 962295994
1 882297536 645043607 994450058 918438785
1 726340977 961837685 840394396 731070737
0 543192226 865944023 734352636 531875498
0 815215301 618243645 754090222 635118694
0 755930577 657758400 573888982 535791650
1 790910872 708871593 776861921 795494583
0 580734500 874666268 754988731 910801083
1 832966137 502963173 592853948 986886729
1 781798823 516078968 730104657 710866766
0 573250213 706872061 605650318 852650494
0 506301698 796205494 809948459 773869870
1 868893198 777264750 542199013 919054251
1 637419818 916476316 971117570 688460560
0 709097985 528017679 966825914 716948156
0 577670230 671104472 659349056 953483332
1 951317903 755574388 719882300 957756277
1 908217551 662012199 705357668 644187555
0 918990013 554942212 790127075 946750641
1 821908582 987125444 703674948 757559586
0 567447026 835989756 535599791 529806023
1 961760339 728280622 988792683 678702250
0 631534575 689960279 621303114 854668902
