50
0 784849808 655992912 642438660 703120066
0 748664859 559065600 875468998 682093662
0 734633699 871463587 806929850 842170484
0 985201759 719022681 581294323 925493828
0 651237316 703268952 553508266 975717763
0 711495930 775710887 576993935 643762317
0 662410333 724296482 670409204 879104496
0 571202202 576452266 561890632 873026579
0 803386087 645449162 776104857 655565348
0 883295279 973704869 668678013 782228224
0 884599136 906990549 643179829 981397562
0 781357558 927624615 622356855 631263916
0 839347714 995786537 554009901 784850816
0 761031824 507837834 713148294 856988406
0 645655037 542814855 734397294 954542308
0 597610917 815729869 726556418 765150600
0 694184318 686759447 910956714 930117571
0 882095084 513291641 890342804 743151470
0 981045032 932031586 674907749 730389671
0 931219587 816836464 752712320 600389549
0 733881655 541868498 949291067 863238049
0 542966502 703031803 966534781 836477692
0 787024247 514992461 834654743 908965643
0 909645070 551388461 848195757 926250982
0 841421413 883913353 967472058 986815380
0 936571740 547386294 904924661 676899850
0 555817943 917530716 994999560 949946361
0 726186781 648994579 675952352 731307986
0 964993855 624143444 670748212 833360011
0 968907092 587367981 975559943 783863817
0 515081928 801451906 801755842 600791114
0 877361558 867694457 515019604 916108707
0 743947459 738610566 556263632 830811423
0 567977459 665114359 598216859 838363789
0 818892236 957055066 941918132 559163385
0 992015499 564870162 636950309 705914587
0 532080114 612393294 757312365 565509300
0 962429033 743147043 953795375 753445064
0 519378155 601946590 998479095 516699627
0 668827105 505691306 569081108 634533303
0 652904485 534548128 511856317 566128028
0 884926415 940053432 591669648 766072951
0 699669206 511473566 616081633 810398021
0 828343510 771269343 689975531 551935240
0 738990478 538336217 993507156 849580326
0 560881993 599714355 737900547 825484135
0 872111818 763340333 803351711 698788177
0 983564868 796617929 584002808 755607098
1 986518909 837773962 668881797 551952491
0 993222268 705523090 811331755 687889661
