50
1 369057247 527937786 643957590 994560179
0 568261780 37447751 942166714 995403226
0 329876937 915439242 683086548 981071383
1 446628815 164315505 959703687 997812476
1 436998608 109034839 685607738 987503338
0 302232321 20191233 952924717 983502282
1 470655525 209888243 622328143 966133129
1 272099742 878160805 621977798 998699272
0 441933454 250243810 824575887 995084960
0 56278475 517225597 748019828 995889292
1 17821145 953371528 885828576 983880878
1 922739345 130765600 815653285 974940687
1 854535862 790144039 999488081 991428822
1 915137413 51855153 992322292 991106686
1 605998373 695126553 966603074 980417397
0 330424013 862483066 661340822 991196388
0 493653161 654125884 948939557 969618844
1 907874673 54040365 610551980 995430782
1 734927906 665091264 686338139 976459759
0 113100086 356449478 935031561 998466080
1 624343113 579673921 830413518 996020899
0 280566121 215500881 637221828 983238553
0 148798885 66499466 725282620 974235813
0 862457513 877536416 598363628 965521781
0 93517245 872683942 929244047 972519008
1 256257911 465855633 622072422 997296032
1 401981930 301761869 674708191 991117448
0 544470204 226957905 909889839 990265320
1 139178641 767982831 615291528 985132894
1 917967066 201558591 971722452 968543326
1 185833760 390014481 937415972 980112498
1 367708 841248136 903495880 981020687
0 72435352 329500089 836704347 984672245
0 641370835 214603553 732574690 990084732
0 17065423 17590017 785277137 999754860
1 441263295 252375422 718782903 998646504
1 477428549 926250786 667817548 968355264
0 384754138 122908272 606848197 991184129
0 367022001 493965018 644951540 971291228
0 626705394 293360803 808635675 981863791
0 499991176 422401584 624627346 980373627
0 855649179 319817593 884531206 976429418
0 952880615 844050158 772020920 970089872
0 225690516 19094252 999732046 976547625
0 807847546 330504743 690213523 993298698
1 305381642 57909165 909848478 972846572
1 554727618 108390002 717391864 966100376
1 129814185 107156112 962076849 972975091
1 420930639 582006896 850180105 971317812
0 108169114 390801766 718080577 983435863
