49
0 877150339 760136600 583603317 229817785
0 806232802 414911156 137264179 435227584
0 846973893 393208083 6358089 530770379
0 163712546 660844008 822391270 775401279
0 739357093 150930556 564028670 320056079
0 301679061 343607409 361202 112059718
0 204158751 500962742 676327409 829165994
1 439451170 883505084 171319777 762371416
0 654124720 168551084 906911444 497919168
0 96664917 476888239 734730326 520699522
1 267658096 187912325 460153867 974635234
0 793459991 331260414 243948932 151068918
0 239782757 889877526 541838390 563333060
0 336227039 597786558 220758500 50393306
0 645640981 867317656 564466958 990038323
0 270609832 67578423 503910946 649033309
0 842183260 525447066 688856436 383884613
0 318175460 639408637 384483671 114948364
0 484727424 129390392 821473991 577028049
0 18512560 374189377 727930493 758220386
1 715987842 57506701 400178037 949998369
0 357681992 959542884 6736159 209625509
0 44477622 512446565 314011860 560238566
0 202307004 769321420 731635536 500309231
0 861927061 747433527 707884594 722852459
0 3886563 928024827 519306461 675150218
1 917720018 722888529 331354922 822782733
0 37430672 752147165 789276613 199419265
0 127906730 215561813 115490617 946747882
0 891013891 601412960 961934313 35108979
0 242785152 586043875 154413712 873503705
0 474439842 903463498 726823423 698177962
0 6914984 177637271 625864235 314084505
0 751003625 275343686 908527564 570336619
1 466985858 890598454 520029985 286406732
0 922081181 343414079 971372946 147384719
0 536166091 784639779 740101950 171747365
0 916172615 932643568 650073798 15503698
0 925221935 18595607 849017038 300970592
0 174947296 86765755 395917830 754087018
0 893095201 139760656 218044347 516845426
0 944370632 280114106 154824265 897570139
0 526271727 107791498 667975130 91351682
0 191497725 386973204 784226135 371879177
0 344239376 927309292 62399617 882295575
0 583414920 660176529 29271420 62158734
1 853080768 985432133 185240412 796892689
0 279203386 602744175 507647608 848513101
1 476946382 87224631 390335616 926036957
