35
1 767514236 299542851 345079006 938337875
1 152320216 767402103 608390147 946715646
0 839697391 991987628 340719438 262042795
1 369608232 967353502 91788015 52704586
0 898167349 624235004 161337796 840745645
1 103123493 349447945 203496979 754319252
0 861028622 167885811 307471956 480748915
1 481289512 846310498 423460677 569165524
1 577022793 94798104 615985124 909410234
1 801760285 511056012 651215114 167816569
0 400742042 359791085 17550774 620951254
0 907952759 343081205 846558794 956971640
1 367740592 76237412 805122118 933676774
1 127161188 453121069 306831174 145338024
0 647880583 23715218 360190293 124967497
1 167329858 380807868 809440713 579666252
0 226921210 346262177 932169029 161510992
0 412442704 246470447 705170077 956522481
1 906804635 664759051 26566567 558888756
0 943788968 661752180 3215936 203808122
0 646061255 564316677 331756306 472211786
1 6200684 231730535 904695512 393767033
1 92342772 826423096 835035702 737778036
0 39875903 259139244 148578659 835095743
1 297894732 393446070 704411696 847075035
0 42859511 273532862 738330162 411022901
1 137183615 788977195 171888158 91349466
1 376713104 14221896 379246231 447261933
1 932901076 432559442 549552630 115649085
1 220719203 456922291 259327965 857143923
0 869239170 274003371 617682579 372764842
1 338526102 198331136 171172216 272197737
1 605732669 453800810 97757968 462762335
1 478179030 220931798 712569981 107611218
1 461750802 428987314 15994201 281984541
