34
1 112908490 623149881 649781720 366413185
1 553301378 472934201 716461165 267874094
0 43562308 1700105 629051590 97989171
0 589971170 468668441 312365747 181626470
0 231926536 993500606 551799375 788484852
0 840154845 369141972 561737046 905771525
0 655482408 669792513 699534103 755554055
1 840174930 599543398 540728438 955913110
0 978931210 933436148 944050588 281286955
1 566946647 817783500 718239034 601776104
1 521137739 754454351 710827930 838468419
0 139963589 542881989 209749452 674204506
1 440873440 430113995 398396847 982970424
1 294746618 1564125 74106280 786796632
0 623140478 368234178 235229506 598097950
1 161874905 507669670 538134038 219065893
0 637208635 90136855 698753185 251034773
0 526894101 552179528 467133684 487673818
1 282285941 417203283 870638953 805158769
0 520875439 644201020 644939193 893172654
1 137199858 316869648 372032298 103528861
1 775152572 745197908 169559222 121557622
0 579958856 677439897 760794698 49611836
0 757402219 445149950 677029021 538910575
0 914258047 379475666 214154537 335159824
1 413622342 739742664 432481351 972090939
0 15472372 332433749 133853574 667991839
1 516892088 177003047 649675953 113765673
0 713427072 527128030 2894368 747614867
1 323202255 167106163 12446535 893748153
0 126138072 231457256 973266592 799935201
0 191406913 816210741 912710757 449545054
1 81704502 226284951 698243510 813791790
1 805362356 421530533 526515738 910839429
