1000 5000 250
841 105
477 848
911 590
121 187
679 50
602 436
573 349
760 208
563 710
797 868
362 98
301 866
381 516
743 327
344 249
347 553
32 615
451 658
832 981
23 721
978 154
925 736
453 512
532 510
924 529
302 798
177 670
284 900
913 352
409 847
977 168
889 961
174 795
253 542
981 490
919 714
635 771
32 607
884 411
614 412
591 13
106 411
532 104
334 97
118 605
792 289
468 266
653 27
425 124
624 384
905 890
758 493
414 914
441 429
575 63
66 375
824 448
47 659
13 292
477 345
924 719
15 578
654 342
121 995
917 553
205 164
38 78
683 771
473 602
280 927
75 525
710 329
782 227
13 355
106 349
10 632
638 934
102 915
820 650
586 223
927 864
36 597
488 191
626 609
347 363
493 415
716 82
209 388
512 664
476 807
727 216
499 394
844 41
796 172
123 655
304 688
53 112
972 566
15 511
783 588
40 485
382 991
597 176
767 593
162 973
917 350
429 646
935 289
44 111
257 673
186 571
921 113
336 22
144 200
4 639
410 213
28 481
58 838
231 878
99 419
219 787
675 539
435 790
126 352
643 95
533 864
860 366
442 168
629 289
603 678
187 224
246 654
712 898
846 239
918 677
625 590
775 352
188 662
701 671
620 433
557 133
533 948
863 57
22 442
554 637
754 725
687 308
322 388
233 408
140 58
186 594
837 458
22 79
997 769
480 166
863 152
736 508
44 845
521 920
422 595
793 104
719 492
290 524
730 154
212 240
83 949
348 407
18 528
166 113
845 328
1 424
73 505
454 70
436 120
736 380
204 670
1 380
876 130
883 897
574 484
637 460
661 736
755 703
738 601
483 873
197 404
268 276
357 91
353 451
250 18
808 412
773 50
351 150
839 516
432 846
65 147
540 308
925 574
20 484
131 711
385 139
310 306
951 709
773 744
918 131
119 746
30 119
821 553
743 711
180 370
384 163
507 70
950 787
339 9
761 29
634 28
455 766
962 436
718 750
414 624
180 185
188 204
305 774
521 170
999 748
848 595
145 50
487 161
251 538
83 86
689 412
134 126
309 838
294 848
325 519
428 529
332 171
672 399
102 7
323 267
993 733
509 657
713 120
10 366
396 338
775 308
754 17
341 803
294 750
843 978
392 11
8 231
62 383
613 695
991 460
569 777
239 749
867 161
893 147
699 616
788 220
268 435
190 682
392 503
601 26
925 924
891 946
462 430
932 86
639 306
904 525
681 883
373 240
924 421
23 417
267 623
692 847
569 951
910 209
497 495
524 194
506 238
969 888
853 623
441 941
187 155
665 191
859 805
154 973
99 809
743 329
935 18
986 697
102 560
175 147
585 866
80 781
219 378
369 86
264 139
843 430
339 535
789 622
233 147
373 439
45 62
355 95
207 684
802 522
6 586
528 798
964 650
40 626
556 763
800 135
229 407
85 563
199 741
644 500
21 20
316 241
285 900
564 171
889 932
229 85
846 810
841 378
494 382
957 240
383 185
196 660
480 373
22 599
341 330
429 855
188 383
684 612
502 164
880 859
856 633
262 73
990 535
100 439
4 858
137 443
804 24
291 807
496 851
339 354
222 975
938 571
913 115
397 929
682 335
800 211
41 142
749 210
385 861
282 123
528 696
191 973
931 562
392 469
767 31
145 496
267 871
7 651
980 404
896 39
993 500
932 921
610 872
80 295
457 419
352 312
937 220
884 951
898 787
540 803
872 609
721 688
393 420
111 619
886 983
333 518
272 324
357 908
610 165
689 417
921 12
291 777
772 650
386 428
458 434
521 605
207 166
121 854
790 266
450 88
691 78
869 903
317 800
788 378
918 477
432 883
913 465
668 711
968 703
956 798
723 154
568 154
912 839
930 960
24 443
71 651
219 330
391 13
930 194
399 620
723 549
718 954
836 214
970 630
282 62
964 724
517 579
583 555
989 27
344 262
99 729
487 728
288 312
21 945
371 7
792 251
204 482
383 329
679 868
177 566
56 520
550 135
227 604
870 15
841 826
792 643
857 577
974 996
392 510
429 328
704 36
103 271
843 774
251 727
335 52
875 604
174 132
498 199
719 526
292 289
517 304
16 378
933 229
905 421
56 974
613 236
829 874
643 55
148 950
138 329
784 569
273 493
265 763
523 79
372 947
614 363
583 226
400 764
463 714
794 945
662 75
676 411
889 92
369 983
259 253
877 762
268 646
629 80
972 808
345 443
209 94
743 227
647 436
559 760
808 618
862 526
810 216
922 931
485 467
165 586
733 504
344 945
876 75
439 94
503 603
286 487
464 421
122 820
613 962
75 774
517 101
900 908
187 381
841 137
477 623
299 840
663 247
444 786
811 948
533 647
141 292
165 393
458 369
665 277
2 408
623 133
580 732
849 322
267 699
331 653
143 386
371 315
53 507
511 729
429 375
661 194
38 421
879 135
322 907
283 798
264 239
165 814
423 86
148 985
248 307
935 967
691 244
508 235
661 971
455 995
520 640
837 749
115 505
827 687
22 41
478 355
982 126
296 29
613 485
895 29
316 240
85 118
474 233
396 768
494 942
863 961
639 513
740 513
509 614
37 946
815 779
947 153
827 512
488 865
819 459
754 443
206 985
564 554
982 892
969 225
985 525
18 172
398 423
2 335
365 936
827 381
724 946
61 655
852 961
975 126
346 364
417 660
362 14
672 791
33 154
229 630
986 436
687 516
225 676
236 894
374 814
968 255
924 303
62 210
945 838
477 717
119 113
293 675
135 996
438 664
106 829
578 467
381 312
309 274
54 324
434 427
595 354
249 542
792 581
700 803
463 371
188 557
662 682
783 961
757 977
581 518
138 839
550 764
790 301
793 748
465 197
756 456
310 869
856 27
931 949
543 383
372 649
800 139
491 8
872 904
569 226
977 914
876 295
973 871
124 386
980 376
474 657
165 796
846 308
767 388
734 72
804 168
32 132
884 345
538 212
711 567
51 460
635 389
994 981
206 892
553 953
521 790
665 329
628 208
408 368
757 344
633 696
235 292
625 708
896 696
998 39
385 393
668 937
15 361
907 483
33 270
734 655
559 133
777 944
681 1000
259 356
293 632
269 660
122 901
516 892
797 854
419 428
600 43
488 618
842 127
962 301
369 545
830 51
557 322
902 535
251 130
253 590
957 623
523 901
664 840
74 890
508 641
424 985
53 966
625 81
732 956
672 850
682 306
546 226
25 223
990 847
592 591
56 569
242 472
455 910
359 524
275 170
625 168
791 690
317 525
267 650
311 445
643 482
563 802
707 763
943 386
434 51
222 350
746 401
454 59
469 160
850 147
796 383
298 547
30 675
452 652
826 591
422 158
347 73
501 26
100 172
991 379
988 902
488 674
841 960
143 41
353 113
714 343
792 429
700 593
717 547
663 500
117 878
132 685
119 528
271 154
265 785
313 909
523 807
306 171
939 168
525 115
237 967
441 355
789 374
471 68
474 707
237 836
121 146
285 33
857 735
4 725
773 200
877 77
911 359
460 76
932 968
108 127
439 101
929 696
981 133
933 671
283 376
510 891
228 770
305 139
884 368
436 817
171 529
469 781
752 828
752 183
119 955
237 650
469 291
357 726
361 701
80 230
517 166
508 907
327 552
981 291
190 43
377 917
108 188
497 936
252 384
995 446
473 124
919 794
744 210
402 650
31 78
468 790
366 277
512 696
492 942
264 508
796 168
982 502
848 168
523 559
138 368
131 946
30 627
87 799
789 296
370 702
833 901
452 597
560 828
145 267
736 84
398 716
200 961
597 368
118 427
580 212
990 888
692 202
934 522
404 965
394 888
521 382
49 486
793 617
465 181
561 464
862 209
560 561
108 295
595 851
700 347
36 348
318 390
2 333
236 137
862 343
340 507
310 658
338 160
257 691
707 577
117 89
750 637
409 733
440 605
813 364
351 271
877 148
600 754
691 395
855 944
771 234
359 535
971 360
702 120
510 192
148 289
772 662
856 467
289 587
647 370
213 814
758 208
514 996
129 416
90 420
322 436
108 607
530 618
553 616
801 133
74 245
889 324
387 908
309 178
369 779
601 65
733 489
988 353
309 137
607 95
9 897
855 505
285 642
773 453
292 176
61 834
917 274
906 204
837 632
206 876
541 125
401 466
838 60
47 873
644 405
286 567
468 567
282 902
28 256
766 105
810 92
54 819
396 709
2 70
996 274
820 295
718 988
165 94
343 631
347 71
690 393
121 619
890 878
520 29
371 888
47 370
56 654
982 636
405 22
97 866
751 95
860 9
784 48
219 480
543 451
276 351
669 464
380 619
740 401
264 130
465 3
372 182
206 230
257 273
246 249
338 139
230 101
983 170
624 142
700 293
608 124
830 482
51 659
402 724
844 505
162 152
830 502
267 783
642 516
12 397
358 173
524 858
491 169
447 780
808 779
110 366
792 721
281 633
82 598
254 163
100 865
732 211
159 27
188 59
66 295
750 366
178 976
385 649
541 167
205 959
482 781
365 901
816 664
644 236
794 491
228 354
862 89
30 441
406 780
23 614
896 563
372 414
885 247
373 265
195 674
207 403
972 756
554 83
819 300
672 630
753 94
224 240
580 907
344 568
831 27
684 926
710 799
531 120
663 702
412 587
10 407
852 563
347 618
833 239
151 799
778 64
435 828
143 185
257 91
146 525
943 214
507 92
523 280
378 95
28 397
918 575
638 786
237 414
148 135
422 346
301 313
141 732
924 67
598 115
412 695
491 720
93 95
889 457
310 562
343 875
347 966
112 814
329 14
797 238
779 274
775 846
395 979
131 670
743 504
232 521
468 894
145 175
38 468
204 659
714 475
219 119
679 474
340 217
187 617
284 93
488 998
953 593
12 482
947 748
805 388
396 746
737 965
38 705
608 658
251 470
722 329
7 902
681 748
371 480
521 51
200 901
528 752
668 82
816 824
808 516
30 777
834 659
470 549
893 770
883 8
591 115
463 210
331 20
429 670
107 208
667 568
581 336
825 878
762 713
362 509
10 48
833 436
279 844
28 379
141 595
263 522
124 166
408 501
38 472
813 812
576 717
890 780
740 858
986 897
457 903
730 687
298 864
652 619
783 593
717 408
671 561
931 563
958 97
396 967
889 744
430 764
733 997
105 952
906 303
719 303
938 953
789 32
160 289
30 384
588 124
288 137
132 288
204 239
54 89
219 633
187 851
772 335
608 390
347 944
542 888
382 50
746 771
926 664
699 793
680 961
562 658
662 408
278 135
253 111
474 691
336 448
782 163
467 63
562 359
538 830
143 723
610 194
508 297
326 967
183 70
188 952
36 796
361 966
356 342
849 3
43 766
408 343
97 838
804 516
499 588
321 664
811 780
331 18
198 615
648 850
21 147
852 37
534 72
682 76
902 115
778 346
940 236
669 925
136 499
353 86
837 596
994 476
767 146
832 428
723 752
286 280
669 707
669 296
121 772
585 116
299 395
584 11
412 529
947 37
38 151
238 421
457 695
64 296
538 631
238 736
608 705
938 131
689 269
958 497
551 928
995 715
346 411
480 873
610 266
230 472
331 3
600 626
381 91
416 975
533 448
98 955
804 334
444 631
875 133
533 537
684 556
88 678
159 431
506 483
971 987
574 461
156 55
30 864
310 50
725 213
374 19
514 66
182 735
178 874
795 995
96 650
306 741
256 351
456 898
480 176
208 565
675 85
792 920
912 808
533 994
876 379
456 245
553 446
119 41
143 22
740 631
712 127
614 428
4 937
309 625
672 112
912 805
162 363
268 71
100 161
613 333
348 545
179 360
103 572
962 245
8 381
920 466
612 110
983 25
722 403
371 307
182 668
198 271
182 868
989 531
182 486
486 22
447 180
612 840
841 677
729 112
166 873
481 388
200 882
235 58
877 255
501 101
854 8
285 968
679 981
746 375
795 953
223 565
923 762
619 567
565 537
392 219
310 685
614 641
538 680
499 528
64 531
250 611
747 39
103 680
134 456
607 949
911 31
441 571
417 77
742 295
159 858
136 301
15 326
29 677
590 529
131 785
688 419
65 481
845 556
132 751
797 641
44 453
644 617
331 42
103 477
574 664
827 33
454 361
808 890
38 763
252 893
80 138
795 606
396 767
467 301
497 567
592 83
182 330
778 219
697 735
414 858
126 745
4 135
688 308
378 346
230 475
336 705
262 575
648 787
550 609
287 542
978 306
440 903
325 177
651 449
765 505
13 265
835 86
600 516
790 275
341 751
990 762
18 359
789 179
872 965
501 415
133 163
904 133
958 342
46 941
506 135
334 873
369 48
914 112
43 864
248 861
640 481
795 839
372 741
461 834
585 642
12 995
743 569
61 901
734 606
303 542
372 954
408 16
661 354
323 262
474 33
309 989
20 368
464 495
285 702
195 213
900 502
123 66
734 329
441 751
93 681
118 261
757 51
187 963
870 327
854 579
339 874
496 134
184 733
400 735
35 389
2 129
740 81
122 340
114 180
436 81
638 563
268 937
966 390
317 731
982 551
142 861
540 231
526 702
597 955
453 543
851 214
638 892
476 439
190 608
851 871
102 50
845 209
957 476
690 627
59 934
810 903
181 702
722 721
293 814
810 620
273 748
759 297
900 234
489 685
118 729
837 686
834 360
725 101
481 379
24 295
155 598
365 681
305 255
24 605
811 558
269 101
914 301
323 376
49 552
584 393
129 281
461 215
400 774
586 803
697 786
141 851
34 674
369 216
253 727
977 505
662 973
841 975
36 880
836 809
725 612
663 856
40 736
494 368
603 366
690 235
683 31
479 359
893 949
290 639
759 577
248 671
754 946
314 251
566 726
930 481
768 878
775 496
544 640
808 398
437 492
789 12
847 266
688 515
647 489
743 953
964 478
834 618
181 866
98 209
551 504
905 668
535 866
129 859
862 16
432 494
773 977
824 917
203 240
422 230
504 147
801 552
106 466
851 355
549 745
919 882
238 311
930 230
676 210
993 405
375 525
700 423
392 676
884 678
982 523
523 898
654 968
286 325
228 505
201 985
526 77
348 931
385 81
474 296
603 951
256 838
532 926
470 916
197 22
7 123
478 330
282 474
206 617
504 86
719 230
689 664
184 637
820 252
889 82
484 653
347 567
778 733
338 240
42 39
18 543
812 649
792 479
132 495
343 439
162 8
80 133
12 782
734 920
87 55
830 63
154 355
357 301
179 133
656 726
710 967
902 890
548 470
918 399
310 563
788 62
413 753
142 193
75 380
603 164
877 253
159 446
642 243
607 659
961 133
923 748
573 992
634 44
43 151
318 312
758 719
656 8
760 394
655 411
455 682
136 868
323 685
724 120
491 39
394 127
15 549
867 943
123 641
922 614
708 928
644 75
969 85
533 750
560 688
662 58
975 175
532 454
477 817
31 762
547 987
954 914
487 166
465 823
455 832
678 677
829 22
864 424
455 368
711 490
706 622
628 625
144 94
996 941
211 152
201 675
929 51
802 677
140 261
151 142
32 847
279 637
661 515
970 510
108 192
91 150
993 607
90 26
432 857
605 381
924 37
201 381
6 606
438 596
339 713
813 518
783 425
552 963
850 832
818 528
252 404
434 482
917 874
506 525
32 722
992 420
14 170
376 312
209 764
410 219
756 33
269 381
601 64
997 105
778 391
327 428
71 745
860 839
500 79
368 753
390 308
506 842
692 828
129 287
977 666
16 450
399 941
578 133
664 217
719 361
116 967
201 917
276 378
417 752
736 464
861 419
746 390
455 333
693 39
696 173
607 416
204 605
96 128
732 633
510 318
752 81
236 711
626 753
899 774
792 949
82 79
569 855
930 222
847 120
693 830
852 319
184 388
325 630
268 678
212 456
61 785
977 623
306 287
284 568
340 386
13 183
508 764
199 565
740 747
119 351
377 816
684 173
947 967
773 329
458 297
507 616
523 57
335 88
80 70
144 955
254 685
956 861
793 152
54 988
617 427
23 572
699 208
134 975
583 194
740 172
375 350
136 549
33 381
344 657
601 719
667 167
938 960
789 244
579 967
339 863
837 614
718 259
789 196
580 354
314 89
2 260
930 952
141 72
717 587
546 509
206 419
69 380
621 553
229 301
107 437
571 708
177 223
719 169
782 630
731 618
880 332
407 873
253 946
994 924
113 495
302 308
397 827
317 703
837 989
476 673
42 117
138 244
620 120
557 475
5 639
757 839
560 895
307 840
369 191
815 706
727 673
854 547
187 986
848 588
285 41
622 882
465 315
857 99
34 780
557 481
845 748
69 552
906 859
521 283
847 27
813 128
118 104
528 172
417 630
896 402
153 194
736 943
144 80
143 751
667 974
760 606
826 663
722 542
801 214
758 640
224 114
309 725
629 575
621 888
574 437
131 231
503 915
710 313
837 327
792 883
731 493
970 786
118 83
936 419
336 139
321 733
838 712
453 420
248 266
507 927
132 766
311 216
626 202
45 986
725 632
707 476
21 249
676 17
42 728
16 844
827 959
190 363
320 932
426 194
704 469
538 153
519 353
826 291
254 827
513 27
571 832
956 599
376 380
613 978
851 781
867 853
718 959
363 822
738 766
993 514
617 163
279 114
299 39
262 937
533 114
347 782
125 118
879 468
605 170
512 858
281 158
224 401
641 295
379 840
975 686
589 295
207 910
874 445
265 346
343 296
301 979
41 270
669 339
704 803
494 931
402 583
49 956
874 703
387 534
385 263
385 75
480 105
720 609
767 855
524 686
719 966
975 650
298 242
682 79
900 522
188 281
227 247
116 651
233 687
808 366
994 644
473 573
357 98
794 670
679 38
325 233
689 271
471 489
410 223
722 648
368 883
13 241
339 16
199 426
326 185
197 344
383 193
970 671
793 891
509 91
879 81
626 433
478 744
85 748
740 209
448 614
731 651
663 363
399 615
338 586
484 527
987 774
36 201
863 556
298 260
723 186
224 384
320 560
667 49
896 685
886 623
935 999
919 243
982 258
341 588
129 833
131 750
448 620
408 927
885 954
252 42
437 851
318 456
905 66
287 687
958 117
373 502
792 468
982 705
480 84
414 101
96 624
635 902
503 76
455 115
148 499
547 446
187 302
756 461
863 908
156 264
414 787
82 430
235 604
693 413
525 313
165 975
207 401
16 832
964 782
885 853
485 590
973 909
320 579
953 814
753 81
409 318
880 509
149 861
841 111
442 14
938 926
339 140
121 674
394 341
831 998
975 891
281 292
290 779
923 344
940 864
3 814
917 104
305 95
331 152
587 502
862 659
458 681
513 449
867 770
268 929
886 72
778 814
141 252
516 748
635 970
396 390
851 572
103 106
118 303
23 657
626 731
8 94
392 916
792 651
192 261
561 426
323 856
709 545
109 243
441 903
855 525
89 481
689 848
623 390
494 355
365 985
144 215
96 411
613 116
371 214
2 986
232 319
592 300
678 150
605 208
884 813
259 955
137 245
972 85
923 503
188 342
980 748
717 990
652 476
102 174
510 483
732 636
123 258
620 864
236 407
318 21
628 445
473 485
59 247
130 493
882 401
717 684
468 203
444 415
950 590
55 695
140 878
376 78
863 527
699 322
404 194
236 908
910 791
699 69
129 106
797 359
267 690
478 82
889 404
968 401
100 526
295 147
817 433
444 303
323 752
360 139
499 908
885 552
559 13
743 296
559 349
134 46
606 304
880 429
567 735
722 940
856 895
238 999
114 384
238 511
339 782
12 605
982 903
66 393
564 638
121 630
187 363
680 686
626 327
418 336
546 93
989 670
121 106
204 847
606 977
233 771
917 26
441 225
794 909
144 326
693 40
747 597
765 887
19 168
969 558
409 250
272 85
687 366
294 51
42 262
586 594
325 633
870 519
887 227
706 116
555 404
725 76
165 98
519 570
813 962
647 747
1000 240
476 60
253 52
564 319
705 572
894 8
629 113
532 644
447 322
805 467
440 85
134 433
644 808
644 483
485 764
410 589
295 60
159 227
808 715
818 449
113 786
951 194
568 98
672 158
663 359
229 238
279 588
635 671
784 71
575 713
59 248
741 802
250 648
859 59
811 216
854 54
982 231
281 583
129 137
592 622
11 551
141 274
894 208
218 626
765 142
275 482
730 614
925 965
514 259
267 380
76 952
246 847
456 828
958 334
473 558
103 95
684 761
961 26
356 57
977 751
605 598
646 697
385 955
845 715
986 676
773 954
396 292
237 901
56 269
819 895
392 673
129 701
845 332
62 421
7 762
178 116
403 979
679 240
365 892
833 127
46 562
222 211
437 627
517 345
345 848
803 516
911 816
457 229
518 433
634 575
626 785
233 844
669 869
305 570
100 554
48 490
107 505
435 748
884 219
850 41
102 94
732 387
566 502
257 563
345 387
283 445
438 806
156 101
144 675
268 130
500 781
560 946
794 450
336 185
644 247
144 711
523 937
461 240
195 635
588 430
477 996
233 261
133 694
8 500
422 711
867 72
479 217
517 554
699 762
559 587
88 29
835 689
143 373
200 632
825 806
885 210
205 366
54 338
511 412
52 713
441 696
155 875
612 139
35 754
938 99
669 543
738 71
38 859
793 216
221 566
56 125
925 350
508 389
510 261
793 542
952 101
2 670
136 487
429 832
755 516
624 909
644 43
581 834
543 962
85 170
559 335
186 98
30 190
403 663
522 515
551 859
223 952
875 856
894 916
151 423
929 324
82 903
974 791
262 624
519 440
629 170
288 762
773 291
506 688
823 60
165 138
738 280
997 713
228 525
448 687
186 88
324 512
177 724
474 456
534 273
480 483
821 164
285 42
828 593
530 104
974 968
326 829
555 822
935 643
54 794
98 120
765 387
824 72
626 424
875 558
77 273
560 568
763 944
818 120
141 955
115 352
795 39
182 786
964 572
702 216
368 354
174 77
758 819
213 86
136 796
445 481
306 502
108 985
647 328
870 640
272 908
610 44
465 183
122 446
459 89
806 319
331 571
293 563
429 231
872 123
911 746
496 241
43 312
458 783
44 852
970 66
833 196
310 273
294 82
975 649
333 467
994 243
795 85
533 433
643 460
608 384
722 527
747 723
622 777
309 796
275 573
982 575
250 893
145 768
448 561
877 544
476 381
195 10
551 353
746 762
404 882
326 562
109 8
264 162
149 928
469 910
725 531
538 577
582 949
837 919
564 407
456 516
792 749
44 450
107 404
700 633
993 112
327 863
879 982
689 857
532 805
886 440
306 659
102 99
383 113
481 274
425 627
167 694
960 968
188 966
264 749
945 166
17 245
147 764
830 194
195 983
859 413
368 653
912 307
293 272
519 41
356 871
943 856
195 340
362 439
473 938
73 593
551 721
730 152
789 408
863 987
371 233
870 729
499 479
440 612
647 49
671 712
933 463
987 861
515 505
392 216
252 83
249 658
454 856
778 524
823 51
514 324
784 611
978 43
54 916
325 287
669 313
643 166
100 470
148 445
348 916
572 324
546 112
723 402
792 630
16 781
403 537
452 558
284 355
576 575
552 295
985 449
467 352
595 897
121 245
923 745
125 572
487 931
144 478
905 346
307 807
922 568
256 386
722 915
534 154
49 914
236 710
74 872
347 895
341 752
784 69
834 694
793 352
957 260
517 244
345 771
15 727
848 95
753 356
520 88
826 317
837 848
760 437
692 189
143 54
155 655
982 211
820 822
661 224
21 442
207 765
316 902
488 467
187 624
756 883
943 384
251 615
563 380
714 529
820 556
600 517
130 764
773 591
106 397
924 833
603 563
930 33
471 311
339 194
34 664
44 449
773 470
118 393
1 803
190 736
309 903
982 441
683 698
459 534
80 128
190 732
305 779
454 239
119 979
887 158
465 176
469 873
70 240
48 944
162 115
657 695
948 687
573 728
260 727
958 505
430 170
223 623
166 173
875 582
233 770
276 460
721 408
544 524
721 20
733 223
546 96
648 52
7 892
477 93
153 161
341 55
132 934
759 68
920 786
469 358
35 742
136 392
179 802
572 596
396 189
2 498
867 344
785 695
53 967
820 274
425 460
397 549
17 84
200 637
448 83
926 375
252 113
210 466
826 511
363 113
976 104
220 29
812 203
819 11
140 231
195 249
804 451
517 362
296 113
509 941
857 581
85 796
561 216
933 465
931 987
71 751
561 713
601 984
843 13
605 213
662 265
49 857
252 574
400 572
975 172
775 605
321 907
254 7
759 874
278 126
285 682
45 825
410 425
939 491
988 811
873 878
67 105
435 514
236 529
304 381
648 378
514 240
524 713
32 42
413 692
654 353
767 16
838 888
791 83
889 700
792 773
722 426
503 540
141 373
391 544
353 537
182 701
934 864
676 172
893 641
54 665
964 425
179 204
765 574
626 33
566 625
453 840
541 380
110 86
913 140
639 858
321 166
341 977
323 852
498 553
603 317
648 989
373 537
540 640
454 607
880 632
337 79
679 722
265 152
318 441
855 291
99 549
132 692
837 734
452 21
138 86
73 164
34 823
13 356
409 774
978 335
800 127
982 764
468 547
921 563
31 822
536 822
138 265
260 708
336 697
783 653
550 415
30 155
767 892
645 271
283 287
259 316
844 779
601 255
336 542
625 466
730 763
541 367
436 350
363 95
733 751
457 201
47 781
636 578
376 907
520 907
418 855
465 312
187 946
497 335
84 677
272 618
939 327
707 445
479 874
765 958
908 965
4 180
51 266
21 659
775 803
385 675
64 399
560 786
918 16
899 351
597 777
17 77
450 832
569 806
215 871
339 609
707 749
810 485
862 419
472 715
251 980
536 994
1 98
971 197
934 217
501 505
560 800
268 296
854 975
826 539
978 304
1 147
813 8
121 610
264 307
34 515
714 310
983 588
298 947
638 513
756 101
304 735
7 943
98 914
409 593
719 551
353 657
789 430
884 2
353 172
87 768
30 442
727 73
806 888
261 987
79 202
453 351
3 41
717 351
581 543
758 567
609 127
100 453
61 300
846 796
471 746
991 897
812 681
935 516
267 137
670 378
889 177
289 163
845 625
921 651
662 874
720 641
643 70
976 962
134 685
957 963
416 839
60 590
349 577
281 869
688 63
40 528
698 26
828 715
281 909
993 490
970 715
279 319
736 448
610 410
574 980
207 736
879 282
580 914
766 91
195 397
625 411
732 524
591 582
461 88
733 739
969 415
722 711
407 20
547 611
200 41
820 849
680 850
825 59
31 342
447 208
827 660
633 590
103 743
504 524
413 515
323 848
396 85
982 913
44 424
317 158
45 948
36 589
912 813
377 840
564 293
233 526
286 179
509 768
372 17
192 210
144 677
104 110
717 976
514 937
155 116
528 442
351 39
157 419
890 987
912 688
662 637
743 732
674 962
813 855
964 778
504 191
982 248
821 370
532 558
361 79
788 498
925 452
797 197
30 724
278 418
694 728
306 297
647 926
843 750
446 787
130 381
362 251
151 501
461 273
723 977
72 946
453 577
872 799
445 881
765 281
477 891
15 597
250 171
155 25
921 375
195 544
340 858
140 41
947 373
757 221
976 70
408 354
692 217
841 339
200 954
444 440
564 611
918 285
560 87
752 152
668 426
680 821
912 604
154 401
33 96
321 709
64 173
732 829
597 416
797 112
53 860
875 666
630 822
443 840
897 291
408 482
471 330
13 19
762 135
119 894
890 48
511 968
956 415
648 552
922 567
400 112
940 715
808 563
907 442
681 829
306 666
206 525
615 303
503 878
783 300
815 146
635 833
486 211
976 94
520 373
741 308
471 78
396 343
639 105
416 623
757 157
792 354
20 907
416 699
722 12
719 673
523 345
75 952
203 847
72 312
449 728
316 670
532 411
633 920
844 242
321 687
626 447
824 944
338 614
933 3
237 337
410 973
301 892
18 63
816 903
882 616
100 839
237 219
872 398
465 649
949 909
256 140
141 314
286 865
954 447
307 928
738 650
223 116
180 694
730 695
124 14
758 683
377 558
559 445
156 875
976 806
223 505
884 111
252 641
773 393
367 46
454 319
630 274
879 642
188 510
53 441
373 160
144 354
988 166
288 865
54 591
906 687
257 674
805 271
282 235
919 75
988 997
15 31
70 502
575 346
669 280
432 223
486 636
607 710
982 786
862 624
219 404
784 244
8 295
832 470
652 768
16 708
643 269
31 52
497 503
198 547
808 612
931 431
363 748
488 153
895 445
563 342
138 642
267 98
332 786
930 966
689 163
837 917
986 214
195 482
862 565
901 973
776 429
843 123
773 73
880 145
943 518
352 909
407 22
665 60
35 127
795 562
925 949
767 426
906 782
106 154
387 542
471 400
876 218
323 693
318 431
851 962
491 25
772 19
2 405
806 234
340 157
836 296
305 905
314 170
583 60
280 967
429 274
545 421
285 434
929 116
457 611
932 494
321 937
136 751
230 731
759 931
585 167
986 926
341 573
613 564
538 312
906 277
848 708
857 170
248 63
608 382
530 198
872 631
608 699
136 572
106 977
744 537
837 238
432 897
463 502
343 84
668 95
149 340
134 561
693 447
359 289
755 641
199 900
188 393
930 273
559 96
935 965
760 650
38 686
674 214
905 445
775 160
668 968
284 427
90 413
856 583
885 306
736 111
511 240
794 537
853 291
613 441
810 172
93 752
732 431
573 113
521 823
492 112
827 342
256 831
207 785
580 663
132 929
362 307
983 709
511 342
805 431
595 902
794 425
705 63
962 807
2 328
998 151
841 750
476 464
895 685
756 18
717 171
193 745
146 366
362 747
889 491
918 855
560 456
187 213
348 676
706 440
569 695
87 508
568 466
250 92
61 907
846 694
870 283
257 78
824 160
647 324
661 181
143 267
920 745
758 126
766 696
284 191
32 399
418 577
285 907
727 270
542 809
754 83
181 524
813 814
880 910
663 163
246 779
913 802
229 998
346 660
42 753
309 897
136 17
268 665
913 160
635 966
455 535
288 401
692 632
96 694
138 633
367 895
102 218
344 890
97 882
750 545
165 724
67 609
56 77
260 990
995 380
831 19
174 946
788 642
369 204
74 422
356 542
843 927
41 113
283 420
367 115
801 709
165 811
536 47
824 415
317 426
524 329
947 445
425 116
637 152
504 85
934 795
436 897
108 632
597 558
507 27
215 213
643 526
980 595
157 636
690 203
611 189
418 987
925 928
765 150
853 352
541 941
883 151
2 795
151 466
790 164
268 835
783 329
962 495
824 446
327 599
1000 796
822 786
108 538
765 245
75 434
698 18
530 315
122 201
510 650
724 211
78 292
138 475
702 110
635 91
478 317
950 19
865 658
684 71
410 138
429 968
716 79
906 27
190 977
520 727
991 350
152 89
932 798
754 75
389 22
365 361
501 464
268 719
412 949
246 579
77 878
994 544
993 821
251 657
44 341
811 596
564 744
263 743
40 258
140 720
830 216
404 688
338 760
474 381
267 582
784 540
335 528
38 322
488 957
279 200
724 861
886 236
108 313
252 769
292 29
849 260
343 904
773 265
290 668
135 881
413 352
958 267
643 436
268 255
253 379
625 851
351 664
569 911
570 356
249 427
489 553
510 44
265 434
860 414
953 379
842 556
667 339
103 588
71 202
233 215
756 599
902 838
759 934
349 653
620 914
916 210
629 618
125 83
149 578
345 228
11 489
1000 483
930 217
132 856
474 491
700 935
285 228
899 483
912 981
483 60
550 746
456 874
964 182
509 318
734 441
369 151
635 41
867 135
679 375
623 967
669 468
473 15
835 302
389 942
905 192
826 55
30 657
66 173
267 528
925 386
990 855
751 83
679 701
557 109
602 769
262 871
272 37
531 963
437 511
341 572
300 412
615 105
860 928
140 897
717 751
128 70
744 209
634 475
654 699
939 615
351 333
141 352
157 997
938 873
376 428
255 928
3 260
993 341
206 69
551 583
507 902
682 998
986 119
54 952
225 408
644 333
279 504
444 978
779 671
337 849
503 357
667 562
81 150
528 94
405 688
653 185
536 706
753 673
920 542
34 593
901 614
413 466
497 115
37 66
461 660
922 977
107 266
925 724
357 708
47 428
803 91
50 204
743 508
117 677
38 129
938 118
496 549
90 19
32 425
18 887
60 116
870 415
218 80
837 162
831 991
33 898
917 737
294 815
613 25
199 209
812 82
494 926
679 373
975 543
491 727
311 997
223 593
995 265
519 332
17 651
253 671
384 768
459 465
859 404
440 484
177 72
681 213
917 395
936 596
810 774
936 898
717 977
58 501
905 440
360 565
396 237
93 685
494 175
323 270
26 618
197 426
679 383
498 370
819 834
261 383
43 380
602 571
859 878
778 194
122 487
804 568
456 411
546 264
632 871
683 13
667 21
462 522
555 91
526 359
667 18
497 218
146 796
461 710
968 904
723 522
538 909
244 393
32 497
600 709
536 905
893 975
560 950
513 624
275 946
837 375
95 590
868 658
933 323
195 657
738 638
338 929
469 178
290 686
772 171
957 92
690 83
585 899
479 166
405 266
250 336
979 231
369 163
841 891
551 771
943 946
849 568
559 965
105 133
955 567
849 609
206 887
782 899
417 716
889 202
724 29
661 779
290 508
468 504
706 861
779 832
884 762
334 344
311 779
976 650
705 60
982 983
966 525
917 70
16 117
896 346
198 509
416 343
717 878
692 728
904 916
714 562
93 555
424 210
721 106
503 983
512 780
284 474
671 395
271 384
347 44
879 929
299 7
44 907
323 843
263 390
669 748
831 79
389 287
280 568
627 881
318 406
896 778
64 434
812 959
576 991
444 801
4 570
762 319
837 384
74 684
852 253
884 958
779 88
958 270
482 113
766 328
637 379
782 328
22 578
327 882
25 214
824 573
766 329
906 654
731 786
359 937
27 168
54 886
175 749
37 63
448 126
442 150
348 178
143 734
207 414
563 892
75 109
592 955
503 769
966 999
870 172
860 448
294 264
144 308
132 628
367 133
284 491
49 220
35 967
618 315
392 381
122 763
425 423
450 213
367 22
993 11
639 558
629 904
879 460
773 706
669 702
528 855
717 486
966 961
280 769
224 208
34 500
293 786
156 360
20 179
68 522
509 785
75 543
222 663
540 342
827 147
134 215
569 349
693 197
280 547
93 1000
104 255
236 415
129 304
380 953
595 329
957 553
638 373
345 598
177 33
906 496
956 97
40 768
263 327
2 639
879 906
532 908
970 787
578 95
585 355
914 891
510 983
405 313
808 934
869 424
786 529
269 984
205 504
874 289
148 97
629 220
136 676
468 902
45 386
841 921
11 217
30 465
477 162
789 494
797 160
821 991
994 847
201 565
877 924
879 615
441 446
40 749
796 799
534 731
759 937
704 101
5 777
906 150
508 904
224 625
107 563
341 270
945 651
59 192
287 273
580 589
905 414
205 880
704 94
646 404
293 756
559 214
837 819
667 724
907 167
23 540
682 242
357 684
993 277
102 966
700 557
533 427
333 749
104 874
654 407
743 929
299 928
129 780
718 217
489 210
905 874
758 631
447 381
794 248
28 346
402 225
995 493
12 71
54 267
674 737
597 217
610 473
870 496
743 228
910 316
407 424
122 598
457 218
719 858
796 426
842 650
681 578
281 604
960 383
634 22
601 381
853 240
770 878
121 755
561 593
278 871
106 197
772 951
908 291
89 433
49 189
196 76
21 382
98 995
633 535
886 26
917 871
469 259
533 807
306 269
683 46
993 702
793 428
265 660
772 354
621 70
512 41
87 581
948 604
71 311
259 852
792 930
484 244
647 733
877 644
357 750
45 589
435 764
964 537
498 342
797 534
912 107
345 856
652 614
144 886
535 39
498 350
145 865
742 90
280 429
422 775
351 909
985 659
121 377
712 531
830 170
743 860
136 232
919 529
506 351
75 901
611 687
530 717
33 527
712 161
865 14
131 111
564 524
276 842
194 449
831 85
820 750
681 329
38 568
968 983
969 176
175 379
224 535
743 11
281 999
58 965
74 625
794 490
371 447
453 164
591 599
102 485
424 380
40 534
551 770
248 105
914 443
825 500
188 114
487 483
142 210
459 968
239 588
517 917
253 786
783 231
398 665
656 197
429 890
752 630
690 625
725 271
557 137
794 376
714 79
282 703
369 90
884 665
922 70
539 984
697 277
175 944
8 937
279 235
316 761
969 658
116 764
592 285
413 766
631 828
93 324
877 908
836 203
954 360
52 524
286 301
225 948
34 598
819 753
811 655
743 292
596 14
209 208
508 814
429 9
187 726
689 722
137 865
32 528
935 556
28 456
539 161
132 858
452 73
608 845
458 523
267 684
508 414
782 81
550 203
224 865
223 170
905 408
719 210
207 541
42 386
32 547
811 77
89 703
87 492
719 80
634 18
368 786
619 273
136 169
263 966
969 453
572 674
886 739
816 308
489 729
345 688
950 117
209 575
815 513
845 949
50 822
610 494
790 793
595 375
458 210
105 941
398 91
972 367
122 45
986 856
180 944
750 768
187 475
108 312
915 749
759 1000
430 366
617 433
375 549
199 26
689 558
922 595
348 814
244 183
690 544
546 196
103 146
339 748
246 862
128 577
795 965
2 516
281 565
403 395
142 384
293 771
710 695
254 258
922 171
923 231
47 405
195 403
974 455
468 681
970 965
896 415
940 495
736 306
854 256
15 417
714 868
528 470
397 623
922 799
450 456
690 368
146 175
302 799
138 82
982 408
884 627
319 928
615 907
820 709
571 961
693 345
789 320
661 349
281 962
53 746
162 928
775 273
784 854
641 984
826 79
972 422
475 567
361 872
758 888
959 57
535 48
21 97
457 665
333 379
142 460
286 805
33 522
243 688
504 687
491 485
821 301
667 705
530 116
520 861
528 711
405 633
64 751
630 728
300 326
299 248
129 764
148 10
732 591
617 928
906 711
880 335
856 354
422 720
883 315
514 400
917 86
906 59
382 451
465 475
221 75
730 623
865 258
378 888
615 562
652 949
608 967
499 57
42 376
672 367
346 502
32 735
629 605
621 476
989 646
887 858
926 273
223 308
956 298
929 636
893 411
338 590
970 810
7 915
285 260
568 892
82 41
73 183
983 370
638 839
237 977
370 645
190 125
134 793
974 712
743 62
286 469
455 674
80 895
356 599
889 566
299 116
538 567
340 426
178 695
893 398
288 577
418 390
246 799
454 308
31 449
837 169
571 897
317 883
198 412
548 924
100 252
514 900
608 265
410 486
370 428
820 358
184 799
357 715
104 142
149 810
320 413
544 847
682 699
71 674
229 750
6 899
54 1
913 34
85 513
689 593
991 421
754 69
394 280
283 37
204 802
723 152
794 576
483 216
679 877
377 953
311 333
569 960
635 788
887 248
61 759
772 257
290 818
922 34
232 847
603 319
918 30
487 196
575 240
624 433
885 414
186 241
613 955
204 142
993 849
793 674
38 635
122 939
739 304
331 416
712 266
361 464
446 660
282 352
39 164
924 990
979 822
180 839
58 894
239 332
596 965
971 552
334 787
126 802
569 904
257 779
801 735
982 41
989 963
305 803
733 776
533 480
978 855
494 213
107 194
186 573
647 779
457 133
889 50
631 861
408 178
901 599
567 786
755 659
896 935
334 273
551 203
440 72
682 848
523 375
986 931
954 883
793 973
74 304
576 881
459 83
791 596
474 130
242 57
299 410
384 220
61 926
268 114
770 60
302 489
691 101
108 758
407 482
124 963
76 590
32 333
668 158
738 829
873 94
911 900
229 427
188 329
703 920
1 383
126 587
794 643
359 173
557 438
256 475
334 664
251 378
826 747
38 619
250 16
16 558
982 459
680 903
639 753
804 433
627 632
868 687
723 830
886 96
417 528
137 920
645 152
976 695
377 859
78 493
784 308
41 703
740 875
524 984
208 240
519 504
298 873
42 41
114 801
300 223
706 406
755 203
690 678
868 301
859 508
725 152
790 342
13 686
698 540
310 124
681 903
919 325
802 245
243 163
80 292
212 316
947 590
945 436
299 525
246 57
652 438
416 439
272 620
432 653
285 515
49 589
16 483
197 400
835 900
520 952
177 612
588 567
340 181
993 948
122 372
469 194
135 984
950 298
514 434
323 75
541 95
867 570
286 517
102 108
76 210
729 686
12 883
238 830
863 137
886 231
980 649
574 845
662 680
99 598
886 300
405 14
410 22
661 353
886 914
597 292
995 154
824 269
564 927
900 240
893 833
59 69
12 761
476 952
285 57
976 308
826 865
282 550
140 301
219 670
689 863
982 356
962 73
243 213
580 218
634 875
206 184
87 3
550 20
796 666
340 468
826 125
108 695
105 342
232 300
454 265
514 574
918 108
36 98
190 875
369 67
664 439
410 897
275 427
282 526
53 86
584 248
849 894
365 709
637 14
913 614
988 665
310 3
448 528
907 873
314 133
186 802
301 431
880 16
78 814
723 109
932 683
497 671
638 568
561 430
294 746
756 641
334 79
796 292
921 951
506 356
224 724
182 622
157 398
922 662
339 19
344 587
913 588
237 902
951 322
66 405
910 558
667 98
556 79
30 216
504 194
340 768
152 866
849 886
254 306
184 39
194 379
32 98
74 445
879 509
652 423
853 114
455 388
958 996
23 384
395 381
915 648
331 616
635 118
184 50
250 245
760 834
725 803
5 630
318 177
767 749
491 623
61 146
41 79
53 640
257 739
795 768
771 686
458 483
637 191
136 125
785 247
841 438
971 230
717 628
100 714
972 325
21 909
262 873
744 330
974 630
654 927
127 650
442 865
491 27
930 175
732 828
289 892
817 170
852 380
145 2
614 60
513 439
102 379
377 325
216 949
305 403
756 571
263 283
111 822
922 99
918 323
496 1000
679 381
156 203
463 97
408 399
758 192
179 460
149 103
84 822
49 694
35 556
21 298
119 527
842 763
292 697
349 359
667 423
323 217
248 421
646 895
980 406
872 211
397 5
487 401
251 903
579 678
907 524
444 399
742 34
826 452
684 50
519 134
425 72
71 527
615 335
358 916
318 154
180 605
908 194
498 70
128 112
3 364
879 522
15 277
576 261
723 220
187 460
78 170
461 943
964 886
38 343
749 412
905 280
174 208
998 619
225 699
520 413
123 374
876 903
281 967
79 502
517 764
182 848
148 901
718 847
717 265
263 339
846 419
669 126
50 69
235 493
806 764
249 567
121 911
723 931
15 115
992 381
361 304
726 424
309 101
889 946
435 500
794 637
361 380
395 967
583 479
868 329
496 999
838 217
704 34
222 217
243 965
404 764
943 863
286 56
736 89
47 69
306 990
343 990
701 467
912 180
971 902
322 563
595 295
679 704
373 355
689 43
634 420
546 641
742 770
340 235
129 84
272 192
584 906
340 239
195 689
38 293
713 241
396 981
9 645
121 183
852 368
608 27
988 215
948 373
46 375
150 745
138 927
389 803
629 995
706 637
520 998
992 26
589 216
958 28
994 729
836 132
23 642
279 214
443 411
614 226
743 954
2 451
263 634
32 812
848 992
224 315
752 865
105 660
926 553
122 684
997 516
825 547
97 777
919 464
371 788
974 821
986 844
286 57
389 98
317 247
557 516
377 905
230 687
107 226
900 14
416 810
847 731
135 599
242 657
599 888
819 443
145 324
237 708
842 221
369 215
200 439
664 120
770 234
636 202
475 586
691 746
911 177
610 449
757 802
755 101
510 711
389 434
606 664
480 210
834 764
382 961
356 271
339 308
742 823
849 404
788 354
844 578
140 273
859 490
320 64
384 210
290 271
417 469
889 283
322 261
59 658
408 814
730 574
334 528
207 464
509 576
476 97
469 860
73 780
435 744
484 807
221 84
911 433
548 113
813 493
736 504
84 446
957 534
169 587
213 431
372 327
276 387
464 466
33 624
806 694
128 516
551 984
802 567
249 104
44 387
141 313
530 412
541 450
815 313
338 698
20 88
943 82
33 84
600 269
455 878
323 297
518 173
442 973
309 812
186 322
905 562
988 167
772 322
519 762
852 716
518 799
149 754
113 312
734 768
757 603
398 332
554 645
679 338
309 186
629 230
61 196
513 894
813 203
532 271
233 606
221 691
581 443
331 222
950 780
59 434
584 905
477 379
876 554
98 967
462 753
842 287
744 728
229 224
581 117
669 133
948 96
736 485
563 534
243 553
53 996
64 59
968 411
667 328
818 755
129 421
222 502
980 607
56 917
474 726
923 948
229 277
589 167
983 92
204 154
589 754
156 405
422 112
224 934
365 445
849 110
228 390
459 868
394 904
141 53
267 191
318 6
994 521
200 599
418 931
900 296
527 332
972 393
773 63
921 380
3 858
78 311
635 301
707 291
923 475
954 171
763 183
983 501
111 412
717 126
454 200
621 627
849 997
42 384
99 799
675 418
870 960
24 712
211 423
982 599
400 269
521 462
85 167
40 957
496 12
468 739
54 575
64 840
512 216
381 313
898 619
956 224
903 94
373 645
12 173
500 965
335 135
285 505
800 864
337 406
602 406
278 348
341 388
134 84
174 991
251 786
263 295
737 436
80 639
820 158
473 327
254 963
41 944
816 450
229 172
43 888
465 500
937 537
252 416
23 331
551 291
394 437
85 375
717 624
960 431
477 580
988 304
188 486 624 905 331 883 514 774 959 960 992 259 937 688 812 800 369 499 766 511 211 196 374 411 390 394 783 723 886 94 989 362 639 768 542 508 608 822 322 440 302 854 654 328 355 120 224 314 809 539 108 232 771 976 675 810 610 716 397 618 825 983 166 530 673 640 34 1 225 560 595 353 289 745 955 824 378 547 633 859 181 957 979 340 570 787 790 453 925 739 160 102 213 557 816 68 840 658 830 241 200 157 161 395 958 896 801 258 591 388 617 381 948 38 138 122 98 699 829 702 85 784 204 837 525 561 371 363 479 647 55 384 847 111 616 40 86 407 536 734 927 431 777 892 944 393 125 385 838 87 324 61 292 435 347 956 806 131 439 476 260 987 118 91 923 410 231 337 982 474 889 455 156 179 315 344 425 753 64 373 290 911 261 686 286 278 297 666 420 244 637 30 333 907 757 538 668 973 191 475 367 710 994 619 797 361 742 484 169 741 500 939 489 488 765 744 918 139 159 770 27 722 850 818 698 370 173 614 540 73 674 763 15 149 778 546 252 441 155 497 582 317 348 482 839 720 865 592 943 623
