1000 5000 500
744 701
836 574
140 894
620 486
805 148
151 279
23 262
616 307
842 991
38 20
397 453
607 452
993 158
194 238
530 982
659 244
714 818
863 382
155 34
85 272
586 170
758 926
799 825
944 219
113 977
36 302
502 357
555 275
165 752
299 162
766 119
290 556
951 665
331 296
88 932
57 789
384 784
91 718
117 23
475 726
943 854
450 336
896 375
44 221
999 155
114 988
724 452
760 809
910 79
415 902
662 657
201 70
827 647
322 923
312 239
427 718
971 891
880 993
786 734
502 45
344 529
35 688
129 5
18 125
489 891
235 93
26 256
7 940
576 692
45 613
277 957
618 659
57 108
670 644
603 12
419 49
79 283
909 623
392 414
617 763
120 299
447 202
372 936
166 490
881 210
328 305
567 495
737 190
655 861
120 946
576 815
304 998
192 130
216 816
25 562
85 682
341 490
345 869
152 666
451 622
360 577
344 396
552 360
91 117
18 168
678 964
198 416
740 352
523 20
165 250
989 216
494 805
585 74
550 652
277 416
9 31
421 420
423 734
770 4
699 315
345 581
258 886
356 272
221 845
856 590
514 415
612 399
687 119
571 994
277 131
841 602
961 162
904 443
44 698
833 808
522 809
986 516
501 777
765 932
141 40
582 991
946 683
365 437
732 1000
635 872
339 843
493 329
352 869
948 671
587 364
7 201
22 713
236 192
322 675
533 884
208 627
83 781
397 871
161 221
753 509
374 557
227 805
774 191
975 265
749 59
106 577
179 88
850 92
905 811
762 927
46 726
764 245
120 384
160 990
524 693
576 924
639 642
601 585
158 505
685 332
137 563
481 478
481 421
407 831
578 336
927 72
425 134
3 311
59 415
628 334
555 736
997 218
899 440
321 574
563 554
578 7
367 96
518 727
29 177
195 469
890 802
456 726
277 79
42 197
1000 468
292 770
711 624
598 650
849 199
730 390
695 5
993 337
860 17
295 350
612 1000
593 305
231 202
727 31
405 390
725 7
101 642
121 346
247 533
705 298
580 414
834 32
874 929
326 177
376 108
610 719
257 116
568 818
704 965
104 503
521 343
921 802
195 111
310 875
13 665
832 773
378 5
778 638
310 136
380 271
518 193
393 458
463 896
358 300
166 183
26 543
224 357
709 455
620 137
553 985
521 92
955 403
808 917
628 866
680 380
575 480
740 836
553 27
14 583
197 390
400 274
640 687
306 155
75 460
111 532
511 726
170 894
54 310
704 329
424 423
101 802
120 708
511 389
518 844
586 242
986 252
538 67
410 693
158 940
294 221
16 267
678 332
128 270
672 885
660 667
881 687
738 366
977 724
303 534
256 877
67 407
269 793
709 656
930 565
136 506
824 228
362 994
498 825
841 394
849 202
9 584
649 562
449 464
87 629
353 734
140 125
396 781
313 676
922 148
333 68
510 418
289 286
511 141
672 813
242 228
575 680
578 364
254 665
654 37
721 607
551 770
465 207
392 931
612 368
421 931
742 264
573 476
28 469
783 101
213 660
14 607
945 516
957 818
885 172
309 887
369 1000
18 311
900 181
626 219
176 451
602 504
206 231
208 661
921 673
685 865
36 532
248 289
136 480
448 355
123 619
989 107
155 479
758 954
533 367
334 817
769 394
2 812
215 780
757 793
137 932
250 757
510 20
188 825
301 319
287 589
508 917
981 903
326 20
495 294
232 119
266 897
57 114
306 521
750 574
446 697
678 348
868 882
441 175
71 278
607 846
500 812
447 48
884 234
449 744
439 245
384 642
850 199
181 342
448 227
980 679
387 287
157 99
540 411
834 883
658 962
679 270
508 102
659 987
519 294
648 597
773 866
179 931
801 1000
737 441
471 541
459 205
955 457
132 58
390 219
888 519
195 182
960 845
490 437
905 415
785 511
940 125
686 629
351 957
517 951
980 922
533 633
173 632
584 370
131 29
213 2
379 956
230 751
764 938
427 265
602 253
139 914
896 136
443 181
464 558
81 859
328 298
189 917
448 847
681 604
371 32
369 101
75 579
577 643
344 188
554 69
150 580
78 35
279 568
256 548
164 208
678 76
760 555
81 34
432 569
190 627
384 335
599 412
297 787
361 662
911 252
424 892
104 821
658 495
874 370
779 585
104 512
140 802
471 674
766 728
689 194
46 469
880 369
489 959
835 579
607 683
277 298
815 238
460 72
89 696
287 225
664 936
210 773
888 86
877 261
978 667
839 819
167 753
746 755
839 582
423 207
974 411
401 208
864 325
685 130
715 481
189 559
397 592
616 433
987 272
258 890
115 856
712 963
347 396
903 623
578 672
698 962
910 765
617 49
423 648
161 765
204 643
783 869
114 623
176 573
287 595
171 338
968 952
697 348
645 662
109 148
735 539
605 124
539 704
467 857
751 461
114 283
649 184
890 993
285 142
3 145
255 734
919 902
417 873
396 202
526 911
156 382
976 765
379 45
578 516
125 734
459 855
271 726
872 745
662 995
400 949
140 252
909 554
592 986
151 480
78 941
208 87
751 600
335 244
557 162
478 931
586 80
260 461
119 105
721 297
255 659
90 574
61 527
692 823
398 841
908 887
38 94
536 607
502 12
339 8
588 875
680 774
531 759
377 647
610 307
914 828
145 251
248 51
14 114
782 403
979 805
262 945
495 381
251 142
100 33
664 94
11 858
418 494
27 244
70 458
541 853
501 735
477 803
194 967
339 516
558 903
463 814
796 924
454 574
417 323
940 396
153 436
126 801
160 520
475 92
664 862
946 253
1 696
332 56
876 363
229 784
551 254
453 499
78 962
28 74
488 995
200 234
999 80
492 170
580 394
733 569
150 214
926 529
214 845
579 963
165 931
511 431
170 231
89 234
707 605
75 853
632 799
361 748
201 98
631 281
156 35
943 187
868 482
588 234
147 952
329 355
33 706
23 112
990 244
288 338
238 704
697 447
493 891
217 568
312 977
798 857
524 494
669 215
524 854
154 828
744 991
611 347
908 334
681 917
216 697
576 106
101 527
897 782
147 437
960 335
775 883
856 971
268 216
767 974
657 970
940 452
118 581
713 189
620 343
540 202
900 305
603 660
137 350
73 247
206 702
911 937
104 5
900 476
121 630
161 506
918 218
9 161
409 883
497 305
943 197
50 648
400 292
955 632
120 736
150 541
716 512
614 749
699 628
584 816
287 875
711 4
561 557
616 462
488 633
837 537
410 474
33 406
110 198
695 310
3 631
607 830
962 69
843 265
737 574
194 680
603 128
686 532
730 98
19 217
576 698
815 574
26 270
113 244
798 872
717 912
95 349
489 179
377 655
640 170
417 484
336 478
372 391
330 141
558 532
330 163
434 583
658 32
683 31
255 871
993 577
200 444
882 408
837 282
637 32
462 96
419 771
478 923
367 354
834 869
402 168
405 691
806 281
401 131
386 250
111 296
115 40
172 478
266 123
92 595
729 596
571 472
609 279
236 386
778 865
239 298
380 497
605 818
868 509
249 314
238 569
172 428
898 932
886 679
138 210
86 670
553 303
322 504
565 702
95 899
19 82
301 682
719 784
875 32
328 514
672 289
123 440
808 877
328 927
921 65
453 481
666 423
727 709
655 225
695 564
467 917
89 951
28 222
605 66
729 445
613 428
841 770
18 917
377 921
662 187
227 155
358 378
546 355
110 74
498 924
475 665
488 563
807 216
117 13
26 724
372 692
560 504
547 490
147 535
299 355
424 494
307 585
498 952
742 89
681 165
750 702
606 757
666 859
837 81
289 27
113 838
224 720
672 237
807 286
967 819
196 848
247 401
137 714
240 473
928 619
369 169
943 183
330 546
806 912
700 807
226 749
522 445
951 504
776 421
714 148
63 830
897 507
955 87
690 485
572 98
259 428
930 632
994 557
870 714
588 416
497 845
657 950
356 163
260 435
256 999
482 840
987 414
222 246
167 444
440 719
250 902
70 706
173 363
796 468
80 667
588 37
686 60
762 363
444 8
379 283
882 363
899 84
928 940
213 670
735 271
764 64
726 189
814 122
328 983
578 674
898 31
506 950
610 751
62 818
380 935
751 391
424 786
20 674
453 66
685 512
216 217
820 29
15 38
272 554
938 497
368 648
680 115
511 404
224 403
905 444
907 993
232 416
248 50
718 996
477 535
694 984
553 252
341 445
264 852
565 437
476 302
642 357
993 659
743 366
264 272
756 634
370 952
227 169
874 395
613 166
626 25
197 20
95 459
509 49
943 687
707 82
422 952
138 216
73 123
310 947
422 671
850 698
398 157
195 19
681 1000
345 785
322 622
811 88
685 10
330 808
173 501
697 568
228 278
760 90
510 368
494 179
658 766
653 280
418 964
268 80
848 824
77 121
174 932
581 32
586 260
281 722
523 122
419 990
168 877
453 677
934 455
776 336
989 832
605 335
641 326
422 861
632 779
809 894
995 745
334 941
161 363
455 90
566 748
760 683
161 711
695 528
463 5
954 35
113 273
46 642
897 89
26 210
386 761
9 722
757 927
767 995
572 187
268 169
536 705
668 104
953 433
837 123
400 766
198 661
925 876
598 290
542 428
759 544
918 323
855 873
194 700
224 581
394 789
514 388
328 805
724 486
513 48
489 116
897 847
681 186
156 562
102 212
614 941
555 473
47 791
230 116
938 38
3 42
707 86
790 303
243 819
254 541
30 74
285 746
972 141
262 330
417 716
179 457
756 687
233 810
167 267
783 627
937 656
859 245
315 462
291 261
798 720
658 27
46 597
14 239
375 225
691 985
417 735
241 357
655 242
737 360
738 415
67 29
925 311
491 712
313 323
446 90
490 985
394 964
207 975
661 235
649 238
351 416
787 440
483 337
10 995
602 366
715 49
750 963
226 549
507 745
87 473
614 882
540 168
153 486
456 485
459 883
508 175
503 450
147 643
137 994
248 992
297 363
896 220
747 195
413 990
782 38
889 177
911 145
335 17
692 784
545 380
247 331
13 177
588 442
176 651
24 296
81 947
483 251
684 445
907 695
672 676
57 962
510 207
449 548
444 356
47 559
679 850
737 865
359 661
598 501
266 918
292 822
223 773
104 269
838 210
260 734
257 360
47 850
204 759
305 624
407 621
103 988
583 503
24 698
61 627
729 563
237 652
619 133
588 89
900 528
539 927
423 334
669 346
526 373
911 498
26 539
612 634
166 656
725 120
38 661
522 439
203 421
500 894
563 957
401 554
727 225
377 883
398 569
188 36
140 21
455 690
705 719
497 673
345 334
2 324
305 148
799 265
807 804
167 624
343 350
255 381
73 763
134 37
95 819
709 659
121 534
787 283
882 487
764 304
397 484
947 543
154 571
890 566
619 802
405 872
159 168
68 294
77 17
47 536
417 116
413 101
492 75
703 52
70 371
798 990
215 487
614 153
245 857
644 428
178 481
197 363
462 431
538 608
605 76
729 208
913 660
738 490
953 275
953 183
559 816
184 92
504 915
9 386
930 937
980 969
848 919
491 286
264 221
362 30
364 673
764 456
464 719
276 551
54 987
767 913
205 706
969 692
230 287
913 784
226 826
120 8
113 80
98 72
98 728
418 865
672 986
855 25
885 58
20 662
131 429
822 912
526 512
15 221
536 222
983 96
28 632
531 752
535 872
145 988
73 442
137 562
981 169
928 847
159 245
977 472
524 462
172 244
304 857
204 958
505 21
762 339
929 253
398 739
905 227
361 60
500 857
762 858
942 789
934 278
999 539
673 701
794 796
862 442
296 564
172 665
868 950
968 751
146 499
489 582
110 744
868 348
609 205
313 922
620 130
347 818
918 820
347 941
747 439
488 299
974 517
115 187
792 818
772 784
587 784
892 246
567 161
398 846
403 219
762 711
221 963
156 237
878 431
185 329
896 626
955 271
10 534
307 872
828 763
76 919
732 637
107 506
794 39
588 849
431 970
182 511
451 836
822 635
726 43
151 541
870 680
259 97
153 818
916 612
108 824
351 415
191 338
87 215
460 174
53 432
91 848
289 844
825 468
15 746
627 843
425 706
13 130
997 251
23 199
358 716
346 495
167 966
465 307
331 918
201 788
343 894
455 529
587 519
721 453
176 911
179 696
898 45
3 500
415 843
425 927
76 548
561 249
210 862
966 332
849 471
22 480
722 278
605 418
200 231
117 309
994 432
50 683
863 170
476 252
786 933
208 825
747 404
592 716
131 857
980 485
760 623
711 58
837 400
164 193
546 855
994 820
397 711
317 497
140 376
47 299
505 283
572 579
686 134
488 650
42 150
153 530
446 556
941 40
694 363
758 749
111 825
162 595
547 270
195 696
337 495
248 947
929 964
126 928
449 119
195 365
580 984
561 330
712 474
467 986
230 863
884 112
72 472
506 209
746 644
605 915
723 108
137 840
191 919
292 550
76 644
888 585
185 674
707 636
590 971
710 637
370 160
717 436
685 772
960 635
335 667
16 479
245 324
372 934
275 187
159 69
725 327
575 114
966 300
839 473
264 280
423 520
849 441
95 239
147 988
863 704
947 10
216 636
111 391
359 607
946 219
592 777
668 367
445 466
753 719
62 332
367 482
115 334
624 720
182 697
53 823
162 261
313 667
258 213
925 141
901 663
174 931
604 589
106 412
519 875
44 562
132 873
678 270
521 926
509 963
737 38
730 854
880 252
766 606
756 688
325 859
649 489
553 965
241 746
386 929
785 871
842 817
530 933
135 574
977 639
18 661
15 817
982 192
256 616
102 137
955 34
357 179
550 784
972 235
760 724
128 552
275 365
903 261
378 429
338 648
483 796
276 579
103 902
794 17
734 643
437 244
460 891
289 324
751 40
578 216
112 252
689 255
511 410
160 460
628 357
983 662
793 985
446 529
357 187
59 366
397 676
795 24
586 718
424 542
243 836
326 992
505 473
841 411
85 646
42 650
453 555
797 843
799 87
522 744
123 607
325 557
718 52
703 520
842 5
132 59
269 671
502 564
839 943
731 364
773 516
848 191
598 273
732 278
540 410
508 828
292 33
41 746
936 389
742 780
695 64
301 356
272 10
807 503
243 50
384 987
673 428
617 403
603 695
243 818
257 407
684 66
707 99
204 350
173 59
84 64
541 93
259 212
570 442
515 853
197 11
432 847
604 506
89 929
668 378
409 128
409 273
146 946
733 43
377 226
549 933
372 114
241 702
903 984
715 40
340 355
173 293
645 511
267 852
655 389
592 471
779 650
508 845
483 742
996 673
877 543
930 529
727 676
714 319
1 367
483 591
513 442
908 141
250 320
377 694
604 20
842 108
14 879
563 472
584 166
396 437
132 168
779 421
416 429
684 18
518 229
678 462
143 472
672 955
982 771
12 652
505 541
285 605
15 17
129 597
85 720
275 192
774 399
586 825
95 618
90 245
101 937
607 535
61 129
920 182
181 29
999 324
678 818
750 812
666 214
92 644
44 437
352 436
500 433
689 576
304 602
939 595
571 473
63 187
738 821
733 102
401 953
797 66
229 66
777 80
173 223
9 983
785 529
449 975
489 435
893 826
98 169
178 209
727 917
370 209
811 348
676 365
136 682
170 854
345 8
51 104
528 462
821 480
930 120
621 861
249 394
864 416
607 507
576 278
928 381
692 452
2 589
483 791
378 688
566 303
605 734
102 495
251 131
75 293
75 857
779 324
218 720
527 923
434 844
578 323
73 188
405 263
400 479
158 683
619 25
503 755
669 942
936 175
741 296
896 473
485 792
389 574
910 836
751 927
650 72
994 182
888 512
103 372
467 166
605 214
186 765
617 37
896 535
796 122
345 208
636 851
536 267
864 18
358 481
593 633
549 429
116 779
547 808
347 86
331 64
943 530
397 169
536 428
357 391
410 597
592 151
786 462
926 780
424 556
226 38
997 475
577 414
542 850
405 745
682 826
261 381
974 143
446 421
497 793
874 423
247 239
630 808
544 298
165 663
967 289
73 12
668 932
592 682
127 495
829 923
912 984
672 136
673 857
377 548
423 735
635 192
140 220
444 158
552 745
814 706
181 961
950 869
680 703
549 629
605 806
353 202
266 514
291 933
848 6
315 92
125 951
138 895
807 94
609 624
350 719
747 700
405 102
914 145
439 879
27 390
277 448
336 10
328 343
116 513
28 214
552 92
536 525
36 390
831 781
552 435
747 201
60 866
182 634
81 480
511 302
110 52
878 348
492 125
920 168
464 665
718 794
477 168
477 263
675 298
678 694
121 1
156 498
490 253
612 924
509 820
495 65
592 690
220 43
740 395
297 836
280 76
180 595
295 836
498 30
38 272
986 922
325 481
928 507
300 921
398 719
922 244
232 278
618 177
536 950
180 854
833 577
19 58
434 235
145 560
910 98
740 175
318 630
989 724
58 805
575 748
289 307
710 912
417 390
907 220
173 840
18 883
889 253
764 834
652 568
461 865
684 915
724 581
178 643
224 722
855 419
257 136
463 757
269 813
350 381
210 641
840 634
386 380
880 46
751 869
422 517
948 755
645 348
334 719
438 125
941 466
841 777
873 845
106 638
434 563
355 667
147 671
806 903
675 274
2 149
377 135
258 696
896 549
807 752
908 79
672 978
1000 130
806 696
956 869
78 439
395 49
241 485
438 801
762 749
16 148
43 431
426 232
255 440
121 29
98 485
373 290
722 294
230 247
642 719
489 967
907 233
937 535
668 473
722 108
982 623
588 420
390 877
758 883
977 733
266 210
432 516
50 90
233 913
795 563
484 795
511 346
467 330
446 723
901 580
243 481
786 172
675 130
13 726
691 428
943 142
277 469
776 214
799 951
479 975
819 988
989 666
506 701
230 333
442 270
19 149
372 124
368 683
925 79
919 60
109 486
632 918
204 370
287 320
599 960
424 158
949 556
288 346
787 324
514 809
314 670
870 693
359 969
552 979
224 459
280 166
510 395
661 473
741 613
257 970
684 74
448 542
863 499
151 231
351 308
183 622
733 882
374 746
620 832
301 632
267 704
420 644
888 683
396 844
57 84
355 478
736 68
664 85
870 434
593 146
387 410
623 192
236 493
742 993
100 461
154 772
983 356
623 879
297 378
341 23
871 466
566 349
538 524
689 485
670 406
293 271
529 847
266 634
176 993
980 156
18 212
567 8
484 48
6 770
923 845
386 68
73 568
463 616
188 369
916 105
685 693
126 468
136 64
594 726
203 323
204 158
243 271
974 855
508 333
967 555
345 311
249 746
938 570
35 999
400 451
491 924
646 851
331 98
318 773
70 168
638 962
955 125
611 435
82 11
477 502
779 696
505 460
583 519
419 823
70 391
645 368
678 716
889 449
783 59
938 850
545 895
246 245
886 595
558 323
178 393
30 214
25 10
417 4
761 998
881 816
404 17
905 265
223 6
863 958
594 182
236 452
615 584
513 656
420 959
958 692
493 935
446 921
762 821
801 865
227 234
777 429
224 309
712 346
196 866
386 133
288 577
954 358
118 945
16 360
700 853
510 867
103 141
488 202
312 766
137 851
277 713
35 316
279 506
598 205
120 581
8 784
993 866
170 10
332 193
892 690
929 316
548 496
150 404
832 356
664 662
423 513
233 672
449 451
459 859
684 348
314 817
743 375
685 141
758 767
517 421
542 198
95 442
61 818
551 768
539 569
489 240
329 403
223 96
59 460
807 346
393 334
927 957
491 329
45 293
579 106
768 844
173 389
641 378
166 528
836 52
916 499
631 276
327 963
89 228
862 133
911 920
351 869
334 406
834 71
54 338
651 915
327 556
81 63
322 320
989 198
982 843
676 82
326 784
19 210
802 985
99 366
282 845
592 56
301 111
120 17
519 663
740 316
410 225
379 812
26 11
463 931
35 221
533 469
977 504
936 780
50 160
875 836
553 240
782 66
426 906
635 370
84 192
42 802
603 349
503 370
120 79
774 683
763 39
535 843
18 584
291 956
798 297
345 704
630 557
700 46
997 356
227 485
570 182
499 643
880 882
81 702
912 403
340 985
711 198
10 192
523 11
529 956
785 895
764 572
220 353
367 169
710 831
255 571
118 494
617 951
617 354
137 946
732 243
241 821
754 254
730 872
523 625
942 888
418 987
581 72
230 616
140 660
427 325
683 163
709 718
742 830
384 641
524 125
61 769
887 337
428 656
669 907
641 976
609 787
978 442
524 867
231 919
115 580
462 963
908 336
53 263
125 169
547 709
669 591
794 480
632 484
444 366
610 299
156 68
889 422
979 346
1000 854
916 536
798 577
622 221
720 391
684 795
401 729
914 52
24 646
864 43
2 234
641 963
567 130
293 410
413 172
911 161
292 745
606 485
703 951
173 423
246 912
178 185
946 1000
881 419
491 657
920 642
940 198
190 540
916 402
225 854
955 712
344 328
567 591
471 493
692 564
691 320
158 765
61 972
178 606
628 479
615 982
884 569
444 736
3 488
47 520
227 87
8 962
511 629
732 486
802 891
735 493
637 902
456 1000
296 951
135 496
140 299
760 895
197 299
617 33
555 920
823 817
747 325
233 190
22 380
181 781
723 375
387 264
562 879
453 149
753 250
77 565
832 932
695 49
503 701
83 650
181 429
347 820
409 530
108 701
955 509
101 924
860 697
196 9
713 931
533 391
896 642
289 895
768 933
1 736
747 37
582 205
283 163
22 501
603 202
132 484
569 554
640 450
168 984
607 44
416 499
218 796
930 271
229 376
282 183
742 34
407 697
767 660
184 414
569 474
282 135
886 687
92 412
413 116
666 99
996 441
811 284
279 456
598 848
451 65
509 957
118 716
322 851
417 919
736 673
700 805
259 664
112 460
571 745
631 941
723 824
722 141
463 423
586 793
510 250
969 469
26 746
898 325
767 986
942 126
213 931
368 647
609 155
800 214
571 949
156 1000
806 125
542 436
497 382
333 412
786 828
715 568
154 660
309 434
477 885
685 238
746 585
288 79
730 135
938 962
708 724
321 36
950 702
398 585
507 752
183 891
646 263
167 755
855 66
783 174
880 94
102 64
528 780
144 966
582 286
483 222
786 382
230 673
519 275
731 465
688 597
909 806
147 12
197 688
146 804
28 66
167 290
777 193
117 67
940 207
255 999
370 519
83 641
599 918
934 789
223 392
24 349
642 74
222 961
766 589
935 482
664 820
583 844
666 119
430 472
372 635
822 86
203 851
526 202
405 976
974 337
737 110
723 650
82 129
146 532
312 406
479 877
883 499
997 238
935 473
6 166
940 761
291 998
925 239
216 374
369 597
140 736
892 365
61 172
227 482
237 383
904 267
139 784
897 274
195 192
413 535
406 959
832 818
50 572
26 343
590 608
992 235
767 349
796 988
139 256
660 818
545 891
186 716
691 825
154 61
610 127
116 763
964 300
724 671
594 347
409 163
530 272
842 525
91 609
213 990
314 294
973 226
359 904
645 847
904 278
1 158
258 586
322 997
320 324
217 719
164 927
310 516
692 621
725 552
977 884
606 988
351 574
489 928
658 902
610 778
467 563
398 368
716 60
636 844
12 94
820 385
833 173
202 873
812 634
828 11
604 982
732 862
212 364
948 132
426 888
108 100
259 872
19 961
70 390
961 391
258 336
550 389
217 625
813 792
890 506
171 640
87 623
994 383
473 193
535 970
680 855
230 56
545 759
828 125
821 404
363 746
617 863
505 957
753 736
272 175
160 959
870 136
364 932
405 38
708 485
822 368
596 365
776 460
680 343
112 476
585 382
717 589
216 295
518 842
277 629
920 388
164 570
77 7
1 408
382 858
558 112
423 767
332 441
839 199
203 355
188 702
839 275
123 414
50 843
126 348
223 513
860 725
909 256
227 43
675 724
398 745
269 388
37 574
195 221
147 665
628 202
104 879
983 208
402 663
104 68
842 703
211 870
774 527
660 541
164 113
908 431
908 275
326 338
380 568
460 209
84 491
508 343
852 846
510 598
515 471
501 513
906 550
596 234
424 475
908 388
216 108
948 381
948 613
900 33
627 125
710 442
542 493
396 963
151 895
751 506
736 715
243 133
632 130
859 33
941 819
611 53
741 555
305 922
208 327
809 761
707 122
505 199
545 784
901 780
860 58
666 84
168 487
247 572
29 690
689 710
867 771
384 89
705 150
378 872
283 569
741 506
916 324
86 354
423 114
657 298
926 172
690 932
896 263
914 501
860 676
935 299
199 951
276 621
614 786
665 202
974 991
448 947
206 185
268 897
467 298
537 371
630 107
539 773
980 224
373 539
137 941
26 668
230 553
601 858
660 452
729 323
502 962
22 917
423 851
640 560
255 14
424 877
697 294
153 753
614 525
667 562
291 836
402 877
243 32
888 991
833 369
790 974
764 540
393 481
343 148
386 366
685 304
969 805
132 924
571 857
24 70
783 34
836 82
539 504
83 633
833 159
157 765
627 88
471 487
241 711
231 414
833 410
584 275
619 207
41 114
186 773
53 192
587 183
512 962
872 284
884 440
483 979
998 219
605 404
212 69
243 161
252 853
594 310
284 569
328 4
184 66
417 273
342 149
632 432
133 985
720 142
683 142
953 99
444 293
200 162
860 295
363 643
968 675
470 16
430 931
552 772
717 223
871 641
911 993
778 936
331 945
775 972
967 45
681 222
106 381
360 406
321 932
616 60
285 207
526 2
637 622
287 676
935 4
27 416
563 457
689 461
860 807
740 779
967 1
984 457
27 414
594 729
414 93
77 396
621 744
613 893
419 410
529 670
355 193
602 284
743 867
600 436
762 838
806 314
314 744
397 604
578 390
185 100
983 630
443 96
824 816
617 327
658 179
28 785
828 544
561 27
74 861
426 794
630 529
618 797
797 14
424 218
515 673
645 43
264 423
160 90
880 183
918 338
553 135
498 223
465 633
477 317
974 922
430 650
95 672
48 428
409 705
383 687
354 698
70 66
670 100
710 733
438 811
1000 96
870 993
64 728
758 220
159 659
662 209
57 800
411 791
916 413
971 946
838 920
486 548
1 183
720 931
966 781
549 799
117 155
223 723
730 227
237 214
524 472
538 265
596 231
578 545
227 133
424 493
762 902
398 879
535 825
281 846
223 447
842 970
486 568
909 733
752 840
112 706
980 132
977 25
620 376
376 317
439 793
470 604
955 694
927 970
898 4
27 114
793 66
894 219
672 174
664 371
338 10
396 399
531 769
14 327
539 585
129 437
128 145
417 606
328 638
198 348
993 87
659 93
255 540
530 779
167 383
947 744
642 866
949 987
611 213
312 845
85 66
109 643
706 56
238 589
905 158
727 118
598 511
55 534
91 766
751 435
361 484
91 150
966 687
109 923
962 554
911 146
91 390
901 436
880 254
446 347
913 773
64 688
304 855
259 17
213 751
949 985
283 253
680 471
762 267
134 782
646 857
170 883
266 635
676 935
144 604
620 232
599 64
363 519
219 932
721 281
905 850
305 125
312 76
713 895
529 674
734 382
321 235
767 869
974 383
679 351
881 378
881 569
986 774
375 770
737 589
800 67
477 616
756 657
390 813
912 187
904 755
578 727
222 691
395 278
180 761
814 858
65 818
137 690
971 87
550 548
42 836
640 14
340 316
593 498
243 773
491 419
243 927
383 234
372 469
190 642
362 464
310 226
529 543
584 404
649 581
535 690
872 803
317 482
898 288
65 931
668 265
258 704
904 882
635 962
890 382
82 348
630 295
837 971
470 960
24 682
884 275
942 16
383 963
658 509
263 803
898 271
9 549
660 824
542 421
208 209
999 634
883 355
981 63
889 865
276 467
273 56
173 353
964 286
470 12
477 677
852 39
44 382
727 476
28 488
75 497
247 188
905 844
953 987
593 16
686 786
213 630
664 453
190 122
349 813
95 360
982 901
526 99
85 108
53 411
810 482
182 378
623 252
273 577
756 571
439 416
167 88
105 270
889 231
210 212
829 580
68 638
790 824
194 663
204 460
570 819
834 234
165 492
888 358
591 504
785 65
281 712
929 528
285 52
684 328
531 329
777 52
475 933
698 404
235 873
732 250
555 119
736 411
232 519
45 201
491 480
524 808
103 640
430 555
711 169
12 174
916 102
398 67
215 995
589 734
35 945
22 284
666 817
715 650
790 246
92 320
798 851
925 892
649 445
153 571
557 284
81 982
47 581
871 757
572 482
841 25
659 383
823 469
470 145
768 206
885 893
623 37
473 819
243 900
470 181
385 853
238 768
797 567
975 608
189 452
716 819
164 53
632 261
795 843
841 763
106 462
698 826
379 342
996 966
259 646
106 472
508 665
113 561
676 613
185 862
488 269
269 771
363 349
306 404
154 31
255 806
741 64
113 131
551 696
259 947
260 977
146 447
540 246
322 761
84 707
646 665
196 370
38 957
994 850
686 163
823 568
78 666
880 325
129 673
354 122
422 793
536 186
974 549
506 853
418 919
841 970
321 535
938 514
264 141
422 392
960 773
318 62
153 359
158 791
734 951
824 183
886 332
870 941
497 270
567 957
401 303
524 919
905 772
347 283
314 950
980 549
502 769
806 548
419 181
586 412
250 792
636 472
401 376
788 408
712 984
839 829
151 516
547 978
313 635
227 811
928 411
425 851
404 253
972 49
972 851
623 265
135 296
158 214
651 696
87 843
422 646
489 695
279 820
721 605
829 96
717 329
384 267
557 20
84 855
172 915
23 805
126 225
12 495
379 38
27 582
255 498
777 5
206 420
823 205
116 702
974 822
361 50
575 210
104 415
423 58
301 869
288 663
53 267
434 543
18 137
195 949
849 334
989 991
175 556
186 68
145 87
425 920
666 533
859 673
741 491
211 126
641 574
262 105
189 636
333 832
753 134
312 557
178 434
284 239
127 975
649 556
231 893
262 478
455 107
132 496
46 283
260 399
115 957
521 845
748 4
164 904
339 487
115 140
425 499
15 479
178 158
374 517
579 644
989 429
590 485
274 771
424 655
749 343
675 394
26 220
587 887
413 541
258 825
287 300
204 755
501 728
772 141
908 237
953 189
491 512
354 805
53 302
829 568
367 920
738 891
947 253
529 875
418 481
483 617
176 187
38 293
24 722
367 37
971 460
257 904
73 404
27 917
912 808
942 923
586 158
546 674
689 755
7 311
446 901
214 755
976 148
928 865
24 687
570 543
131 687
101 219
744 166
379 332
951 129
903 129
338 825
243 816
309 480
815 563
401 433
23 772
570 936
731 813
43 324
490 902
776 936
790 124
548 239
703 888
108 667
467 568
117 303
139 68
418 692
476 883
3 109
102 122
838 941
416 560
837 16
143 235
630 950
761 261
630 421
78 946
717 825
145 832
230 117
472 915
413 995
18 613
540 334
210 789
925 337
27 436
452 665
738 246
407 278
185 472
621 70
160 562
659 735
491 706
393 122
212 106
570 984
447 965
137 59
51 59
426 847
91 297
330 252
493 877
533 495
38 324
14 338
435 719
954 321
386 29
892 872
220 808
190 272
223 574
514 209
987 366
58 320
331 982
163 17
294 562
220 135
258 915
949 844
842 742
98 272
678 561
378 581
279 638
899 282
689 975
382 192
95 660
353 704
827 516
493 261
452 169
859 436
397 83
312 876
436 991
766 128
524 391
334 845
631 304
616 867
326 336
698 283
559 844
100 239
911 381
989 640
810 21
47 972
470 977
960 914
170 64
600 525
408 991
8 490
347 922
289 891
159 275
483 520
592 4
204 659
934 513
475 122
689 718
77 416
977 533
863 33
526 297
684 407
831 478
161 346
346 819
685 565
829 716
278 534
484 146
373 831
890 884
426 68
427 18
850 169
523 168
232 209
830 205
39 142
195 908
480 682
2 281
834 166
123 499
395 693
979 923
137 185
733 2
523 444
973 931
580 177
301 353
165 110
233 199
306 386
898 150
483 147
833 722
418 541
685 590
969 748
354 324
609 577
208 390
176 693
335 853
977 170
590 642
516 177
798 116
156 213
892 604
982 803
325 995
110 97
635 391
720 728
878 682
878 150
204 899
236 823
640 570
895 923
771 221
508 142
54 330
328 373
498 330
1 265
432 202
718 917
289 976
553 865
376 4
135 816
471 784
50 214
945 927
328 688
233 16
905 683
969 146
164 445
666 912
707 638
374 519
685 87
860 513
916 283
153 857
257 996
738 894
971 812
70 205
699 140
760 659
754 471
493 581
851 433
852 788
535 239
922 844
256 499
50 418
94 490
590 269
449 137
81 564
173 974
106 244
667 556
328 23
588 320
503 865
345 134
584 512
809 252
957 239
131 396
75 436
53 739
417 563
807 369
754 386
910 755
620 58
237 590
992 893
987 21
717 79
120 918
615 802
62 792
874 251
470 601
405 221
283 72
120 40
154 335
355 634
477 382
831 458
632 673
631 37
972 539
495 647
530 605
366 661
502 792
288 834
629 644
875 922
614 817
78 706
973 478
563 979
710 161
510 875
778 155
762 225
748 261
95 70
834 141
795 944
178 569
120 381
266 298
896 794
935 142
781 225
968 792
754 30
480 951
415 922
49 108
317 544
197 714
703 537
61 192
35 520
153 467
374 984
999 108
835 332
753 411
490 485
969 252
146 548
387 201
938 845
425 588
596 286
471 826
410 830
837 797
833 771
390 931
980 252
277 752
115 367
513 559
604 8
815 7
488 891
132 150
646 652
133 554
971 421
303 884
326 646
629 52
919 796
351 879
325 828
684 367
303 722
666 600
241 805
832 795
694 804
181 793
213 439
200 210
71 406
465 995
694 865
855 582
994 650
609 43
413 443
889 543
945 517
602 643
790 707
680 86
50 891
126 695
356 458
727 373
62 429
889 468
415 124
23 462
732 576
868 187
36 450
916 519
778 938
672 271
8 557
903 428
9 655
625 124
24 442
84 572
486 844
400 935
477 411
321 317
964 199
331 720
358 779
942 654
724 251
311 816
940 901
586 198
194 507
38 600
863 182
350 788
641 366
678 110
345 574
671 96
946 381
317 284
848 854
807 787
353 317
207 97
459 284
122 450
653 299
208 407
659 503
229 848
775 244
409 244
912 469
896 454
930 764
12 644
326 63
884 866
120 486
855 357
53 728
430 875
942 304
395 563
379 960
550 177
2 454
591 40
533 269
351 788
689 736
703 71
83 390
113 123
566 640
552 237
19 990
886 88
723 757
882 48
195 627
409 23
197 133
1 264
863 421
426 561
98 950
302 43
681 566
611 960
700 988
201 582
536 795
522 943
63 817
36 802
395 584
247 768
448 662
610 964
117 365
19 1
510 570
418 456
574 970
688 915
762 145
92 525
207 843
30 286
700 572
322 781
307 17
439 270
545 487
640 112
140 162
168 663
227 98
26 588
703 100
754 303
416 406
962 319
74 192
347 114
591 170
2 940
986 902
438 388
484 965
331 796
586 229
76 643
881 149
910 357
880 656
171 488
733 480
377 105
210 982
607 891
50 273
916 391
450 486
95 642
259 184
997 342
744 988
166 931
713 662
655 428
726 319
767 34
849 212
545 282
309 558
977 79
666 273
229 744
926 539
224 478
264 5
183 72
26 36
509 819
139 564
837 184
897 714
798 246
80 155
318 726
700 938
774 512
591 244
372 517
345 4
640 514
699 788
707 919
395 419
692 214
728 506
133 532
598 284
195 612
19 832
630 608
553 765
213 440
539 879
347 691
831 316
78 487
900 859
405 139
3 151
427 501
828 713
64 652
425 978
78 876
281 859
384 822
241 451
184 224
243 147
642 752
689 37
860 913
279 826
378 990
61 656
312 124
9 135
946 168
296 673
566 498
833 247
944 253
555 481
210 487
25 245
598 136
250 68
748 884
345 22
909 191
681 330
785 589
569 37
890 541
849 920
978 633
715 235
679 217
155 93
50 554
505 866
370 479
422 476
409 745
211 971
465 414
418 162
672 933
899 383
489 889
628 163
694 562
859 17
946 34
969 884
526 332
490 745
731 945
640 76
359 506
767 420
12 661
521 145
193 985
154 209
691 114
586 283
373 219
675 846
118 511
476 323
531 570
723 191
455 532
995 40
470 32
855 182
401 217
198 642
948 115
332 665
207 803
892 35
280 261
561 998
736 234
144 906
512 965
968 14
212 979
379 431
573 224
948 423
754 574
855 988
946 734
563 932
724 202
518 104
794 300
356 992
300 673
370 582
243 19
759 591
678 861
306 245
949 789
233 691
164 784
795 112
341 640
236 720
394 816
930 136
370 219
44 486
190 995
91 657
430 635
215 504
954 44
626 133
819 701
407 214
100 97
758 672
196 873
908 605
90 820
883 674
607 671
885 332
197 6
631 318
138 333
900 974
379 15
876 824
826 780
836 623
707 308
178 928
488 82
400 19
117 675
566 315
954 777
137 199
969 913
78 111
200 274
140 130
45 442
754 852
395 756
569 634
972 174
837 965
104 871
953 44
255 322
911 238
307 791
212 60
766 761
416 873
546 713
339 344
575 986
18 301
135 965
949 832
103 801
159 987
501 288
517 319
306 764
135 823
282 934
905 960
700 765
115 201
694 872
280 479
210 738
291 626
246 404
742 716
849 765
255 449
530 74
982 859
489 118
159 633
913 416
809 813
125 788
611 462
144 57
345 222
832 931
996 371
612 541
436 169
753 375
762 420
523 165
600 320
709 342
421 845
422 568
832 217
166 175
322 661
942 997
685 429
257 416
517 265
575 830
333 308
287 143
581 458
765 21
218 98
173 297
695 309
3 774
958 820
723 825
268 554
501 251
152 945
686 133
361 965
538 386
862 239
593 445
443 917
271 763
481 991
837 207
143 657
809 647
989 653
519 385
395 33
255 995
715 992
260 645
954 213
624 235
380 873
28 267
394 66
309 715
622 399
582 652
95 251
750 137
176 219
243 419
504 228
794 278
651 225
665 793
609 370
456 414
128 558
68 143
992 408
301 921
54 203
760 775
777 638
258 895
566 284
378 527
387 158
448 423
169 845
817 175
322 253
766 817
288 110
47 303
359 623
516 472
994 429
330 450
200 141
72 556
738 780
549 286
178 125
758 555
929 627
836 462
615 191
60 319
714 595
366 69
841 388
973 862
255 982
534 643
862 336
123 945
524 804
665 963
886 265
762 279
465 94
699 43
593 595
863 302
233 323
700 12
140 43
156 962
208 677
836 965
754 5
762 6
395 861
638 460
553 281
413 450
200 433
634 496
121 577
218 589
977 641
477 61
336 701
533 979
712 69
766 567
566 336
95 850
232 228
842 262
916 483
905 653
57 589
378 739
782 910
585 650
860 532
167 862
255 128
885 82
506 803
521 269
742 713
758 964
570 209
523 953
26 371
83 217
120 264
470 274
377 36
401 90
110 600
495 169
573 770
800 752
210 964
609 806
305 40
477 478
467 780
859 385
346 114
700 75
106 520
75 148
303 158
659 92
739 406
927 525
256 949
236 315
371 532
81 437
506 496
573 245
896 949
70 773
889 56
550 780
153 864
971 647
423 808
522 377
993 697
623 478
34 924
620 308
98 480
642 205
285 979
259 348
827 433
430 796
566 166
288 495
505 525
457 847
976 10
116 962
123 512
57 730
380 673
536 491
680 69
159 621
806 999
955 984
664 435
81 680
491 142
578 984
347 410
92 114
15 217
676 456
95 615
94 215
897 410
157 808
324 673
860 945
386 712
850 155
492 413
138 729
18 307
432 368
770 408
463 206
646 865
264 795
14 728
22 219
223 947
786 606
968 111
993 65
382 869
400 142
889 147
880 992
609 707
91 218
475 701
555 634
155 261
652 644
986 936
400 332
681 17
776 541
147 206
601 140
533 30
8 804
548 96
870 677
749 706
522 587
358 445
838 346
189 643
563 825
658 4
576 814
382 33
260 172
291 636
104 76
498 324
289 229
297 867
267 662
387 452
797 744
899 170
999 283
311 316
435 234
723 623
800 319
483 994
590 516
778 183
216 378
620 124
201 532
328 426
125 965
111 342
477 773
815 468
960 48
907 265
782 996
960 836
521 128
489 391
439 932
117 748
448 752
367 934
935 32
638 792
897 171
786 759
227 130
71 461
487 403
841 5
279 921
449 96
213 794
885 595
767 951
224 353
95 535
729 193
210 829
908 356
804 82
630 647
974 295
897 904
180 795
731 663
978 556
63 539
179 789
580 548
724 272
586 563
518 203
904 878
182 68
401 651
438 867
868 711
44 82
759 378
181 924
501 986
609 231
281 440
764 5
229 633
815 69
315 711
362 66
723 163
206 251
196 182
508 480
886 491
397 420
692 643
269 360
867 559
972 419
880 509
402 836
596 659
2 20
596 919
368 715
377 231
204 5
926 665
134 600
312 163
888 472
237 682
302 791
324 826
778 418
753 682
886 423
677 388
765 836
777 527
639 544
910 853
805 820
949 525
841 676
439 317
306 903
776 865
276 155
218 390
84 692
84 761
367 358
236 995
243 129
604 836
778 161
387 996
797 202
572 657
18 898
35 228
572 44
161 543
749 846
208 454
877 608
602 486
725 495
398 729
303 987
372 774
515 804
905 250
259 394
551 583
747 471
557 473
999 560
230 43
799 858
335 265
273 350
685 246
892 441
938 368
637 357
249 704
31 433
533 20
489 278
257 270
930 972
36 305
204 438
878 310
479 177
282 622
387 851
721 838
340 525
415 392
42 705
591 130
835 529
611 276
747 786
201 794
451 885
960 901
783 657
361 72
617 567
887 936
984 789
218 794
864 146
493 286
715 574
151 651
62 638
672 743
831 995
341 342
380 550
876 261
778 21
936 957
764 325
836 927
285 542
213 228
607 559
994 517
231 221
59 487
203 541
233 805
737 656
607 168
159 505
103 199
760 323
889 792
45 479
465 435
814 250
863 677
448 220
594 104
50 226
250 209
188 385
355 608
839 864
212 332
567 559
168 846
317 124
596 71
940 96
139 56
464 290
705 125
986 160
344 722
715 65
310 473
500 7
896 238
31 66
971 525
928 428
609 462
716 506
180 872
948 320
170 665
224 632
493 441
264 768
859 779
291 540
583 411
719 927
757 648
619 89
317 383
356 148
969 988
890 460
299 569
908 314
894 819
839 659
12 927
13 109
23 770
224 208
870 840
131 581
465 454
484 251
718 163
159 284
243 380
450 693
330 532
955 471
523 4
821 574
42 929
686 70
326 623
340 796
176 786
287 487
710 48
259 165
313 184
432 836
25 644
330 994
904 862
850 744
917 219
486 412
434 192
293 534
448 445
165 532
557 970
281 143
194 391
632 751
666 619
171 903
593 69
341 909
992 414
339 661
254 577
638 148
668 182
594 195
783 861
572 69
603 945
602 929
747 274
231 597
997 391
856 984
314 60
252 843
584 722
439 511
139 641
905 865
22 41
477 294
12 265
110 866
874 64
236 458
615 872
715 805
375 690
695 939
979 917
684 912
636 355
928 987
632 746
773 803
166 608
28 657
583 471
340 722
621 745
732 889
617 265
184 456
732 820
448 812
255 740
591 554
971 788
839 352
400 932
614 294
885 825
491 290
134 552
211 799
580 443
614 715
134 469
819 124
124 693
860 834
973 220
561 458
586 502
42 432
188 52
386 136
888 284
339 311
57 90
684 304
439 713
711 270
815 845
778 993
898 284
621 404
577 298
599 929
49 894
367 326
102 697
717 337
132 608
266 739
341 913
925 707
441 543
839 718
134 66
70 163
108 187
783 831
972 382
73 695
501 975
604 433
705 267
951 174
409 959
210 712
758 463
59 879
393 794
409 780
793 399
884 719
338 335
684 440
536 197
599 491
397 105
492 378
724 894
4 693
882 447
815 517
305 461
695 155
500 651
447 403
123 410
925 715
352 625
733 162
373 411
782 193
778 701
366 931
146 271
999 193
377 5
855 817
723 343
590 887
222 380
517 952
849 642
63 537
546 186
1000 31
156 426
273 784
377 360
565 87
13 519
138 987
573 622
205 316
118 652
363 657
138 231
929 415
467 569
401 236
94 252
120 376
128 985
178 555
488 866
165 370
996 13
603 820
776 902
237 225
279 206
899 527
571 698
312 428
434 577
212 671
102 986
676 274
677 321
293 275
968 846
45 443
423 25
850 80
256 641
38 478
522 67
85 421
226 511
449 826
216 462
480 270
103 497
890 939
991 534
790 677
416 780
880 484
247 859
689 707
386 963
185 221
285 413
376 389
947 363
746 734
146 682
178 172
658 593
282 18
684 428
954 332
322 157
188 514
797 340
553 550
637 718
695 143
832 227
278 520
318 764
204 463
362 497
880 14
126 66
220 327
732 55
936 261
536 441
980 239
678 608
24 971
721 33
968 603
293 877
909 282
754 799
783 364
874 410
713 534
547 953
83 525
899 728
960 900
377 517
321 854
100 844
619 941
281 813
484 688
837 667
103 929
519 343
899 267
833 480
685 473
664 410
664 524
547 136
315 688
811 931
198 702
34 403
978 557
628 957
551 370
277 824
604 6
689 166
860 829
850 212
154 65
695 873
84 294
488 517
741 568
90 436
42 51
540 902
609 303
344 1
50 616
802 69
448 204
501 660
678 771
396 623
754 961
181 577
180 600
178 102
236 96
281 739
904 225
360 657
571 979
292 335
498 64
455 229 685 989 561 119 855 381 383 603 160 346 507 215 803 844 235 197 543 308 451 179 15 500 152 610 574 358 466 518 821 717 928 668 875 29 709 592 853 735 858 587 599 659 298 263 274 95 218 199 83 81 531 375 66 225 282 905 597 416 484 36 702 336 63 572 919 874 105 480 437 32 974 379 991 424 612 217 624 666 446 11 769 266 877 3 128 613 31 549 648 347 255 421 224 815 913 195 85 983 893 237 806 577 318 327 406 962 166 593 34 2 461 158 354 990 878 880 495 239 182 823 754 302 43 963 124 944 734 789 16 304 371 563 688 764 804 634 399 547 752 231 150 885 892 514 17 866 846 651 209 391 485 642 247 939 982 560 583 633 761 872 862 605 118 46 4 300 280 884 212 426 291 524 498 729 625 582 703 528 100 927 776 868 969 368 722 519 742 223 112 319 800 505 321 45 374 317 832 705 333 830 441 204 210 591 73 281 145 111 189 459 979 585 635 268 267 238 170 727 172 887 672 481 248 51 5 326 174 488 767 47 900 510 897 339 250 530 452 568 694 288 683 264 665 759 311 873 676 700 148 745 306 992 538 254 558 497 740 930 387 487 433 384 512 62 826 42 795 1000 483 284 929 527 552 684 331 718 202 233 471 730 316 943 964 972 343 388 988 398 753 562 816 439 646 808 576 994 453 412 578 448 335 946 890 738 30 966 732 779 693 310 184 68 604 907 198 258 259 766 61 532 996 208 57 171 744 669 721 334 444 644 664 143 503 221 313 511 103 420 689 88 185 584 917 520 711 911 867 522 125 686 537 546 411 53 315 392 926 227 366 586 575 23 261 389 553 436 121 429 80 134 458 660 492 798 957 329 242 276 640 400 687 807 630 423 65 594 25 352 985 609 938 632 178 98 270 573 710 916 958 206 879 882 468 952 93 506 296 796 356 770 19 869 245 598 580 545 183 72 470 792 781 824 132 438 645 474 708 187 719 980 320 373 378 338 647 620 142 440 277 987 941 370 175 345 780 309 658 639 517 489 910 870 428 222 475 813 394 967 211 631 12 539 786 650 463 362 937 372 8 401 122 285 655 975 998 922 18 139 829 923 78 976 725 200 920 977 921 912 883 325 126 901 24 219 90 662 726 432
