1000 5000 50
776 938
230 27
747 581
863 640
694 527
915 364
426 437
536 207
166 56
846 640
284 80
886 909
924 157
485 269
215 850
106 277
137 949
214 592
972 346
375 767
8 549
672 30
262 2
969 404
212 599
981 121
411 508
340 761
734 120
2 536
973 339
973 289
600 112
639 780
558 880
567 605
598 470
694 997
561 201
542 259
12 473
363 438
630 323
511 836
664 272
916 457
932 882
561 33
178 919
897 935
102 491
376 721
429 142
607 868
474 463
354 813
109 295
81 259
825 576
900 917
122 972
816 749
726 329
531 483
387 209
769 787
776 110
992 768
410 912
356 530
592 708
620 320
310 83
687 63
983 248
115 176
836 225
645 194
478 24
321 678
849 571
684 694
528 300
990 611
107 378
531 244
495 856
117 187
17 141
432 373
741 287
370 321
209 936
584 404
531 286
554 404
997 104
260 757
155 467
529 788
607 174
159 95
335 630
849 740
995 818
159 997
876 532
759 197
795 482
852 856
583 678
296 701
993 603
943 529
1 117
863 51
4 640
526 732
423 667
126 952
184 656
232 629
799 542
653 21
520 860
68 894
639 376
674 39
125 549
283 219
828 498
808 264
638 690
307 725
522 925
13 712
874 749
806 274
25 904
684 3
387 87
634 158
461 206
333 876
777 481
107 934
472 373
876 553
948 89
347 44
101 142
450 512
588 285
50 575
902 628
816 942
581 554
340 803
32 410
705 231
863 181
247 703
886 442
394 280
197 165
10 357
685 533
660 355
582 441
829 277
674 251
610 641
454 123
604 435
338 406
154 813
541 466
4 419
676 627
867 502
732 615
349 347
973 834
327 512
422 722
267 410
689 503
995 212
50 528
804 527
694 985
804 127
185 377
154 666
914 273
743 264
519 686
635 944
231 455
227 821
293 30
726 363
729 327
349 881
20 922
11 292
827 917
431 661
160 921
447 207
962 170
144 231
100 487
632 778
773 207
302 283
834 549
92 27
610 885
115 667
734 456
886 512
395 958
685 908
925 774
296 352
912 397
389 521
902 490
626 911
163 781
498 131
868 167
263 335
76 974
318 571
537 716
723 18
422 460
199 592
573 680
767 385
131 907
568 72
133 392
693 13
777 843
204 282
350 292
739 473
354 109
199 742
122 774
567 962
346 871
246 670
479 279
719 218
85 695
973 183
636 18
923 646
516 416
773 384
518 934
367 530
374 386
263 72
961 716
251 43
335 170
424 955
652 962
915 342
669 797
430 862
528 162
931 366
9 439
327 592
423 306
435 143
834 312
962 490
565 348
836 19
597 576
489 887
70 696
791 512
977 790
152 329
350 176
555 933
657 897
35 182
665 648
766 787
504 881
45 329
857 554
862 929
828 999
75 331
652 801
453 376
296 371
914 491
478 59
675 634
834 715
183 789
59 619
817 44
706 145
948 253
334 930
243 812
388 947
367 483
639 16
531 310
76 197
338 88
286 534
943 470
258 636
182 930
801 98
598 501
165 983
665 810
836 562
133 174
944 596
93 951
170 822
584 259
148 648
488 244
333 134
973 508
509 400
59 689
418 821
349 962
346 616
870 752
109 5
421 406
330 112
654 47
587 58
803 110
379 631
87 267
251 585
874 577
730 346
480 952
956 678
583 606
324 69
507 764
34 679
118 802
237 971
846 482
816 322
413 742
625 999
632 581
427 32
447 603
687 668
232 281
263 919
623 831
802 925
892 935
859 938
551 207
703 578
118 427
370 955
422 552
177 589
968 781
99 636
475 543
705 393
639 459
499 369
158 372
258 604
568 883
785 731
273 195
156 937
843 784
770 771
962 891
255 499
800 97
539 927
374 460
394 108
799 201
604 72
295 646
400 150
564 596
186 43
99 823
917 357
634 881
429 124
381 108
799 225
313 814
992 670
804 877
245 441
125 801
779 425
782 279
406 481
203 510
450 866
723 428
374 770
232 320
140 127
897 428
219 404
152 661
474 913
47 43
943 841
294 772
26 358
685 923
603 780
15 190
101 339
37 706
816 220
761 147
409 881
828 960
737 445
469 225
553 487
277 298
657 962
668 949
699 10
100 865
452 485
821 781
226 156
748 24
767 306
151 281
516 71
772 994
566 615
125 692
50 194
666 297
122 51
638 210
915 67
102 976
999 67
453 559
271 434
999 437
459 771
854 615
76 62
379 303
107 361
250 698
853 196
835 90
794 71
918 312
960 522
10 872
682 8
910 145
984 570
573 836
983 383
368 989
795 62
175 673
729 266
786 559
977 749
422 681
154 399
741 149
400 339
42 954
960 801
882 264
230 273
23 926
693 707
210 771
992 62
32 497
597 930
894 507
889 433
801 424
464 776
924 804
426 260
942 953
64 295
75 221
856 333
873 583
302 841
978 550
686 188
92 207
547 515
569 2
501 784
995 692
934 843
240 406
711 112
146 509
788 595
514 467
381 554
544 686
504 108
821 58
735 212
387 601
426 676
626 98
777 270
102 265
15 962
342 552
99 627
778 700
892 749
409 12
576 44
782 873
31 215
81 825
599 914
905 7
493 720
166 123
631 131
243 170
823 313
472 161
782 222
255 959
983 439
107 957
1000 318
703 656
475 141
905 208
857 334
833 506
439 451
758 130
230 844
358 67
122 341
179 200
115 269
382 606
819 502
334 488
682 522
386 747
324 330
500 187
145 18
598 958
553 824
916 49
960 963
993 439
679 440
982 805
251 294
402 643
130 390
118 253
56 397
273 991
231 709
861 624
57 660
710 817
773 419
290 215
230 321
389 455
24 211
767 578
820 892
471 331
743 731
893 368
995 637
589 566
20 725
58 520
215 112
756 593
650 888
201 443
102 208
894 876
92 579
330 713
391 630
263 460
552 467
480 15
992 963
819 372
343 762
682 542
188 218
129 611
479 601
831 133
296 985
403 429
153 535
711 46
849 218
15 225
198 107
977 619
326 50
596 157
474 156
219 353
664 311
141 930
232 254
296 527
759 467
148 386
31 194
708 174
137 239
446 824
773 588
908 472
117 865
893 738
109 55
477 451
271 644
620 401
299 210
956 654
830 448
729 29
301 248
963 930
759 288
426 259
20 642
401 621
610 464
639 24
677 336
430 778
26 69
249 256
477 230
867 668
534 838
107 733
622 120
587 116
750 341
76 334
803 559
635 462
247 734
834 602
631 191
567 437
648 89
998 648
685 774
410 739
445 909
110 142
29 611
351 797
158 39
751 957
186 984
441 661
245 713
18 810
338 487
365 294
865 757
945 854
734 504
474 1000
431 710
432 274
986 454
8 510
10 329
284 412
875 199
374 95
4 881
647 731
569 53
671 144
549 709
291 153
672 797
310 641
820 144
256 606
240 864
360 621
93 313
919 577
857 695
464 61
947 490
984 701
490 560
463 23
710 230
154 509
758 824
887 812
922 174
486 373
354 228
830 377
327 572
37 563
30 822
684 411
61 527
203 149
102 682
956 16
454 928
229 577
741 240
535 362
80 817
568 549
430 673
130 166
120 763
398 858
729 175
426 964
310 400
944 627
479 798
620 750
63 757
50 774
170 176
436 95
3 660
561 96
620 403
756 933
202 858
61 548
944 871
166 97
516 78
748 697
851 91
729 584
702 77
107 739
81 700
893 344
497 613
776 612
972 719
465 335
542 392
102 778
242 985
997 640
766 702
432 588
452 359
215 219
720 771
959 23
731 433
255 51
876 435
338 67
302 7
177 871
633 570
697 283
829 503
658 153
941 499
249 525
888 435
397 667
557 473
604 764
211 522
184 253
752 362
445 196
767 214
374 190
247 180
564 351
855 927
765 655
398 786
813 971
351 168
794 364
622 57
3 755
99 609
164 90
555 536
868 368
89 588
160 64
610 58
563 242
526 604
910 633
478 864
841 27
299 26
464 334
964 14
34 210
800 240
424 207
314 937
859 603
642 476
522 754
715 864
335 901
704 97
524 321
764 733
862 907
412 762
363 443
915 699
29 8
356 66
820 397
890 595
114 63
505 52
782 830
386 196
876 190
184 818
349 855
134 662
662 67
50 212
32 116
340 658
232 822
228 842
793 144
920 732
136 637
730 386
374 925
349 904
783 173
601 96
399 391
724 858
152 461
770 982
782 167
266 117
816 516
123 261
683 165
526 964
608 576
369 372
398 444
615 901
665 797
726 568
22 467
334 571
612 106
41 594
228 120
322 961
293 119
57 904
163 864
686 118
379 330
682 756
637 433
964 298
332 841
820 885
809 494
693 384
566 161
146 501
371 755
643 681
783 201
324 692
388 767
783 999
273 71
478 170
153 383
153 933
879 528
916 315
799 584
106 41
946 196
954 297
422 128
541 670
567 472
957 539
507 802
119 615
995 687
46 191
264 732
20 342
160 297
993 124
553 187
886 98
166 412
421 300
354 942
343 877
364 774
404 907
436 594
122 319
150 854
227 756
551 538
587 260
705 412
296 994
538 377
251 983
486 67
926 476
484 27
857 191
957 434
412 377
579 328
941 197
409 108
369 131
159 413
438 229
967 899
459 670
676 261
394 789
533 111
965 764
324 576
507 473
529 357
474 487
699 469
923 750
465 430
482 682
351 411
845 614
762 611
589 73
819 97
478 755
766 269
742 866
870 678
941 880
170 225
542 86
96 182
272 755
924 191
115 757
968 499
293 533
120 498
471 39
563 23
701 679
771 362
99 121
252 581
34 796
908 970
221 18
399 765
986 605
944 865
356 830
863 179
234 713
497 86
855 819
178 952
154 197
198 110
493 223
643 864
512 619
680 784
42 641
519 158
369 619
430 792
261 366
38 409
378 56
326 217
464 842
148 317
494 579
600 169
181 295
607 266
171 976
159 282
358 991
2 428
826 634
986 318
294 957
626 46
544 349
697 925
420 847
687 935
943 902
386 399
419 417
166 410
885 606
941 330
732 655
829 72
340 513
600 181
59 60
676 485
717 716
810 571
794 28
465 208
239 757
806 331
996 380
401 885
608 877
375 231
737 289
924 580
266 98
589 469
847 594
625 550
44 440
829 188
37 831
475 179
274 550
474 822
609 932
705 295
408 866
522 44
515 594
230 246
435 550
643 274
846 319
209 673
91 854
288 21
956 525
999 724
756 14
279 709
999 305
21 487
26 866
409 810
642 359
32 808
750 89
243 955
966 571
152 452
566 982
895 760
522 841
9 601
852 354
638 935
547 239
789 320
228 628
203 707
737 681
20 811
625 583
241 535
282 437
97 520
769 980
587 283
324 475
65 455
572 851
884 269
450 442
334 181
185 888
663 845
296 436
101 851
656 116
152 930
894 47
302 706
649 738
154 17
881 974
55 615
577 689
509 92
880 473
990 936
409 281
21 179
661 196
351 499
241 715
664 23
268 10
914 187
858 248
248 532
229 83
135 648
22 360
65 9
495 273
470 550
134 741
339 424
714 150
556 60
236 269
68 449
387 276
528 636
363 417
7 839
121 707
909 488
521 510
998 127
673 451
62 891
180 49
817 470
834 105
166 29
419 162
979 837
184 368
539 889
492 789
328 982
284 577
523 86
433 678
204 568
647 382
965 105
99 314
794 55
585 40
754 548
400 917
125 461
656 805
90 690
759 699
750 472
278 223
48 899
752 121
115 311
817 504
665 46
65 97
425 302
484 709
365 765
395 361
65 238
537 393
918 780
950 55
450 272
268 271
426 740
343 244
165 110
641 278
975 5
403 997
522 128
878 988
598 269
743 636
634 112
100 749
432 387
452 694
975 831
748 238
903 90
26 180
153 606
464 928
978 452
590 254
215 313
292 677
776 552
850 576
318 157
289 372
333 636
648 316
163 360
396 778
579 206
799 453
915 650
237 897
983 355
990 457
772 755
767 966
119 777
763 733
739 520
353 843
675 521
656 413
381 858
988 928
246 747
430 305
831 256
851 700
726 884
72 321
828 663
486 73
648 877
124 930
735 343
254 690
834 887
101 814
276 56
972 585
262 845
730 42
828 286
118 460
890 414
533 90
761 150
972 201
917 383
469 536
408 731
257 370
347 732
60 594
861 366
996 854
420 116
596 487
394 132
151 200
905 527
26 905
729 890
450 346
706 619
725 336
798 271
445 269
409 902
183 818
204 763
589 975
217 929
516 442
765 345
37 315
676 723
406 248
76 746
980 353
77 560
197 982
243 67
715 207
251 436
802 456
953 382
886 604
516 117
600 377
266 357
618 244
316 949
189 313
880 112
577 175
70 188
755 985
845 317
136 695
295 182
469 69
289 971
600 271
299 197
30 481
482 283
268 318
1000 757
326 221
667 891
649 841
155 149
8 417
16 971
154 29
744 301
203 641
777 665
545 540
794 739
477 315
164 287
783 9
88 170
320 90
702 630
684 667
911 797
114 981
600 552
145 440
495 769
703 331
769 515
460 444
20 508
502 145
331 437
896 578
421 930
222 663
794 552
356 236
418 798
931 951
167 618
412 157
185 343
222 588
87 670
573 451
38 103
405 435
908 537
214 174
423 845
859 52
204 579
687 320
593 616
76 669
635 912
402 147
73 89
602 382
237 958
364 688
431 278
535 927
660 303
849 940
296 662
879 638
158 949
800 533
795 491
908 969
283 141
898 629
730 217
674 427
659 115
233 147
217 229
555 313
923 479
249 301
9 114
753 470
589 713
375 505
757 966
278 512
376 269
120 280
583 313
217 878
718 415
561 440
967 182
620 580
343 917
38 26
310 302
691 757
11 597
897 285
402 78
148 217
686 13
446 230
900 231
480 143
691 796
79 631
975 420
398 540
168 745
707 392
995 581
224 105
579 907
796 646
918 719
106 124
379 396
910 814
919 386
731 506
539 595
188 971
894 264
340 142
766 931
432 714
820 271
59 920
581 467
855 449
604 448
462 220
417 644
931 529
205 209
409 857
449 43
853 627
32 511
12 147
900 295
257 105
103 595
172 231
624 939
673 644
888 831
596 244
321 939
671 132
313 673
237 28
727 840
777 281
477 584
358 498
17 115
118 56
835 962
365 988
741 353
326 892
166 555
45 289
475 60
579 246
522 382
599 457
47 199
669 749
493 678
774 844
816 959
979 577
580 457
177 764
24 884
403 574
656 288
229 664
290 457
118 988
315 147
848 495
339 451
213 79
75 328
674 270
635 772
394 756
445 595
478 162
394 447
456 928
626 904
354 373
192 672
784 206
137 735
408 725
421 841
735 22
77 871
857 672
565 809
144 225
299 379
205 206
152 809
737 502
943 97
981 97
622 312
138 95
997 215
197 571
119 528
883 575
526 696
385 476
786 518
482 847
442 706
565 267
792 536
422 547
225 985
502 483
444 548
828 991
878 29
211 917
402 686
566 436
107 95
251 860
782 565
696 662
408 893
459 84
515 30
374 972
598 554
457 139
307 836
592 200
284 66
443 311
555 12
873 913
730 414
718 825
710 878
609 980
639 889
747 12
886 261
137 46
649 596
984 613
235 134
291 848
937 66
201 765
607 927
837 713
268 920
381 839
573 753
567 215
253 366
954 636
573 112
331 678
862 437
100 549
979 819
682 24
734 173
604 73
887 619
116 955
138 970
601 781
450 366
399 890
294 243
167 866
703 903
171 528
133 606
178 21
880 637
580 558
623 947
93 98
604 602
129 882
479 538
464 454
875 819
811 107
859 695
138 712
507 577
25 633
852 986
205 877
828 144
302 475
234 528
480 251
643 796
280 814
108 512
327 2
97 244
485 309
447 792
219 854
875 223
163 90
499 554
99 453
340 515
151 153
764 417
340 565
270 532
726 324
768 393
154 280
389 584
680 55
517 73
57 648
197 831
296 274
648 434
291 343
62 85
998 337
664 901
680 989
791 892
978 300
857 253
879 323
923 418
563 866
783 338
775 681
702 231
637 39
246 271
212 805
813 392
402 637
465 328
447 256
385 91
214 988
360 833
136 839
590 281
236 787
504 285
508 372
99 901
642 509
816 339
122 975
609 936
494 763
513 223
610 527
604 872
791 5
551 866
466 583
210 48
16 49
164 616
327 496
527 762
651 621
141 955
547 412
876 392
579 929
295 668
993 264
62 724
205 925
247 272
39 712
72 871
501 345
990 679
816 731
898 999
354 672
786 331
857 403
614 397
439 13
691 844
895 78
224 134
773 48
263 39
587 194
849 546
909 732
148 429
234 878
715 221
15 13
876 128
596 200
717 618
486 594
255 825
691 497
350 788
296 649
942 116
859 577
373 195
409 742
466 615
804 592
802 581
87 369
333 39
559 708
569 975
465 808
159 309
786 513
740 974
975 727
263 985
278 157
873 377
10 498
426 845
663 539
68 306
259 71
469 872
569 927
725 615
868 274
778 824
379 36
185 462
45 315
231 176
11 867
647 488
477 936
533 366
556 711
80 417
941 439
166 377
642 397
763 554
431 139
864 700
50 823
117 869
460 850
626 248
118 539
558 133
307 212
620 176
957 6
302 77
4 551
324 961
589 355
392 303
882 790
331 90
625 3
579 376
619 127
146 742
534 488
926 179
159 669
75 147
405 191
136 91
879 285
507 103
617 606
629 417
37 914
786 278
432 75
835 109
729 86
47 5
411 576
65 622
171 401
733 206
995 4
908 351
828 156
412 789
151 338
301 901
113 667
107 73
958 12
363 814
772 987
555 271
211 591
1 585
671 165
772 605
432 271
17 180
1 419
322 276
291 194
205 753
403 756
533 181
167 98
268 264
642 13
322 636
656 576
154 366
100 909
446 734
286 991
450 2
540 501
943 132
566 659
178 925
458 329
335 627
294 984
888 161
276 362
914 210
674 218
42 937
265 126
464 893
752 347
67 317
203 962
736 463
960 333
792 928
302 230
252 677
959 672
80 733
472 909
512 655
154 494
384 739
42 486
91 105
494 833
150 882
665 317
828 108
129 371
920 174
38 977
230 252
874 188
159 907
880 632
81 574
999 411
147 824
437 688
593 854
166 988
654 645
138 376
471 966
350 439
177 706
730 521
182 297
750 180
293 984
743 329
152 87
439 732
210 457
148 410
422 87
893 329
418 904
580 339
448 355
32 256
654 256
80 106
669 207
704 926
658 82
313 18
211 504
923 540
43 673
252 406
941 513
306 952
134 383
553 810
752 510
816 317
272 174
718 497
286 2
469 66
452 823
771 891
731 488
197 252
32 169
538 530
766 596
311 928
466 719
299 171
983 377
156 901
647 225
22 869
102 25
404 989
544 650
68 752
693 899
720 110
235 535
494 147
801 955
333 376
589 917
480 314
332 248
579 577
294 164
430 884
674 265
766 45
908 678
828 614
309 441
373 536
831 362
984 441
117 353
647 108
857 83
848 310
260 878
315 253
445 329
204 245
336 321
648 797
126 105
513 157
213 168
888 194
823 267
171 320
775 613
382 406
786 98
541 595
446 878
172 718
727 352
671 300
1000 44
115 660
921 677
349 364
420 487
981 967
645 69
542 705
943 998
167 235
132 523
643 808
778 440
612 320
649 443
956 429
724 248
126 945
214 194
342 631
926 376
471 218
763 487
74 553
674 129
834 760
117 592
632 10
831 352
388 407
861 116
621 244
747 813
999 283
256 784
456 175
237 319
144 884
400 384
249 652
890 722
251 933
274 869
350 264
134 661
728 946
993 677
186 819
957 373
765 259
864 218
10 591
676 374
52 706
950 679
81 233
38 703
855 872
280 173
826 677
634 131
11 78
625 209
968 727
653 930
239 491
299 250
449 595
38 196
274 839
966 615
704 126
649 528
235 892
160 3
960 994
353 191
842 467
832 352
271 722
586 275
283 933
911 443
463 443
241 689
495 806
50 234
164 179
960 534
932 788
906 780
735 559
919 553
725 878
751 679
782 822
958 866
802 449
304 593
897 536
740 369
456 168
375 106
637 660
734 437
248 195
684 64
766 854
184 436
716 989
898 58
51 275
148 238
977 821
910 845
869 355
160 7
188 46
988 745
873 401
160 315
509 688
492 567
545 91
381 640
415 89
581 27
684 919
567 582
537 288
402 129
45 145
331 938
629 737
425 202
876 288
90 872
654 16
957 287
528 147
436 591
915 366
271 329
293 737
741 719
979 37
361 771
580 761
159 473
76 723
496 116
470 755
216 823
868 406
448 723
979 185
681 548
122 452
662 164
913 123
514 19
913 636
80 727
852 757
290 548
361 778
643 9
32 618
777 462
775 121
381 212
848 344
942 308
787 18
924 753
772 147
643 121
138 156
728 366
464 323
617 289
459 991
650 944
541 49
203 813
870 25
396 411
645 641
442 872
284 277
526 535
114 494
642 48
679 218
919 637
743 751
85 840
288 274
691 628
125 366
326 188
956 596
612 632
741 89
645 962
93 356
265 595
415 95
432 182
163 250
767 615
286 404
295 678
135 866
209 966
776 167
119 265
523 926
154 340
970 441
354 91
666 244
307 714
470 404
243 504
635 401
283 708
992 773
188 595
533 761
743 832
604 881
628 223
965 772
540 555
652 120
423 126
226 976
443 6
418 328
751 306
277 521
462 194
373 393
542 958
897 370
299 691
551 615
358 592
746 893
89 269
82 939
102 598
93 774
787 738
857 116
35 53
874 403
389 800
803 640
276 112
495 187
670 680
545 845
806 424
807 414
529 946
905 86
406 611
603 548
724 882
52 738
748 119
385 158
610 131
246 926
679 337
725 170
613 760
855 991
254 357
47 575
935 397
32 929
851 23
767 549
484 786
255 372
626 373
528 127
328 680
877 525
446 915
651 716
390 927
430 844
961 196
151 42
830 417
49 636
373 191
728 430
996 877
800 337
7 672
519 124
697 990
942 461
431 436
215 789
330 120
401 39
528 588
880 104
275 208
539 869
241 227
825 885
294 711
659 699
211 46
794 403
359 885
564 283
220 278
214 49
600 72
375 198
479 496
992 810
867 510
851 328
129 839
120 966
318 317
351 801
482 928
459 774
785 738
242 592
953 61
283 428
800 972
626 542
177 364
640 606
460 967
549 366
42 511
130 96
986 215
478 363
777 985
302 624
617 881
759 511
730 636
683 487
93 503
916 120
787 196
698 726
729 216
262 718
851 707
995 62
791 110
257 719
699 645
998 672
808 927
335 631
222 13
413 784
582 858
93 466
886 49
304 264
682 901
458 543
878 270
129 345
729 737
652 819
111 397
365 238
948 488
995 58
815 712
995 501
432 586
394 21
193 976
418 796
344 325
328 946
163 47
492 766
130 191
609 5
973 199
969 196
289 980
977 958
755 739
17 991
357 221
11 172
424 805
293 366
36 719
374 778
253 938
620 744
382 592
211 95
231 461
396 734
148 686
919 911
254 553
350 501
471 825
608 150
896 538
972 472
849 229
89 551
543 592
450 942
894 463
965 198
735 469
970 945
808 847
419 113
500 731
32 749
783 333
137 653
517 460
254 555
102 770
274 708
564 359
791 774
413 618
693 85
747 43
835 493
363 301
429 961
396 443
136 739
698 571
530 244
787 745
772 530
815 782
159 718
995 736
801 131
287 987
650 158
448 882
410 19
607 592
348 274
213 988
707 982
331 162
984 614
129 813
468 503
865 946
902 355
702 241
326 877
148 255
106 953
419 909
326 51
555 660
777 433
136 862
676 706
163 138
867 858
285 244
213 159
704 320
354 240
35 524
286 643
890 391
967 89
916 64
918 741
456 355
919 568
229 551
600 853
181 267
202 773
595 66
356 205
867 727
793 784
523 576
626 10
466 329
286 648
695 149
29 543
995 902
934 508
282 303
863 371
705 370
204 794
250 251
113 428
531 612
601 162
924 39
795 808
395 49
879 959
514 357
823 665
34 873
427 298
587 551
761 733
990 325
326 566
318 506
309 592
42 19
886 577
379 667
595 592
875 904
140 419
876 831
435 149
484 441
874 268
37 947
332 361
376 19
334 514
679 840
934 644
99 791
125 689
391 319
851 69
434 397
299 876
863 483
459 930
499 568
818 18
432 634
874 827
177 371
492 596
2 797
389 40
184 836
137 349
918 96
435 575
526 786
501 131
108 264
179 906
204 351
427 280
960 182
411 985
968 688
799 2
544 925
615 530
959 103
759 285
529 871
808 315
978 704
340 70
509 494
447 593
542 840
205 920
344 550
694 244
594 269
11 873
152 595
436 176
460 227
449 7
632 593
11 262
704 873
399 56
401 357
519 936
848 26
4 10
169 528
822 706
284 595
400 330
611 844
65 653
515 987
418 82
371 384
251 308
735 219
756 265
472 49
779 557
577 688
556 950
286 856
857 540
864 946
914 261
772 22
903 719
236 487
47 498
251 540
136 419
934 269
540 476
220 161
850 987
171 143
580 12
623 19
314 805
274 21
474 391
998 392
868 904
793 458
679 822
299 466
166 972
193 667
431 232
634 780
431 968
998 248
647 976
170 285
914 596
540 750
347 911
466 650
213 670
323 700
389 592
449 611
384 760
361 311
898 753
497 732
614 844
744 141
660 822
508 690
911 488
825 938
309 982
768 914
283 437
369 444
535 335
376 219
262 287
656 842
819 520
845 266
981 539
258 433
682 346
638 98
54 819
639 948
167 161
908 23
136 731
904 392
868 575
791 839
589 187
941 926
622 313
826 363
806 629
681 778
650 627
743 872
177 515
237 642
609 18
34 494
992 575
803 788
502 417
868 24
577 280
214 476
796 96
127 355
674 724
737 688
312 841
564 780
791 803
232 921
413 732
675 123
408 96
90 52
547 72
138 532
388 246
796 30
283 445
422 408
462 719
389 586
516 280
11 897
175 18
590 380
1000 873
926 934
41 72
229 476
711 16
227 239
88 238
565 448
296 712
31 73
108 925
137 771
57 527
246 712
666 306
112 755
300 223
240 606
243 195
666 19
553 732
34 997
246 788
236 385
482 666
925 200
908 779
254 593
779 999
210 591
693 523
458 126
422 50
816 922
951 371
800 563
23 139
795 982
968 305
659 831
647 506
587 241
951 630
76 145
124 383
761 819
533 558
136 843
818 866
739 854
995 18
331 275
186 141
294 813
705 72
330 339
855 176
251 916
632 58
439 397
607 930
464 421
793 110
129 645
299 878
90 843
390 522
856 630
164 637
671 112
87 719
307 167
717 7
222 290
687 267
375 83
62 869
169 939
299 894
248 619
717 269
421 58
112 451
118 670
229 666
853 644
113 781
603 678
29 866
859 550
88 666
316 722
517 518
516 595
87 79
981 858
9 433
420 903
577 946
962 651
519 231
34 490
182 220
868 518
267 893
764 21
833 168
681 930
552 881
214 627
865 56
31 562
50 802
386 670
744 740
283 352
238 173
547 946
123 373
21 611
370 929
803 646
572 731
940 841
228 550
242 325
978 357
122 718
3 69
148 723
335 437
266 91
555 615
976 223
81 974
589 641
684 324
96 164
402 765
477 653
886 881
301 510
878 401
882 195
652 672
652 442
979 600
135 555
565 462
851 753
983 594
965 329
185 747
87 2
563 636
807 853
526 548
136 442
72 989
713 220
62 161
181 278
366 158
708 615
148 70
736 467
531 624
62 520
304 571
589 202
363 714
679 678
664 644
863 305
560 532
996 732
905 930
41 669
334 243
148 266
545 339
937 112
736 549
138 809
243 952
60 323
464 861
859 351
831 336
808 739
816 974
453 413
480 730
865 180
988 417
915 72
471 709
184 811
898 218
799 498
490 437
628 548
408 593
185 325
234 285
464 313
296 692
294 716
711 724
81 170
730 527
962 528
915 957
696 502
564 527
62 986
972 486
197 78
44 18
852 998
116 278
930 84
335 175
339 781
236 613
618 928
958 273
834 360
573 603
446 928
375 813
504 680
322 539
431 644
189 980
332 745
672 269
559 195
624 901
779 648
486 265
590 82
828 368
634 774
148 743
350 291
726 673
609 592
713 127
942 755
684 53
152 585
280 912
868 605
951 306
769 899
729 245
775 612
219 925
937 678
528 242
856 945
302 397
486 631
931 511
534 497
549 305
471 892
874 789
171 458
777 78
746 725
878 266
876 72
459 741
295 5
321 488
574 613
959 304
88 455
856 633
58 84
536 311
409 19
67 173
3 602
916 767
177 15
331 854
594 667
800 725
604 347
726 114
763 345
978 605
886 796
5 550
932 797
579 723
518 949
892 46
663 219
31 981
728 984
767 281
789 48
684 637
894 9
533 661
603 10
143 716
438 853
499 543
800 792
737 970
779 476
420 282
438 448
459 488
561 455
209 763
58 738
57 401
932 984
183 485
222 378
213 803
827 665
263 834
462 124
31 493
782 411
33 760
106 145
973 674
192 377
494 866
868 723
371 594
177 567
911 689
792 208
607 720
676 515
214 458
135 50
640 667
785 636
112 982
516 784
370 377
367 532
265 869
171 646
775 163
674 417
851 139
116 487
119 471
545 772
251 424
876 520
81 967
185 652
163 893
917 513
426 360
762 393
166 439
734 945
68 384
45 614
791 745
556 648
826 648
626 847
725 678
830 358
769 927
277 84
791 983
291 857
148 337
509 737
100 553
214 147
429 860
356 786
335 242
509 501
117 311
624 839
579 742
464 891
237 32
80 421
58 510
863 568
63 593
863 552
388 355
364 989
648 378
692 433
356 155
420 985
326 748
42 187
419 239
802 596
171 813
439 619
786 957
402 790
351 603
410 708
125 710
114 443
10 745
608 95
49 939
798 6
237 951
408 388
717 78
315 406
38 18
227 576
535 838
984 373
360 929
879 814
69 927
240 315
580 731
417 616
198 961
895 223
634 994
195 945
968 330
896 330
820 666
338 141
610 97
997 112
81 885
697 689
452 67
856 701
477 791
851 576
829 442
851 417
350 664
81 461
396 670
579 824
827 149
776 544
826 576
635 407
290 295
825 323
924 107
121 126
459 823
91 844
565 42
765 410
750 961
723 355
232 633
985 149
266 904
645 361
493 751
902 319
600 343
768 190
64 605
590 386
199 838
23 738
166 921
493 948
132 693
531 658
666 332
453 46
331 116
987 329
908 374
382 907
918 703
556 113
623 512
34 415
371 920
608 451
183 223
795 919
914 280
807 173
68 435
31 70
622 301
379 212
391 461
518 606
141 442
422 334
152 542
249 316
243 305
626 227
966 127
669 936
278 90
293 277
509 533
29 126
254 558
794 605
154 334
566 971
399 360
597 740
608 358
412 473
757 190
619 437
942 330
883 974
406 503
37 520
855 838
517 140
125 151
545 71
775 57
201 461
17 523
443 810
175 530
170 437
505 946
827 768
895 487
505 861
811 847
50 82
148 633
584 749
205 440
216 474
983 781
507 716
132 559
88 334
799 386
258 946
458 533
416 433
674 497
293 473
926 562
224 528
517 814
336 191
900 813
864 18
198 683
495 169
698 157
34 822
255 478
160 585
996 747
919 521
146 997
489 725
340 109
450 228
494 592
766 468
175 814
386 897
3 246
459 466
79 982
262 798
154 849
578 616
408 456
857 953
711 406
830 985
702 583
193 862
212 740
698 285
748 637
497 313
197 424
538 195
380 645
943 880
107 905
259 49
204 288
100 991
128 323
90 483
766 506
647 310
587 47
79 768
425 892
225 723
747 631
483 18
374 527
153 278
446 719
488 461
263 337
430 147
224 448
228 780
821 936
770 243
807 535
940 134
657 796
160 145
15 471
639 318
228 926
45 461
794 831
822 207
948 332
726 197
229 414
796 124
20 974
535 377
654 523
501 539
541 561
806 261
801 692
209 611
346 606
312 317
338 985
293 993
221 784
811 732
676 935
102 939
620 25
95 592
993 814
709 345
245 718
992 158
477 232
343 174
300 269
997 413
801 529
299 377
151 484
609 880
809 467
758 85
584 317
457 887
24 757
395 574
931 120
216 248
828 12
316 71
747 378
711 244
793 851
216 983
978 756
785 85
430 367
691 56
454 929
863 784
93 428
969 613
746 810
887 455
416 231
491 12
770 550
237 719
198 141
981 264
986 913
125 225
825 627
942 73
342 385
436 678
204 12
799 238
757 30
395 4
568 836
894 932
501 774
924 725
134 303
237 161
364 397
794 182
729 562
92 502
922 129
856 331
395 567
805 173
569 201
322 170
346 285
749 644
685 879
977 666
395 359
222 83
646 58
89 554
186 451
310 521
725 522
614 285
849 878
795 276
736 238
967 401
403 563
577 690
658 498
897 78
715 218
516 215
454 352
849 565
427 162
150 162
177 186
533 606
465 181
722 7
84 955
526 199
175 644
634 239
578 485
529 646
508 353
405 461
380 518
799 532
564 866
93 413
465 655
783 830
924 891
24 39
687 847
12 840
482 552
283 850
865 669
547 53
202 678
495 22
432 123
62 317
422 645
1000 197
863 940
198 800
309 443
165 536
33 640
322 100
722 593
268 577
322 813
742 56
994 113
909 208
34 49
38 856
232 806
132 28
249 950
769 115
902 320
704 568
262 757
857 622
750 85
653 169
913 738
830 836
878 737
814 196
295 581
222 554
975 906
727 842
939 525
129 504
305 353
920 315
249 459
966 891
51 254
818 207
249 888
363 554
351 762
791 551
766 73
450 802
151 644
334 754
53 986
150 297
54 488
438 397
220 506
635 241
400 503
995 598
709 934
976 877
717 676
532 377
638 44
391 180
208 784
634 201
515 838
252 372
956 575
815 427
215 853
973 318
863 368
676 952
157 712
346 646
80 304
975 595
664 348
495 611
985 105
376 733
320 276
88 614
100 727
17 813
222 308
169 660
589 986
604 243
532 839
358 582
450 383
429 552
564 214
694 107
237 953
478 963
585 306
801 855
671 205
626 279
924 923
944 318
144 747
922 707
453 654
924 414
795 940
235 192
211 406
66 404
185 886
94 603
611 550
806 41
894 734
114 308
150 907
633 240
289 821
436 27
470 362
119 268
807 133
809 559
767 931
286 946
965 280
134 179
698 324
757 443
394 575
756 315
78 824
293 757
376 906
335 790
684 169
968 115
602 677
330 504
474 231
714 974
922 692
973 646
397 949
544 407
625 753
305 520
228 555
166 384
204 748
696 371
37 966
625 42
947 267
932 289
846 505
36 716
50 796
62 470
437 161
486 805
501 716
968 575
583 448
523 461
578 384
718 112
994 557
945 437
996 225
635 712
86 441
99 924
433 595
534 640
743 471
999 25
388 415
307 111
425 384
380 211
710 173
68 720
718 186
163 827
951 574
34 871
456 966
152 895
106 732
399 490
255 898
459 530
17 528
868 707
183 318
753 397
891 18
746 656
479 128
805 810
596 844
782 662
121 872
368 745
527 881
378 615
756 270
953 264
505 359
89 97
411 393
657 593
41 424
995 272
395 706
887 269
696 215
394 673
356 670
716 321
193 942
343 259
551 912
580 239
396 668
358 248
11 537
111 841
519 764
76 374
450 356
536 190
684 345
339 195
819 928
405 162
387 188
93 677
957 439
322 472
209 306
876 731
189 939
603 442
379 105
657 84
471 925
380 985
196 317
794 859
484 533
730 47
204 175
229 887
729 587
915 791
545 591
886 359
547 208
26 110
920 909
769 988
867 172
923 107
241 120
859 416
379 931
258 312
664 762
531 523
608 920
835 254
564 173
629 947
187 613
432 734
333 927
101 945
592 571
393 417
573 119
173 797
32 282
689 141
565 540
478 863
677 678
342 613
622 760
953 454
724 562
782 264
995 228
134 586
718 472
470 195
347 366
817 844
874 66
587 459
287 373
942 28
447 884
247 253
288 581
587 51
400 360
984 527
993 534
284 863
705 753
155 521
458 268
586 30
717 860
72 30
405 133
607 143
776 361
589 185
250 483
347 406
541 479
198 243
11 77
845 538
744 280
263 903
728 181
855 321
652 787
65 506
629 502
941 638
499 513
948 206
568 231
863 366
462 476
93 744
237 221
479 844
531 742
680 487
709 190
257 940
791 175
561 927
68 253
270 593
460 723
658 181
450 399
937 225
468 948
423 223
785 459
11 368
184 304
862 732
202 768
446 788
657 720
484 342
902 699
177 286
151 330
138 550
3 760
908 674
569 121
987 373
110 949
364 4
37 557
374 42
778 814
494 221
408 157
804 67
747 680
791 362
690 285
193 233
154 415
865 866
367 158
835 975
697 105
542 884
475 926
54 513
799 543
894 615
868 974
913 176
753 891
935 903
280 763
373 548
841 221
114 108
73 238
979 559
34 545
64 571
465 195
208 149
801 434
995 707
291 841
827 751
542 410
604 550
654 788
655 866
429 640
308 550
708 882
247 407
816 903
36 347
585 435
193 834
229 808
472 261
216 419
462 128
609 373
734 209
213 591
924 380
691 501
981 412
496 55
898 511
526 836
151 871
694 58
326 554
55 745
910 66
770 314
494 14
590 138
692 576
115 6
10 440
975 772
199 562
618 84
698 509
993 585
635 447
876 763
408 981
804 274
921 200
300 261
482 5
509 970
350 859
563 624
625 340
359 168
956 813
68 176
250 645
306 127
9 987
562 346
275 162
765 323
799 525
789 325
566 577
704 688
148 976
826 622
622 813
999 996
646 928
830 246
851 5
403 443
635 901
128 946
116 513
171 244
783 404
460 872
331 757
836 377
180 586
539 428
853 82
910 631
787 207
951 481
22 473
99 820
405 72
158 404
795 558
405 126
129 562
474 934
975 212
181 498
211 662
379 975
421 331
917 936
794 714
802 583
542 211
816 704
36 158
853 242
487 323
534 127
598 504
276 19
870 803
490 822
990 447
583 925
734 392
443 304
809 664
717 413
726 703
673 530
658 410
436 808
744 78
132 458
344 269
214 353
378 926
164 715
32 689
965 236
263 809
423 505
950 18
276 613
722 377
366 615
718 451
96 707
198 947
500 547
386 890
229 558
543 982
187 71
376 955
178 366
137 699
315 695
979 640
418 853
348 866
326 66
305 467
806 667
826 321
787 382
754 860
660 168
201 522
105 982
607 328
758 510
769 538
685 120
897 7
128 844
658 664
950 985
986 487
132 218
419 29
976 173
694 331
249 848
81 754
316 90
939 451
533 97
450 377
685 122
552 805
111 985
793 145
35 376
938 219
514 891
807 60
34 895
213 903
277 749
391 10
116 86
132 999
146 219
847 82
41 344
263 961
603 485
216 673
398 950
535 225
125 393
781 470
582 95
811 560
454 472
507 133
232 586
910 105
363 339
409 508
587 219
184 747
766 316
177 918
717 32
425 156
294 395
921 449
890 64
286 271
347 85
94 813
962 355
351 771
213 283
651 731
779 10
783 582
738 483
326 421
679 520
794 867
623 956
203 851
777 971
55 790
46 814
663 757
590 170
57 917
310 732
808 23
970 366
998 640
217 966
705 259
702 824
422 467
160 784
609 781
358 285
227 860
834 473
301 268
384 71
577 377
170 661
281 323
349 190
925 127
567 331
66 882
381 790
701 797
540 695
343 341
35 196
175 253
300 82
772 215
279 278
964 221
962 839
793 952
569 475
846 140
567 958
807 470
119 505
884 732
684 655
600 886
287 305
93 79
389 290
17 524
791 311
172 991
796 370
249 481
662 571
204 567
477 603
159 880
188 194
204 374
475 670
471 723
430 451
564 248
1000 434
766 888
523 560
997 105
996 260
379 887
957 231
936 161
31 143
126 208
302 486
42 371
88 419
492 542
363 153
390 944
477 898
151 108
85 90
555 298
541 89
494 218
145 131
466 812
507 444
50 471
757 688
765 287
957 141
642 627
146 832
931 593
417 404
361 838
743 850
183 165
329 946
627 550
717 611
612 221
993 787
314 127
17 856
903 455
953 593
564 813
990 267
381 712
214 786
808 5
880 157
178 914
100 911
480 65
526 380
623 518
216 772
25 670
707 582
722 838
149 907
484 847
645 621
986 581
683 259
198 763
999 246
950 162
452 486
450 657
394 698
378 417
94 131
183 472
517 707
609 254
296 683
185 51
163 466
500 155
58 190
65 732
103 115
779 491
239 640
156 123
925 157
245 735
184 411
597 958
999 944
347 970
936 218
870 714
185 359
618 805
224 577
696 5
564 15
408 432
614 616
479 467
832 679
356 913
166 276
507 882
94 118
782 980
684 828
109 30
816 182
856 594
827 226
342 745
748 792
749 738
102 708
294 233
516 593
53 48
216 75
956 932
758 209
617 738
526 4
474 668
169 680
303 790
873 353
856 328
344 414
612 752
8 343
856 618
981 441
553 190
743 661
472 864
197 554
806 396
849 652
432 560
387 652
232 701
761 298
995 971
432 607
686 71
110 928
743 164
146 330
231 513
851 207
608 966
165 551
347 649
579 97
751 211
81 393
215 891
638 242
995 278
205 427
857 218
617 553
518 366
266 712
142 157
563 970
436 706
434 308
990 126
215 483
839 946
136 642
623 882
160 543
589 749
426 580
800 461
152 349
853 832
998 520
314 769
787 487
5 822
618 513
836 285
152 381
590 334
394 30
489 611
748 722
702 561
484 843
568 577
610 77
614 191
388 424
701 680
229 37
921 21
456 393
768 584
296 358
659 714
466 451
444 700
186 491
327 707
943 508
526 987
268 844
533 73
761 341
288 595
737 854
459 646
478 797
395 913
980 906
408 580
904 67
42 525
446 692
731 843
44 451
284 310
243 445
885 84
29 412
309 552
423 297
51 559
649 131
567 912
965 543
577 532
435 688
581 586
605 176
310 403
519 347
2 552
213 5
837 149
51 738
203 582
819 707
919 347
455 325
49 6
68 506
11 803
241 925
908 171
452 534
474 380
35 366
477 599
828 307
354 497
743 207
423 734
638 485
995 910
647 934
29 864
401 974
682 571
284 436
400 341
92 103
136 574
748 891
148 962
689 592
87 813
815 518
711 513
682 621
894 254
384 575
224 575
241 392
77 976
338 894
921 16
932 104
845 210
383 640
534 207
45 570
758 33
632 742
968 80
99 832
705 677
458 121
715 113
581 708
682 243
772 912
371 585
151 421
612 872
761 667
685 461
228 627
283 6
794 576
635 810
201 885
144 106
1000 991
333 241
258 499
164 574
791 212
385 712
379 374
978 657
710 892
249 225
725 833
471 319
468 933
64 391
38 807
284 871
952 822
478 195
867 935
224 648
998 210
898 506
334 528
400 970
32 209
836 445
958 741
144 16
942 646
676 919
703 100
284 259
600 631
288 435
294 485
782 78
546 483
405 912
639 999
171 793
827 716
863 807
2 813
685 573
683 19
748 985
992 718
6 616
514 259
265 753
765 521
169 108
98 660
203 110
122 37
658 361
894 98
160 213
160 626
136 321
11 439
553 716
134 503
247 932
33 463
425 616
212 141
405 756
994 473
941 606
426 119
698 863
456 308
834 27
364 913
876 858
24 631
663 145
294 83
300 672
111 174
63 58
702 731
608 298
304 576
779 234
634 460
920 391
81 381
214 362
730 654
541 862
106 644
423 863
286 508
764 173
341 866
741 591
333 191
429 797
724 877
977 962
642 849
773 901
80 376
544 322
316 278
637 928
331 357
674 658
486 321
493 513
331 550
529 221
919 227
994 854
468 498
597 594
23 550
582 939
338 705
674 922
154 216
74 757
777 321
742 308
152 977
117 518
895 824
88 606
836 595
400 447
250 186
579 96
602 192
979 291
527 194
618 755
626 757
290 370
931 488
684 595
781 282
390 844
396 343
726 359
413 199
650 277
310 287
241 594
249 235
721 406
820 400
46 991
980 210
507 806
87 790
542 191
340 643
806 976
185 582
635 952
229 983
295 713
36 318
999 543
807 384
837 934
438 323
723 161
222 998
590 215
859 6
879 954
892 437
650 958
59 187
361 110
308 39
623 562
666 308
983 688
886 833
916 59
262 538
288 223
876 844
426 746
431 399
391 27
163 690
507 576
342 355
590 576
470 644
197 427
25 964
106 819
971 78
992 49
801 971
998 781
777 553
163 880
194 661
406 145
600 993
889 532
538 613
458 506
820 208
148 600
387 104
748 404
175 362
26 961
262 702
22 640
261 831
166 191
835 573
803 764
453 599
811 501
796 515
837 381
435 636
620 709
752 602
1 224
986 807
537 933
381 87
448 182
389 977
466 174
65 877
416 987
136 503
623 780
635 58
151 39
427 403
121 553
380 111
704 219
409 923
535 298
683 40
743 905
747 789
522 551
809 196
344 176
250 902
263 781
789 613
482 651
629 78
647 269
748 198
184 658
17 798
960 483
47 176
481 285
686 692
904 939
375 761
199 739
400 935
710 246
583 298
752 320
894 139
919 899
668 276
286 861
217 55
279 939
507 243
957 218
65 433
796 413
791 883
152 912
848 373
738 575
170 588
826 994
12 131
776 399
457 410
798 242
687 511
232 325
312 551
255 891
110 244
718 211
943 503
972 58
245 201
267 355
363 91
756 843
175 812
620 288
519 75
746 887
767 114
112 361
798 329
948 753
552 644
184 210
228 328
534 359
543 190
421 59
466 507
736 104
16 553
138 982
354 983
395 641
98 945
978 424
850 373
739 510
756 238
132 570
918 411
83 688
398 360
318 441
322 451
418 724
968 829
786 175
631 305
535 843
539 376
683 594
923 87
628 885
748 139
290 725
263 66
390 229
237 481 434 614 218 424 869 248 83 565 483 229 88 388 683 618 279 750 525 184 681 427 177 952 991 672 770 533 381 974 398 762 885 542 47 217 212 593 992 968 645 32 979 690 319 369 232 776 840 520
